0 0.9270403437500001 0.01618155 0.9189590140625 0.0160404890625 0.9226712578124999 0.032077260937500005 0.929896846875 0.0567793828125 0.93602924375 0.0601596109375 0.9270403437500001 0.01618155
0 0.8708977671874999 0.07428516406249999 0.8706708203125 0.0651880984375 0.8777101203125 0.065018615625 0.8758967609375 0.0561467859375 0.871336628125 0.05513435 0.8663504468750001 0.0467129859375 0.866493859375 0.02345444375 0.864240696875 0.015085378125000002 0.8468855765625 0.0147824421875 0.8463029671875001 0.020511534375 0.8527321484374999 0.0519662078125 0.8666673359375 0.0748857859375 0.8708977671874999 0.07428516406249999
0 0.7817760859375 0.0562307703125 0.782640996875 0.044488882812500005 0.78882179375 0.04278141875 0.7783891296875 0.0210244328125 0.7793503875 0.015078409374999999 0.7789636171875001 0.0135968609375 0.7603475984375 0.013271917187500001 0.76231950625 0.038244774999999995 0.7703415046875 0.056194345312500005 0.775890740625 0.062045962499999996 0.7817760859375 0.0562307703125
0 0.9510105624999999 0.1334554890625 0.9451937218750001 0.1342813453125 0.9410596390625001 0.1406778359375 0.9453736062500001 0.17243281562499999 0.9542198578125 0.1944150375 0.96379336875 0.19599517500000002 0.9510105624999999 0.1334554890625
0 0.8780762937500001 0.1280416921875 0.8725613078125001 0.11969540625 0.8649247000000001 0.1249293015625 0.8620130765624999 0.13198216406250002 0.8606814593750001 0.15208966562499998 0.8655927296874999 0.1787802359375 0.87777665625 0.20111851718749998 0.8800567234375001 0.2016247359375 0.8811828343749999 0.19648524375 0.8785109703125 0.18607543124999998 0.879904684375 0.174258465625 0.87852378125 0.15951569062499998 0.8824587625 0.1548073390625 0.88857105625 0.1580892109375 0.8874170984375 0.1524435015625 0.8835848734375 0.149667846875 0.87982115 0.1419028578125 0.8780762937500001 0.1280416921875
0 0.784328371875 0.13901843125 0.7849813671875 0.15552442187499999 0.7898647953125 0.171429790625 0.79243390625 0.18932360625 0.8018432140625 0.20873608125 0.8035944765625 0.2093173765625 0.8070691546875001 0.1996947671875 0.8056261546875 0.1766614578125 0.8127339593749999 0.171502640625 0.8090044875 0.161242984375 0.7966899609375 0.135603503125 0.7880985 0.13350355 0.784328371875 0.13901843125
0 0.9744193781250001 0.247982759375 0.970353796875 0.249389909375 0.9669754656249999 0.264808384375 0.9738649484374999 0.30117731718749996 0.9818248515624999 0.31083635 0.9863371203125 0.3062901359375 0.9744193781250001 0.247982759375
0 0.8833751781249999 0.2418204078125 0.8893034 0.2841353609375 0.8967687515625 0.29137480625 0.9063771609375 0.309099140625 0.9096869906249999 0.29867000312499997 0.9106610625 0.266164240625 0.9017527125000001 0.23589148437500002 0.8909154359375 0.23079064531250001 0.8856274000000001 0.2315414234375 0.8833751781249999 0.2418204078125
0 0.8014448375000001 0.2509628046875 0.7983962078125 0.267994340625 0.8015626234375001 0.2808237421875 0.8020507718750001 0.29652320312499997 0.8093855203125001 0.30046145 0.814667153125 0.312990540625 0.8201542921874999 0.310551625 0.821691421875 0.2754761171875 0.8158467343750001 0.2655167703125 0.814266728125 0.252462134375 0.8101390531250001 0.245578753125 0.8048510125 0.24632953125 0.8014448375000001 0.2509628046875
0 0.6995438890625 0.07454530781249999 0.7054849234375 0.0903005203125 0.707805646875 0.0750322015625 0.7032861718750001 0.058245225 0.70524294375 0.0438585140625 0.7015819765625 0.028609520312499997 0.6962660921875 0.018575096875 0.696056853125 0.0121497171875 0.6810153171875 0.0118871671875 0.680868684375 0.01246181875 0.6811919796875 0.02735475 0.6922433906250001 0.06811239531249999 0.6995438890625 0.07454530781249999
0 0.70298013125 0.144601921875 0.70208096875 0.15883847499999998 0.7098289578125 0.19674538749999998 0.7216553359375 0.2066854078125 0.7279260734374999 0.22405367968749998 0.7283649343749999 0.20490286875 0.732464765625 0.201001046875 0.7322035671875 0.19439865 0.7268255875 0.176073690625 0.7231924640625 0.1716099015625 0.7207197015625 0.15951195 0.7236655765625 0.14996441875 0.7216873671874999 0.1402860578125 0.7140914171875 0.129745415625 0.7094970328125 0.1312276453125 0.70298013125 0.144601921875
0 0.72051000625 0.2516645125 0.7205721031250001 0.2599550453125 0.725414875 0.29163495156249997 0.7370699968750001 0.31404831093749996 0.7428183359375 0.318211790625 0.744665946875 0.3245889546875 0.74566145625 0.3161482625 0.741437434375 0.303469015625 0.7448778609375 0.296341075 0.738936825 0.2805858625 0.740927846875 0.26370448281250003 0.738585684375 0.25490773125 0.734787709375 0.2496374109375 0.7242801359375 0.24614963125 0.72051000625 0.2516645125
0 0.66303354375 0.281403140625 0.6730894421875 0.33060147500000003 0.6751083078125 0.3245052984375 0.6826421625 0.3267554046875 0.68792379375 0.33928449843749997 0.6909660171875001 0.3355328328125 0.6910345203125 0.330543496875 0.683836775 0.31662657968749996 0.6818585640625 0.30694821875 0.68457749375 0.288303621875 0.6821325781249999 0.286990875 0.68031921875 0.2781190421875 0.6824686843750001 0.2753240640625 0.6800580187499999 0.271516646875 0.667537984375 0.260845175 0.66409755625 0.267973115625 0.66303354375 0.281403140625
0 0.6381021125 0.1546430234375 0.6433430859375 0.182946653125 0.6505408328125 0.196863571875 0.6536794015625 0.198907771875 0.656687375 0.197650775 0.6602990609375 0.1780494953125 0.656802940625 0.16360703125 0.6569741984374999 0.1511336921875 0.6507034625 0.13376541875 0.6449208718749999 0.13209660781250002 0.641713796875 0.1350417421875 0.6381021125 0.1546430234375
0 0.6248583562500001 0.0685502140625 0.6396242062499999 0.0822225734375 0.6415745703125 0.08111573125 0.6380442015625001 0.06916793593750001 0.6397333671875 0.0614587 0.63673820625 0.036155956249999996 0.633304184375 0.0300040265625 0.6304386578125001 0.0110043484375 0.6188196687499999 0.0108015375 0.6173158796875 0.01567529375 0.617735521875 0.036364090625 0.6203046296875 0.05425790625 0.6248583562500001 0.0685502140625
0 0.6261214734375 0.053432051562500006 0.6301870515625 0.0520248984375 0.6316428640625 0.0484984671875 0.6295961515624999 0.043809440625 0.6227217031250001 0.0447854546875 0.6226532 0.049774790624999996 0.6261214734375 0.053432051562500006
0 0.5504412390625 0.053219359375 0.5559155671875 0.077340184375 0.56971375 0.1102384359375 0.56826434375 0.1004849984375 0.569760815625 0.0811840265625 0.5722742328125 0.0775074421875 0.56214983125 0.0332984421875 0.5566690984375 0.0224574875 0.54969189375 0.030917504687500003 0.5504412390625 0.053219359375
0 0.5774330828124999 0.14001843125 0.57676086875 0.1633520515625 0.5821324406249999 0.1949568796875 0.5817620828125001 0.2091183578125 0.586157365625 0.209324265625 0.5900644984375 0.1938307125 0.5950570875000001 0.18897220625 0.5942049890625001 0.174154353125 0.5966905625 0.159692565625 0.5943484 0.15089581093749999 0.5849048390625 0.13397800625 0.579781653125 0.1355353140625 0.5774330828124999 0.14001843125
0 0.5971060203125 0.2575659140625 0.5995102796875 0.27465320000000004 0.620375609375 0.318167171875 0.6345505593749999 0.323624075 0.6346254671875 0.30535486875 0.626267359375 0.299072109375 0.6115485734375 0.256345340625 0.6020022593750001 0.24691154062499998 0.598795184375 0.24985667656250002 0.5971060203125 0.2575659140625
0 0.6062713828125 0.371625615625 0.614781528125 0.40527464375 0.625777246875 0.424461884375 0.6280573125 0.424968103125 0.6310652859375 0.42371110625 0.6305771390625 0.4080116453125 0.6343130171875 0.40499143125000003 0.642574778125 0.4054783265625 0.6384128484375 0.4010896125 0.6319023515625 0.401184015625 0.62483520625 0.3905682953125 0.6185366250000001 0.36241482187499996 0.6116000781250001 0.3551002984375 0.6073696484375 0.355700921875 0.6062713828125 0.371625615625
0 0.5461010921875 0.2822360625 0.5503808078125 0.3164857125 0.556685796875 0.3313593171875 0.5598243671875001 0.33340351875 0.562145090625 0.3181352 0.558848075 0.3020045984375 0.56073634375 0.2926072234375 0.5598499921875 0.2802840375 0.5574735796875 0.273981953125 0.5517594906250001 0.2673238046875 0.5485866671874999 0.26777427187499997 0.5461010921875 0.2822360625
0 0.52053640625 0.1837836421875 0.5278583453125 0.2142816296875 0.5322536265625 0.2144875375 0.5389353796874999 0.20191979375 0.5372311812499999 0.17228408906249998 0.531921703125 0.1489697921875 0.5224374859375 0.1478265265625 0.5198834078125001 0.167277653125 0.52053640625 0.1837836421875
0 0.493734228125 0.04732990625 0.4970590890625 0.074245709375 0.503130725 0.0933021203125 0.5073611546875 0.092701496875 0.5145374609375 0.08255334375 0.50906313125 0.0584325203125 0.5087740890625 0.041044921875 0.5048455140625 0.032473403125 0.49869897031250005 0.0316861984375 0.49654950312499996 0.0344811765625 0.493734228125 0.04732990625
0 0.4386486875 0.036062265625 0.44652727499999995 0.07727037656249999 0.45831299843749995 0.10298493281250001 0.4610255203125 0.097620209375 0.4574951515625 0.08567241249999999 0.45789976250000003 0.06901626718750001 0.4611410875 0.063576465625 0.4525902828125 0.0457019734375 0.450151775 0.0311093546875 0.44668349999999996 0.0274520921875 0.43858659062500005 0.027771731249999997 0.4386486875 0.036062265625
0 0.3948885703125 0.045594923437500004 0.3962009703125 0.06532703281249999 0.4042165640625 0.09655647187500001 0.40765058437499996 0.10270840156250001 0.41125586406250003 0.09638699218749999 0.4106649625 0.0881715328125 0.4146684453125 0.07847384843750001 0.41097963281250005 0.0524396515625 0.40520344843749995 0.0374909703125 0.40173517500000006 0.033833709375 0.3976695953125 0.0352408625 0.3948885703125 0.045594923437500004
0 0.3333203796875 0.0452068875 0.33020965156250004 0.0539478890625 0.33159055625 0.06869066406249999 0.33673518125 0.0911984265625 0.3449905359375 0.10496519062500001 0.3529910953125 0.0988496859375 0.34867712968750003 0.0670947015625 0.341218184375 0.0465753890625 0.3372211078125 0.042993204687499995 0.3333203796875 0.0452068875
0 0.460196271875 0.173430396875 0.46060950937499995 0.2073990625 0.46450383124999994 0.21846525 0.47038277031250003 0.225929928125 0.4746474515625 0.22283463750000002 0.47376110000000005 0.210511453125 0.480408603125 0.20043837656250002 0.477770990625 0.187533896875 0.48051776406249996 0.1796745015625 0.4768225421875 0.16692017812499998 0.469755396875 0.1563044578125 0.46466646093749997 0.15536709843750002 0.460196271875 0.173430396875
0 0.470424821875 0.29215039531250003 0.4788664625 0.33078875937499996 0.490624340625 0.3457181171875 0.494126865625 0.34688070937500004 0.4970384890625 0.3398278453125 0.4954991421875 0.310998671875 0.4987404671875 0.30555886875 0.4854989328125 0.28337074218749997 0.483554975 0.2711977125 0.4785345421875 0.2652710171875 0.473377103125 0.26932299375 0.470424821875 0.29215039531250003
0 0.424970765625 0.3019235515625 0.431536953125 0.3233995515625 0.4418111734375 0.3310701375 0.44240848125000004 0.3260057265625 0.43749079999999996 0.3125950265625 0.4344956421875 0.2872922828125 0.4350308515625 0.273937334375 0.4328192890625 0.2684417796875 0.4242278265625 0.26634182812499996 0.422772015625 0.2698682578125 0.424970765625 0.3019235515625
0 0.4006135046875 0.1667825671875 0.41047670781249995 0.2043891671875 0.4154286375 0.21530520000000003 0.422928240625 0.2200499765625 0.4237931515625 0.2083080875 0.41838732656250005 0.179197928125 0.4139642 0.16820681875000001 0.4080852609375 0.160742140625 0.4023026703125 0.159073328125 0.4006135046875 0.1667825671875
0 0.3464764125 0.17612864374999998 0.353564996875 0.210809434375 0.36548772500000004 0.22654532187499998 0.3650059859375 0.197565990625 0.3592362078125 0.1693374390625 0.3519699578125 0.16040985624999998 0.3472449765625 0.1585908875 0.3464764125 0.17612864374999998
0 0.359816515625 0.2680173171875 0.3694121125 0.3123013921875 0.3724821828125 0.31933493125 0.37684321249999997 0.32203550625 0.3828591578125 0.3195215109375 0.37131959999999997 0.2630644078125 0.3676864765625 0.2586006171875 0.3636208953125 0.2600077703125 0.359816515625 0.2680173171875
0 0.3006183328125 0.2872112359375 0.3019307328125 0.30694334843750004 0.3052619984375 0.3205792796875 0.316291971875 0.33727185312499997 0.31660663906250003 0.3015399703125 0.31176387031249997 0.2698600640625 0.3054524765625 0.26826633125 0.302575103125 0.272824525 0.3006183328125 0.2872112359375
0 0.285190859375 0.206408075 0.2910633921875 0.2271526234375 0.302759171875 0.23379144531249998 0.3049086390625 0.2309964671875 0.30155593281250004 0.1932954609375 0.2994471234375 0.180315903125 0.296342803125 0.17577703281249998 0.28814954843749996 0.170300803125 0.2835209125 0.17427770468749998 0.285190859375 0.206408075
0 0.26940361875 0.0493019703125 0.2682368515625 0.07021599843750001 0.2692538015625 0.08584038125 0.27314812499999996 0.09690656875 0.28222773125 0.11470598125 0.2874472671875 0.1189445390625 0.290660746875 0.102719534375 0.2855782171875 0.0885023046875 0.28592073125 0.063555625 0.2877404953125 0.05914758437499999 0.28638743906249997 0.055190012499999996 0.2769096265625 0.040766875 0.27231524375 0.04224910625 0.26940361875 0.0493019703125
0 0.19708809375 0.06288882968750001 0.2046712328125 0.0999892140625 0.22075588906250002 0.1201138125 0.21872839375000003 0.075585178125 0.21417466875 0.061292870312500004 0.20221768906249998 0.048051653124999996 0.1981178578125 0.051953471875000004 0.19708809375 0.06288882968750001
0 0.2216166140625 0.18555647656250002 0.220785953125 0.1948036953125 0.22632237812499997 0.22721505468749997 0.23299131874999998 0.241207053125 0.23827935781249998 0.24045627343749998 0.23950822343749997 0.22783277656249998 0.2348024578125 0.1861741984375 0.2322269421875 0.181560253125 0.22485793906249998 0.180116675 0.2216166140625 0.18555647656250002
0 0.24084954062500002 0.2865677296875 0.23962067656250002 0.299191225 0.2410979265625 0.319729865625 0.24703896093750002 0.33548507656250004 0.2529179015625 0.34294975625 0.26052025625 0.34021052812499997 0.2567350953125 0.3083804671875 0.251226515625 0.28675431093750003 0.24917980312500002 0.2820652859375 0.24372691406250002 0.28200953281249996 0.24084954062500002 0.2865677296875
0 0.1870903609375 0.3041595 0.1864866484375 0.322503784375 0.1882250984375 0.3496448234375 0.1999144734375 0.3695635140625 0.20402711562500003 0.339101953125 0.19974740156249998 0.3048523015625 0.19472696875 0.29892560625 0.1894389296875 0.299676384375 0.1870903609375 0.3041595
0 0.16653329375 0.23819351718749998 0.17964423125 0.257080446875 0.185955625 0.2586741796875 0.1893960515625 0.2515462390625 0.18921616875 0.2133947671875 0.1875676609375 0.20532946718749998 0.18376968437500002 0.20005914531250002 0.172602709375 0.1933452453125 0.167177665625 0.20407469531250003 0.16653329375 0.23819351718749998
0 0.15091090625 0.0818939421875 0.1609732109375 0.11781240468750001 0.171178928125 0.13047232656250002 0.1753130109375 0.1240758375 0.1657174125 0.0797917609375 0.163306746875 0.0759843453125 0.15194066875 0.070958584375 0.15091090625 0.0818939421875
0 0.08680145 0.074397290625 0.08504378124999999 0.087095865625 0.0868507328125 0.109247565625 0.1035883859375 0.1458781546875 0.109672834375 0.138374825 0.1088828328125 0.13184750781250001 0.11106655000000001 0.126557859375 0.121113821875 0.12513138125 0.11943106249999999 0.1195607484375 0.111038703125 0.11577265781249998 0.1066498296875 0.10228687968750001 0.1047058703125 0.09011385 0.1067932421875 0.0790283375 0.10233586406249999 0.070531896875 0.091993140625 0.067850646875 0.08680145 0.074397290625
0 0.03219765 0.09210897968750001 0.037597068750000004 0.1344990109375 0.046443321875 0.1564812296875 0.0484621890625 0.15038505156249998 0.0562636484375 0.1459576859375 0.057190654687499995 0.1425063328125 0.051784831249999996 0.1133961703125 0.052320039062500004 0.10004122499999998 0.049449073437500005 0.0913195484375 0.041193721875 0.0775527875 0.034813825 0.0809483890625 0.03219765 0.09210897968750001
0 0.1055003125 0.22445053593750003 0.1149653125 0.2654334109375 0.12067939999999999 0.272091559375 0.126035940625 0.2663514453125 0.128953971875 0.24601871250000001 0.12510030781249998 0.2191779875 0.11766920781250001 0.209443875 0.11046505625 0.208806825 0.1055003125 0.22445053593750003
0 0.05731706875 0.2229920828125 0.0648317046875 0.2650818015625 0.0755319734375 0.2801613125 0.08058665781249999 0.283593340625 0.0823721703125 0.28167996875 0.0827425296875 0.267518490625 0.07681430781250001 0.2252035390625 0.074073940625 0.2197830625 0.0604277953125 0.21425108124999998 0.057385571875 0.21800274687500001 0.05731706875 0.2229920828125
0 0.12488420625 0.32461041874999996 0.130495540625 0.33875256875000004 0.1352762125 0.3621419421875 0.144293721875 0.3716508203125 0.1465052859375 0.37714637500000003 0.143392340625 0.32198269375 0.13807645625 0.3119482703125 0.1335505765625 0.3084411625 0.1280634359375 0.31088008125 0.12488420625 0.32461041874999996
0 0.0705159359375 0.3328254546875 0.0773369140625 0.37418372031249997 0.0793836265625 0.3788727453125 0.08443831093750001 0.382304771875 0.086600590625 0.352950053125 0.0801371578125 0.32399005000000003 0.0751167234375 0.318063353125 0.07263755625 0.31924527187499996 0.0705159359375 0.3328254546875
0 1 0.3731355625 0.998336709375 0.3649979375 0.9936893375 0.3614377765625 0.9899877109374999 0.361963321875 0.9874057890625 0.37062924375 0.9879624375 0.38133936875 0.9948861718750001 0.41521363281249996 1 0.42773475312500003 1 0.3731355625
0 0.8956448609375001 0.36041897968750003 0.90418285 0.40485321093750004 0.9155018671875 0.4389333796875 0.9199314 0.4366446203125 0.920164753125 0.43246181562499997 0.91644809375 0.395642415625 0.9185697156250001 0.38206223437500003 0.9109801718750001 0.3582417234375 0.9053345859374999 0.3465942390625 0.897498878125 0.353516271875 0.8956448609375001 0.36041897968750003
0 0.8191395625 0.358831925 0.8191674093750001 0.3696171265625 0.8276775546874999 0.40326615625000006 0.8407542390625 0.424647753125 0.8427046015625 0.4235409109375 0.8401354921875 0.40564709375 0.8455262828125001 0.39741231250000003 0.837689834375 0.383032784375 0.8355324828124999 0.35650451250000004 0.8280671312500001 0.34926506874999996 0.8229439453125 0.350822375 0.8191395625 0.358831925
0 0.7420305546875 0.3755891546875 0.7510352515625 0.41165777343750004 0.7688990140625 0.44314887187499996 0.7737267515624999 0.43748383593750007 0.7731358515625 0.4292683796875 0.7617547390625 0.386897675 0.7611017421875 0.37039168437500003 0.75763346875 0.366734421875 0.7513563249999999 0.3626460234375 0.7439530734375001 0.36369711250000003 0.7420305546875 0.3755891546875
0 0.6832712328125 0.3756322609375 0.6812181140625 0.3842231046875 0.6809783546875 0.40168578281249995 0.6834511156249999 0.41378373125 0.686486934375 0.4233119375 0.6957998937500001 0.4369285453125 0.698643015625 0.4348650171875 0.69551085 0.41954094687500004 0.6958469578125 0.4078741359375 0.700743196875 0.397219765625 0.7007153515625 0.38643456249999997 0.703757575 0.382682896875 0.7002614578124999 0.3682404328125 0.697685940625 0.3636264859375 0.6895547828125 0.36644079218750003 0.6832712328125 0.3756322609375
0 0.5538170499999999 0.386542325 0.5620938421874999 0.424374159375 0.5745111234375 0.44252963593750005 0.56946925 0.41253786875 0.5705396703125001 0.385827971875 0.56697505 0.3763748453125 0.5600042515625 0.3715549890625 0.5564674765625 0.37288706562499996 0.5538170499999999 0.386542325
0 0.503972484375 0.4035783140625 0.5034715249999999 0.41443859375000003 0.5101961578124999 0.45000099374999997 0.5200036703124999 0.4660371921875 0.5279699796874999 0.46241635625 0.524274759375 0.44966203125000004 0.5256342234375 0.4403397328125 0.516203475 0.3968621875 0.511876696875 0.39166694375 0.5087038734375 0.39211741093749997 0.503972484375 0.4035783140625
0 0.44130602812499997 0.419114971875 0.45381325156249996 0.4563461828125 0.46071554531250003 0.4661553734375 0.464781125 0.464748221875 0.46521358125 0.458877278125 0.46033656093750003 0.4296920390625 0.4610023703125 0.419638290625 0.4598484140625 0.41399257812499995 0.456215290625 0.40952878750000005 0.4439564546875 0.4054597125 0.44180698749999997 0.4082546921875 0.44130602812499997 0.419114971875
0 0.3983080671875 0.4243897453125 0.40638575625 0.46390971875 0.411406190625 0.46983641406250004 0.41847974218750006 0.4671722640625 0.41643303125 0.462483240625 0.4157179375 0.4376867171875 0.41235241875 0.42654545156249996 0.404722215625 0.41849947656250003 0.40012783281250003 0.41998170625000003 0.3983080671875 0.4243897453125
0 0.346588046875 0.42426336875 0.3443358265625 0.4345423515625 0.354295378125 0.47794482031249996 0.3599409609375 0.4895923046875 0.3654902015625 0.4954439234375 0.367185771875 0.47445481562499997 0.35795412656250003 0.42928913125 0.35468495624999996 0.42394373124999996 0.34959602031250003 0.423006371875 0.346588046875 0.42426336875
0 0.2674665765625 0.43383690625 0.2743496515625 0.48348570625000004 0.2845553703125 0.496145628125 0.29057131406250003 0.49363163437499996 0.288742921875 0.4474148609375 0.2860710578125 0.43700504687499997 0.275137434375 0.4261083421875 0.27107185624999997 0.4275154953125 0.2674665765625 0.43383690625
0 0.2128970265625 0.44905392656250004 0.213487928125 0.457269384375 0.21876315468750002 0.4830783453125 0.22506814375 0.49795195000000003 0.2328289421875 0.509299121875 0.23713428281249999 0.49042929218750003 0.22595227499999998 0.44637045156250005 0.223871309375 0.44417609375 0.21557529843749998 0.4461838703125 0.2128970265625 0.44905392656250004
0 0.1530801 0.44924718906249994 0.1510612328125 0.455343365625 0.15187908125 0.4726558859375 0.1611171328125 0.5045416984375 0.175024475 0.5166760765625 0.176981246875 0.5022893640625 0.16932960625 0.47017831718750003 0.162234615625 0.44877739375000003 0.1573447828125 0.446151896875 0.1530801 0.44924718906249994
0 0.0956610234375 0.47980760624999996 0.0993840890625 0.503347134375 0.1068151875 0.5130812453125 0.11173927343750001 0.5132120765625 0.1147814984375 0.5094604109375 0.11476646406249999 0.4721154671875 0.1117648984375 0.4600925953125 0.09921061249999999 0.45191579062500004 0.0954404828125 0.457430671875 0.0956610234375 0.47980760624999996
0 0.9290346656249999 0.5424137875 0.9385339140625 0.580901996875 0.9434515953125 0.594312696875 0.94900083125 0.6001643140625 0.95253760625 0.5988322390625 0.9523234734375 0.5631754359375 0.9480651953124999 0.5529908546875 0.949822865625 0.5402922828125 0.946196146875 0.5225486218750001 0.9375704359375 0.5229433359375 0.93218605 0.5178982484375 0.9290346656249999 0.5424137875
0 0.8469330671874999 0.564029525 0.8551605734375001 0.567011084375 0.8606413093749999 0.5778520375 0.86744725625 0.5818653625 0.8701661843749999 0.56322076875 0.862411790625 0.5385937249999999 0.86955384375 0.5309402390625 0.8597399250000001 0.5281839109375001 0.8452759328124999 0.5053394109375 0.8415336484375 0.52163949375 0.8483267812499999 0.5522125578125 0.8469330671874999 0.564029525
0 0.768462371875 0.52620436875 0.7763409593749999 0.5674124796875 0.7842944562499999 0.590351384375 0.7867051218750001 0.5941588 0.7954614328125 0.597065284375 0.796979340625 0.6018293875 0.7970478437499999 0.5968400515625001 0.801511628125 0.5920566203125001 0.7928580703125 0.5816661359374999 0.7900277609375 0.5571699203125 0.7905908171875 0.5546001765625 0.79763011875 0.55443069375 0.7899720718750001 0.5355995171875 0.7822455234375 0.5217576765625 0.7719028015625 0.519076428125 0.768462371875 0.52620436875
0 0.7006727296874999 0.5432983359375 0.702308425 0.5779233765625 0.7088746109375 0.5993993765625001 0.7210028484375 0.6001672546875 0.7189068515625 0.5606279546875 0.7217842234375 0.5560697593749999 0.717196246875 0.5442721203125 0.70732023125 0.533225259375 0.7021627921875 0.5372772359375 0.7006727296874999 0.5432983359375
0 0.6442898234375 0.549643525 0.6506440953125 0.599367403125 0.6535835640625 0.60309974375 0.665780303125 0.598878284375 0.6650994609375 0.5715870921875 0.6610124421875 0.5489291734374999 0.657908121875 0.5443903031249999 0.64462593125 0.5379767156249999 0.6442898234375 0.549643525
0 0.5842921296875 0.5377620984375 0.5914770625 0.578238759375 0.6012160734374999 0.5992642921875 0.6059068046875 0.6035779265625 0.6107687937499999 0.5954182234375 0.6002804375 0.5520908328125 0.5932817953125 0.5364857749999999 0.58769830625 0.5331288265625 0.5842921296875 0.5377620984375
0 0.5330483234375001 0.5538181390625 0.5355489296875 0.576701290625 0.543468175 0.6021348640624999 0.5488525625 0.6071799515625 0.55311724375 0.6040846609375 0.550286934375 0.579588446875 0.5527382578125 0.567621328125 0.55010064375 0.5547168453125 0.5417425390624999 0.5484340875 0.5359256968749999 0.54925994375 0.5330483234375001 0.5538181390625
0 0.4631498703125 0.5579325453124999 0.46267675781250006 0.579578028125 0.46630347499999997 0.5973216890625 0.48168807031250005 0.62999470625 0.4799089625 0.6186282078125 0.48441340312500003 0.598070240625 0.47959847968749997 0.5771755375 0.470189171875 0.5577630640625 0.46619209531249994 0.55418088125 0.4631498703125 0.5579325453124999
0 0.4081350546875 0.6055802515625001 0.41611639531250005 0.639304359375 0.42163138125 0.64765064375 0.4287113390625 0.6317066234375 0.42287305937499997 0.6084674078125001 0.42172551093750005 0.5895418265625 0.418950890625 0.58661601875 0.4133674015625 0.58325906875 0.409466675 0.5854727515625 0.4081350546875 0.6055802515625001
0 0.3529275421875 0.6416362234374999 0.3593074390625 0.638240621875 0.36079750312500003 0.6322195203125001 0.3604463625 0.6065413890625 0.3539829296875 0.577581384375 0.34377080625 0.578201334375 0.3415528375 0.58598565 0.3529275421875 0.6416362234374999
0 0.29079515 0.608130890625 0.296297321875 0.6430369171875 0.30339872031250004 0.65115796875 0.30988137031249996 0.6402783624999999 0.307119565625 0.6107928140625 0.30283344375 0.58982303125 0.29457168437500003 0.5893361390625 0.2916943125 0.593894334375 0.29079515 0.608130890625
0 0.2374812375 0.5932919796875 0.2410951421875 0.6375953796875 0.2490207921875 0.649749084375 0.2560943453125 0.6470849328125 0.257858421875 0.6211064875 0.2539705046875 0.59676043125 0.247068209375 0.586951240625 0.240358609375 0.5887337828125 0.2374812375 0.5932919796875
0 0.175172328125 0.6212269 0.183050915625 0.662435009375 0.1888335046875 0.664103821875 0.1954467578125 0.6565254125 0.1962838234375 0.6339983250000001 0.198632390625 0.62951520625 0.1946759734375 0.6101584859375 0.1894564359375 0.6059199265624999 0.181325278125 0.6087342328124999 0.175172328125 0.6212269
0 0.12180379999999999 0.6130352218749999 0.12053427812499999 0.6414332546875 0.12240973125000001 0.6585956203125 0.126537409375 0.6654790015625001 0.1341055125 0.6652344421875 0.13907025625 0.6495907328125 0.139282171875 0.6213428546875 0.13710485781249998 0.61335263125 0.13224927656250002 0.6082324671875 0.12273080781250001 0.6095838687499999 0.12180379999999999 0.6130352218749999
0 0.2059395515625 0.8276621687500001 0.2109257359375 0.8360835328125 0.21512191406249997 0.8379775781250001 0.21969485781250003 0.812430275 0.213760228125 0.7833951921875 0.20411115937500002 0.7814453953125 0.2004031265625 0.7952508109374999 0.2059395515625 0.8276621687500001
0 0.153560128125 0.8243096703124999 0.16026332031249998 0.835807 0.16796843125 0.82558376875 0.160618646875 0.7843005796875 0.16154565625 0.7808492265625 0.15669007343750002 0.7757290609374999 0.1478995109375 0.7753172453125 0.14524908593750002 0.788972503125 0.153560128125 0.8243096703124999
0 0.967635378125 0.6780223421875 0.96680471875 0.6872695609374999 0.9813864984375 0.7399750015625 0.9904725125 0.7444945421875 0.9924292828124999 0.7301078328124999 0.9951075515625 0.7272377765625 0.9908150250000001 0.7195478625 0.9919132906250001 0.7036231703125 0.9870983656250001 0.6827284671875 0.983300390625 0.67745814375 0.9716046109375001 0.6708193234375 0.967635378125 0.6780223421875
0 0.92370844375 0.8278377046875001 0.9201374171875001 0.8316644484375001 0.9186131015625 0.840180215625 0.9209552656250001 0.8489769687500001 0.9197949031249999 0.8566111281250001 0.9249459359375001 0.8658390218750001 0.92731594375 0.8854209765625001 0.945543659375 0.916030465625 0.9515596046875 0.9135164734375 0.9507075046875 0.8986986203124999 0.9527606234375 0.890107775 0.9453701828125001 0.864599125 0.9518185828125001 0.8562141859375 0.947031503125 0.8461046859374999 0.9467082078125 0.831211753125 0.9371897375 0.8325631546875 0.9314413984375 0.828399675 0.92370844375 0.8278377046875001
0 0.88553378125 0.699638078125 0.8812690984374999 0.7027333671875 0.8792502296875 0.7088295453125 0.8806653859375 0.7210776515624999 0.8779528640625 0.726442378125 0.8871009734375 0.7392524546875 0.8912907453125 0.75442636875 0.8968399828125 0.7602779875000001 0.9102121171875 0.7857673109375 0.9115030781250001 0.7814343499999999 0.9066324625 0.73896924375 0.8994347171875001 0.7250523234374999 0.8966322546875001 0.7113413140625 0.88553378125 0.699638078125
0 0.808885071875 0.7213095671875001 0.81525215625 0.7444737031249999 0.8149160484375001 0.7561405125 0.8213580421875 0.761035446875 0.8295448921874999 0.7797915453125001 0.8399497125 0.7907633296875 0.8339465796875001 0.76671758125 0.837586109375 0.757901503125 0.83577275 0.749029671875 0.8249140374999999 0.7198637609375 0.823959184375 0.7125299125 0.8145777203125 0.7039026421875 0.8096536343749999 0.7037718109375 0.808885071875 0.7213095671875001
0 0.8396564812499999 0.8505602828125 0.8364430015625001 0.8667852890625 0.840921815625 0.8993468015625 0.8609414531249999 0.91476305 0.8623009171874999 0.9054407515625 0.8602263609374999 0.889966525 0.866083859375 0.8733661312500001 0.8599094703124999 0.8617937250000001 0.8484812953124999 0.8484774296875001 0.8433923609375 0.8475400703125 0.8396564812499999 0.8505602828125
0 0.7741404968750001 0.8814403390625 0.7836461546875 0.9066486781249999 0.7889962890625 0.9141884328125001 0.7914133609375 0.9047159796875001 0.7824835734375 0.8503781546875 0.7711174921875 0.8453523921875 0.7682058671875 0.85240525625 0.7741404968750001 0.8814403390625
0 0.7260126890625 0.6965583734374999 0.72746209375 0.7063118109375 0.7428745343750001 0.74977003125 0.753279353125 0.760741815625 0.7575440359375001 0.7576465234375 0.763258125 0.764304671875 0.7627357265625 0.7510998796874999 0.7591026046875 0.7466360890625 0.756925290625 0.738645865625 0.7615603328125 0.7213890968750001 0.75610744375 0.7213333453125 0.7496997015625 0.7139437453124999 0.7451181296875 0.688866234375 0.743037165625 0.6866718781250001 0.7290891640625 0.6903120390625 0.7260126890625 0.6965583734374999
0 0.659411253125 0.71680338125 0.67689825 0.775735828125 0.67950801875 0.77785510625 0.683278146875 0.772340225 0.6837791078125 0.761479946875 0.6894653484375 0.7573528921875 0.6945200328125 0.7607849203125 0.6949182375 0.75740864375 0.6925418234375 0.7511065578125 0.684581921875 0.741447525 0.676106028125 0.705303828125 0.6672876203125 0.6941068109375 0.6634211421875 0.693825825 0.659411253125 0.71680338125
0 0.699337178125 0.8455843046875 0.699461371875 0.8621653734375 0.7041392906249999 0.8930387484375 0.709846971875 0.9129767671875 0.7168113640625 0.9310764921875 0.7221614984375 0.9386162484374999 0.7182393312500001 0.9167648578125001 0.7179502859375 0.8993772609375 0.7189457984375001 0.8909365703125 0.721988021875 0.8871849046875001 0.71420578125 0.8517726609375 0.7100781046875 0.8448892796875 0.7022145515625 0.8410261109375 0.699337178125 0.8455843046875
0 0.6273235109375 0.8499990265624999 0.643162 0.9008661703125 0.6524128640625 0.90619224375 0.6559496390625 0.90486016875 0.6567117984374999 0.9006022859374999 0.6452964328124999 0.8607262484374999 0.642892175 0.8436389625 0.633181009375 0.83339863125 0.6265677593750001 0.8409770390625001 0.6273235109375 0.8499990265624999
0 0.61325328125 0.6959688828124999 0.6108704609375 0.70294666875 0.6199651015625001 0.7580910234375 0.6305968671875 0.778159871875 0.6344633453124999 0.7784408578125 0.6328490875 0.7678808874999999 0.6345725046874999 0.7576769828125001 0.62630211875 0.7065652765625 0.6223735453125 0.69799375625 0.6173188609375 0.6945617296875 0.61325328125 0.6959688828124999
0 0.5613566718749999 0.74981335625 0.5679913609375 0.76630001875 0.5731766453125 0.7730332453125001 0.5819736125 0.760165190625 0.5783747421875 0.7532067312499999 0.5740543687499999 0.734731615625 0.574225625 0.7222582765625 0.5694042953125 0.71464344375 0.5599885812500001 0.708510840625 0.5575651015624999 0.7312631640625 0.5613566718749999 0.74981335625
0 0.56997934375 0.8622902359375001 0.5719854 0.8827538 0.5798703921875 0.9106820390625 0.5822810578125 0.9144894578124999 0.58912125625 0.9160081124999999 0.592850728125 0.926267771875 0.5951650453124999 0.9242793218750001 0.5912364718750001 0.9157078015625 0.5921013828125 0.9039659140625 0.5864964546875 0.8765438921875001 0.57989601875 0.8575625609375 0.5739143234374999 0.8575818875 0.56997934375 0.8622902359375001
0 0.5143585953125 0.8643775437500001 0.5160970453125 0.8915185796875 0.5219010734375 0.9172524640624999 0.5239820374999999 0.9194468203125 0.5271891125 0.9165016859374999 0.5308693 0.8919110703124999 0.530381153125 0.8762116078125001 0.526720184375 0.8609626140625 0.5234510140624999 0.8556172156249999 0.518526928125 0.8554863859375 0.5143585953125 0.8643775437500001
0 0.49975315625 0.72370235 0.4974045875 0.728185465625 0.5059083265625001 0.7751143640625 0.5086144406249999 0.783029509375 0.5188544109375 0.7931947640625 0.5224939390625 0.7843786859375 0.5291350359375 0.7875854796875 0.531875403125 0.79300595625 0.5307556984375 0.784865578125 0.5229948984375 0.7735184046875 0.511977740625 0.7302660921874999 0.5094022234375 0.7256521453125 0.5039835859374999 0.7231017265624999 0.49975315625 0.72370235
0 0.4329247703125 0.73485029375 0.4379602359375 0.7781219312500001 0.44304276875 0.7923391609375 0.44839290312499996 0.7998789171875 0.45262333281249995 0.7992782953125 0.45490980312499996 0.7865046437500001 0.44455845624999996 0.7331985828125 0.43917406875 0.72815349375 0.4349436390625 0.7287541171874999 0.4329247703125 0.73485029375
0 0.45314794999999997 0.8763877703125 0.4569673640625 0.9057231625 0.46330019843750003 0.9313819703125 0.47007830000000006 0.9246100921875 0.47114231406249996 0.9111800656250001 0.46286552187499996 0.8733482312499999 0.45695233125 0.8683782203125 0.45447316249999997 0.8695601390625001 0.45314794999999997 0.8763877703125
0 0.386689925 0.8733742375 0.3948018671875 0.9103995406250001 0.40335266875000003 0.9282740328125 0.4083452578125 0.923415525 0.4107901765625 0.924728275 0.41155233124999996 0.9204703921874999 0.40387284687499997 0.8775741421875001 0.3976363609375 0.8577112015624999 0.39278077968749997 0.8525910359375001 0.38802154375 0.8532667375 0.386689925 0.8733742375
0 0.3764733609375 0.7461848203125 0.3753129984375 0.7538189796875 0.380348465625 0.7970906171875 0.39273149531249996 0.8177407609375 0.39587647187499997 0.80650509375 0.39238676093749997 0.7787827593750001 0.392791371875 0.7621266140625 0.389295253125 0.7476841484375 0.38586123125 0.741532221875 0.3806074453125 0.73978833125 0.3764733609375 0.7461848203125
0 0.3291188125 0.8765683843750001 0.3296754609375 0.8872785078125001 0.3369973984375 0.9177764953124999 0.34403029375 0.930886884375 0.35269025625 0.9279975015625 0.3457108328125 0.8725528328125 0.33999674375 0.8658946859375 0.3347087078125 0.8666454640625 0.3291188125 0.8765683843750001
0 0.3018198984375 0.7430088625 0.30125684218750004 0.7455786078125 0.31344076875 0.7679168890625 0.318028746875 0.7797145296875 0.32264456875 0.802297371875 0.3268064984375 0.806686084375 0.3307072265625 0.8044724000000001 0.3309405796875 0.8002895953125 0.32168108906250004 0.7443387109375 0.31748490937499996 0.7424446640625 0.308097040625 0.7470972640625 0.3018198984375 0.7430088625
0 0.2628640765625 0.7946821609375 0.267019596875 0.81235074375 0.27735591406250004 0.8283118625 0.28171694375 0.8310124406250001 0.28370155937499997 0.8274109296875001 0.28087125 0.8029147171875 0.27153685156249996 0.7652330359375 0.263673296875 0.76136986875 0.260596821875 0.7676162 0.2628640765625 0.7946821609375
0 0.28048389218750003 0.9208204875 0.2833142015625 0.9453167015625 0.2925244078125 0.9664173109374999 0.29768184531249997 0.962365334375 0.30009891718750004 0.95289288125 0.297859509375 0.9366121265625 0.298559571875 0.9240637062499999 0.2946031515625 0.9047069859375 0.29166368125000003 0.9009746453125 0.28439102968749996 0.9053269343749999 0.28048389218750003 0.9208204875
0 0.22648380625 0.9201878906250001 0.2255225484375 0.9261339140624999 0.23498754531250002 0.9671167921875 0.24261774531250002 0.9751627656249999 0.24962920156249999 0.96420808125 0.24264337343750003 0.9220432859375001 0.238845396875 0.9167729640625 0.2309475921875 0.9154044640624999 0.22648380625 0.9201878906250001
0 0.16224375 0.90939004375 0.16236794375000002 0.9259711125000001 0.1710086890625 0.9629213390625001 0.17510211250000002 0.9722993890625 0.18015679843750002 0.9757314156250001 0.1838648328125 0.9619260015625001 0.1749971390625 0.915878709375 0.171233415625 0.9081137203124999 0.1654850765625 0.903950240625 0.16224375 0.90939004375