0 1 0.8885324875 0.991971315625 0.889365040625 0.9770876578125 0.8865786 0.9681350234374999 0.88721701875 0.9423807515625 0.9031477921875 0.9435965859375001 0.9056118828124999 0.9637424250000001 0.90823924375 0.9772717468750001 0.9159212140624999 0.9981030796875 0.9100691015625 1 0.9099557687500001 1 0.8885324875
0 1 0.8145752999999999 0.97006701875 0.8125009625 0.9559740484375 0.81800225625 0.9427839671875 0.8202398656250001 0.935620459375 0.8264143265625 0.9402926968750001 0.8352467109375 0.9545075125 0.834449209375 0.9741063593750001 0.8381964203125 1 0.8348331999999999 1 0.8145752999999999
0 1 0.7400605984374999 0.968282259375 0.7340724421875 0.9670664265625 0.73160835 0.9574449515625 0.7286628265624999 0.958209340625 0.7327587609374999 0.9644962593749999 0.7340397890625 0.9572635 0.7438940609375 0.9456451484375 0.746451928125 0.9397667234375 0.75141066875 0.941364753125 0.755922728125 0.9495100453124999 0.7590599874999999 0.9735374359375 0.7622319921875 0.9894887812500001 0.7585869296875 1 0.75065468125 1 0.7400605984374999
0 0.982267396875 0.6672300921875001 0.9733840125000001 0.6641887015625 0.9563123828125001 0.665881665625 0.9451191765625 0.662615884375 0.924096746875 0.6674440140625 0.9036476078125 0.6753440921875 0.8954330640625001 0.67588664375 0.894339078125 0.678126346875 0.9082935484375 0.6799846734375 0.91348648125 0.6835054015625001 0.930966603125 0.68805220625 0.9697987546875 0.681435246875 0.980201271875 0.676413290625 0.9858886 0.6704305640625 0.982267396875 0.6672300921875001
0 0.9399832109374999 0.5945862828124999 0.9256465468749999 0.5906799890625 0.9213135515624999 0.5917671875 0.9152703296875 0.5998937484375 0.8874928828125 0.6171361078125 0.8893512578125 0.618992340625 0.922756428125 0.61570228125 0.97211294375 0.6087671578125 0.9751345562499999 0.6047038765625 0.967701053125 0.59727895 0.9399832109374999 0.5945862828124999
0 0.9519714734375 0.5332473203125 0.94649189375 0.5281906171874999 0.9011554281249999 0.5283107640625 0.8940611687500001 0.5308054156249999 0.8732035375 0.532465725 0.8691571874999999 0.5350888968749999 0.8773980328125001 0.5387381484375 0.8782579687500001 0.5433460734375 0.916430925 0.5494003890625 0.9310971875 0.5469710437499999 0.9440006234375 0.543197459375 0.951355228125 0.5380469828125001 0.9519714734375 0.5332473203125
0 0.9094795343750001 0.47164294218749997 0.8991892203124999 0.465113475 0.8940225859375 0.46578454843749995 0.8726968578125 0.48114011718749994 0.898582621875 0.48616835312499995 0.9212986296875 0.48636427656250003 0.9342976140625 0.48310268437500004 0.9382484109375 0.47996751875 0.9362681890625 0.4734074921875 0.9094795343750001 0.47164294218749997
0 0.905872346875 0.4118052078125 0.8753239890625 0.4141998046875 0.860588478125 0.4203089578125 0.8644963265625 0.4250454078125 0.88447736875 0.4308405859375 0.93014343125 0.42438480156249997 0.9336427859375 0.42288147968749995 0.9314714671875001 0.41529747031250003 0.905872346875 0.4118052078125
0 0.9164107250000001 0.3548497828125 0.9086476265625001 0.353760490625 0.872072696875 0.3522182375 0.850720671875 0.3633820015625 0.8567209421875001 0.36312705312500004 0.8673671546874999 0.3675126828125 0.8781781656250001 0.3687304953125 0.9039420843749999 0.36905493906250003 0.912608071875 0.36688054375 0.9201537765625 0.3627540484375 0.9199363796875 0.3575382640625 0.9164107250000001 0.3548497828125
0 0.8538947968749999 0.2953218390625 0.8438052234375 0.3060715734375 0.8545732828125001 0.315160996875 0.8938831765625 0.311103996875 0.9049282375000001 0.30547418125000003 0.90359055625 0.298306296875 0.8538947968749999 0.2953218390625
0 0.8947378390624999 0.226564228125 0.86628190625 0.2239674296875 0.8527788796875001 0.2204772609375 0.84687415625 0.22124420156250002 0.8309491093749999 0.22908106718750001 0.8224312656249999 0.24015105781249999 0.8139563734375 0.2433494359375 0.8184112171875 0.24696603281249999 0.853770309375 0.2460441984375 0.8761733734374999 0.2405123421875 0.8926980109375 0.23993922968749998 0.89886308125 0.23651646249999997 0.8996704234375 0.232740784375 0.8947378390624999 0.226564228125
0 0.8903662609375 0.1626305609375 0.85581450625 0.15977671875 0.8244588078125 0.1659469921875 0.8047740593749999 0.1779430078125 0.8107050828125001 0.18136786875 0.8269430734375 0.17925878125 0.8298261859375 0.18255511875 0.868371690625 0.1744021859375 0.8746323125 0.17149140937500001 0.8795815484375 0.1656045515625 0.8903662609375 0.1626305609375
0 0.8568532578125 0.10457956406249999 0.8466847890625001 0.1027538921875 0.816970071875 0.105564615625 0.8024949078124999 0.10901794218750001 0.7992821984375 0.1120572375 0.8024519546875 0.116889553125 0.8167886203125001 0.120795846875 0.8501937906249999 0.1175057890625 0.8584775828125 0.113283425 0.8588071812500001 0.10694778906249999 0.8568532578125 0.10457956406249999
0 0.852125784375 0.042789731250000004 0.8298875203125 0.0451537671875 0.8145524171874999 0.04399916875 0.7917671625 0.0474830578125 0.7832922703125 0.0506814359375 0.7814864906250001 0.0572088078125 0.773202696875 0.061431171875 0.8049931859375 0.0656924671875 0.84327834375 0.060195359375 0.8544189515625 0.055077534375 0.8549133484375 0.045574078125 0.852125784375 0.042789731250000004
0 0.9083856375 0.9154293156250001 0.8981216203125 0.9130916515624999 0.8658367328125 0.9183338093750001 0.8313901749999999 0.932247175 0.8488702968749999 0.9367939812499999 0.8634673093749999 0.938044446875 0.8686602406249999 0.9415651765625 0.867661803125 0.944316871875 0.8875639484375 0.93753664375 0.8974887234375 0.929954728125 0.914794403125 0.9214141343750001 0.9083856375 0.9154293156250001
0 0.789978209375 0.92504035625 0.774547559375 0.923373765625 0.7478807515625 0.926313009375 0.722769021875 0.9416359218749999 0.734865115625 0.9416380156249999 0.7467008625 0.9442959359374999 0.7887027703125 0.9425112921875 0.7991052890625 0.9374893343749999 0.7983146015625 0.929201596875 0.789978209375 0.92504035625
0 0.6770766609375001 0.9438999062500001 0.6765726171875001 0.93714814375 0.6718311296875 0.931995571875 0.6525189296875 0.9297843374999999 0.646353859375 0.9332071031250001 0.6144511671874999 0.94049723125 0.5855534375 0.9557874890625 0.5937942796875 0.9594367390625 0.6097719234375 0.9599834796875 0.623848240625 0.9665455968750001 0.6407287734375 0.9638286515625 0.64994175625 0.9605344046875001 0.6540573562499999 0.9542314218750001 0.6770766609375001 0.9438999062500001
0 0.509365315625 0.9688296718749999 0.5036253890625 0.9664287953124999 0.46355110625 0.9663898609375 0.4307192265625 0.9727518703125 0.42667287812500004 0.9753750437500001 0.43998480625 0.9778412296875001 0.44620247500000004 0.982802065625 0.4828992515625 0.9890481156250001 0.49111379531250005 0.9885055625 0.5031835906250001 0.9843158546874999 0.5098001062499999 0.9792612437500001 0.5112499890625 0.97487770625 0.509365315625 0.9688296718749999
0 0.35386306875 1 0.35701537031249997 0.9991058421875 0.3617735109375 0.9921949984375 0.3612694703125 0.9854432375 0.352386084375 0.9824018453125 0.3310507109375 0.9815021984375001 0.3077184609375 0.9861059375 0.294580975 0.9967271500000001 0.29519175937500003 1 0.35386306875 1
0 0.2174417375 0.9317569375 0.2174154390625 0.9275651343750001 0.20981713750000003 0.9233080250000001 0.1931014015625 0.9228571546875 0.1892891015625 0.9186326984375001 0.184860559375 0.9192079046874999 0.18100530937499998 0.922855059375 0.126386609375 0.9299492640624999 0.1169562328125 0.928027725 0.1135524265625 0.9300430390625 0.118649809375 0.933051775 0.11941419843750001 0.9371477109375 0.10984532031250001 0.942585790625 0.12656105625 0.9430366609374999 0.145995103125 0.9499516937499999 0.1660190953125 0.9478752578125 0.1814497453125 0.9495418484375 0.1899246359375 0.9463434703125 0.1990683703125 0.9467290328125 0.20413945625 0.94554596875 0.21130296406250001 0.93937150625 0.2174417375 0.9317569375
0 0.148003353125 0.84323719375 0.129715890625 0.8424660671875 0.11010039062500002 0.8507822703125001 0.096910309375 0.853019878125 0.1009137078125 0.8582683187500001 0.099107928125 0.8647956906250001 0.11037038437499999 0.864381659375 0.126278778125 0.8686082078125 0.15403957031249998 0.8634292640625001 0.1615423234375 0.8671743796875001 0.1798297875 0.8679455109375 0.18154001718749999 0.8609061453125 0.18741844375 0.855947403125 0.1884598328125 0.8453240953125001 0.175408253125 0.840202084375 0.148003353125 0.84323719375
0 0.1638205671875 0.7740592734375 0.116503878125 0.767619396875 0.11143279375 0.7688024609374999 0.0905585109375 0.782526184375 0.0895863703125 0.78946968125 0.083994590625 0.7959644 0.093042775 0.7958379718749999 0.10737943750000001 0.799744265625 0.14768777187499998 0.7929355703125001 0.1561626625 0.789737190625 0.1647068046875 0.7828590015625 0.1638205671875 0.7740592734375
0 0.1459889171875 0.698763825 0.1140599265625 0.7018621484375 0.08806196250000001 0.7083853343750001 0.09032882812500001 0.716481334375 0.1389998515625 0.7180256859374999 0.1544042046875 0.7155004734375 0.1596137890625 0.7069577875 0.15894495 0.70337384375 0.1459889171875 0.698763825
0 0.1383353796875 0.6415492625 0.139047171875 0.63726159375 0.13430568437499998 0.6321090234375 0.08027693125 0.6302117609375 0.072157934375 0.63126630625 0.045543725 0.642589153125 0.054783004687500005 0.6434867093750001 0.0680519828125 0.65382450625 0.0741478046875 0.6540815484375 0.0872949328125 0.6597155515625001 0.0958916734375 0.66122096875 0.11174746875 0.6570639125 0.1172436984375 0.6500572015625 0.13438458125 0.6446844296875 0.1383353796875 0.6415492625
0 0.0599277109375 0.5657313562499999 0.0464772828125 0.5706247906249999 0.0363614109375 0.5771827218750001 0.06458329375 0.5866271515625 0.0886536359375 0.58192754375 0.0977973671875 0.582313109375 0.11365316562500001 0.5781560546875 0.124932271875 0.565678609375 0.10716550312499999 0.559595828125 0.0599277109375 0.5657313562499999
0 0.0843846125 0.4901872375 0.072670715625 0.4922331125 0.055216889062499996 0.49187810781249997 0.0412194671875 0.49789139374999997 0.043390789062500004 0.505475403125 0.054679540625 0.5092531765625 0.080061265625 0.5075296515625001 0.087086275 0.5087148109374999 0.0959433609375 0.5075643984375 0.10063225 0.504333365625 0.108438303125 0.49755104375 0.10545964062499999 0.493742715625 0.0843846125 0.4901872375
0 0.09008595781249999 0.4275672484375 0.0488913875 0.42557621562500003 0.0365349453125 0.42822994999999997 0.0304654234375 0.432164709375 0.033921828125 0.43853299687499997 0.046877859375000004 0.44314301875 0.0870476921875 0.44369394531250006 0.1014273078125 0.439728625 0.10454446875000001 0.4361773359375 0.1031375359375 0.43268926093750004 0.09008595781249999 0.4275672484375
0 0.0856714265625 0.37150519375 0.0743826734375 0.367727421875 0.0403349625 0.37162534062499997 0.0266934359375 0.37549479375 0.024314367187499998 0.37895021406249996 0.025816846875 0.38295028124999997 0.0372966984375 0.3877520359375 0.0756774046875 0.38276692031250004 0.0847948375 0.37896068125000004 0.087911996875 0.3754093921875 0.0856714265625 0.37150519375
0 0.0830626765625 0.308915765625 0.079510725 0.3020354828125 0.0746999875 0.300562721875 0.0327673265625 0.29866755624999997 0.0157912453125 0.3008725109375 0.0095306265625 0.3037832859375 0.0089423078125 0.307327184375 0.00903605625 0.3105491296875 0.0194913453125 0.3166483890625 0.053018362500000006 0.3180621234375 0.0758036203125 0.3145782375 0.0830626765625 0.308915765625
0 0.0646673796875 0.24680358125000001 0.0646410796875 0.24261177968749997 0.0570427796875 0.2383546703125 0.0082069609375 0.23997814062499997 0.00701028125 0.240927765625 0.0074267890625 0.255242165625 0.011264515625 0.256361878125 0.049384875 0.25403258906250004 0.0600740375 0.2505466046875 0.0646673796875 0.24680358125000001
0 0.040983603125000004 0.180658678125 0.0358862203125 0.177649940625 0.005234753125 0.1799068015625 0.0058925625 0.202514246875 0.015255628125 0.20078125156249998 0.026587334375 0.1966874125 0.0428682765625 0.1867067109375 0.040983603125000004 0.180658678125
0 0.021069171875 0.126609840625 0.0036846749999999997 0.1266340921875 0.00421994375 0.14503008281250002 0.028980418749999997 0.1365947296875 0.030621398437500003 0.1332351765625 0.028285279687499998 0.12881898281249998 0.021069171875 0.126609840625
0 0.002122909375 0.0729596578125 0.0023324546875 0.08016124687500001 0.0283255921875 0.076373525 0.030609114062499998 0.0724061125 0.029297731249999997 0.069430028125 0.002122909375 0.0729596578125
0 0.230459015625 0.357418934375 0.20969693281250001 0.35959123593750003 0.19164351562499998 0.351972478125 0.1867635296875 0.35417952656249996 0.18450630625 0.3623387421875 0.1817450421875 0.3637461984375 0.1639353203125 0.36553502656250003 0.16479525781249998 0.3701429546875 0.18575808437500002 0.38524985312500004 0.21268523906249998 0.3796547828125 0.2397771921875 0.370891896875 0.2399849421875 0.359852465625 0.230459015625 0.357418934375
0 0.20599419531250002 0.2992415109375 0.1935422046875 0.3013832515625 0.164921475 0.3019542703125 0.1473291484375 0.3089588859375 0.15252208125 0.312479615625 0.1601896328125 0.313056915625 0.170097753125 0.3175384140625 0.213384746875 0.3145380515625 0.22147744375 0.309291703125 0.22190258906250002 0.303468059375 0.20599419531250002 0.2992415109375
0 0.197194075 0.2358830484375 0.15876077187499998 0.232484559375 0.15135356718749998 0.229251434375 0.1490963453125 0.23741064843749998 0.1343871328125 0.2477116046875 0.13774798593749998 0.253567903125 0.1427498203125 0.25606465 0.1614887296875 0.255203934375 0.17775301875 0.2572866484375 0.18568091874999998 0.255208121875 0.201701515625 0.247883246875 0.2038894859375 0.2434038421875 0.197194075 0.2358830484375
0 0.1791809734375 0.17581883125 0.153581853125 0.17232656875000002 0.12672395 0.174241828125 0.113490915625 0.18435105000000002 0.11906604375 0.1899197453125 0.1353303328125 0.192002459375 0.1726863046875 0.185577234375 0.1798761125 0.183594575 0.1836358140625 0.179435428125 0.1791809734375 0.17581883125
0 0.16335584375 0.11127520937499999 0.139163653125 0.111271021875 0.117854578125 0.1145631765625 0.112427596875 0.117890075 0.1125494453125 0.12259387031249999 0.12238831562500001 0.13075517812499998 0.13227013906250001 0.1310448734375 0.14536466875 0.1282952734375 0.1665519 0.120299328125 0.16707259531250002 0.11498767343750001 0.16335584375 0.11127520937499999
0 0.17444121562499998 0.053199934375 0.1722859953125 0.05085785625 0.11614638125000001 0.0581496046875 0.112181265625 0.0639086421875 0.1215423921875 0.0695099890625 0.1596627515625 0.06718070000000001 0.168328740625 0.0650063046875 0.174302715625 0.060559554687499996 0.17444121562499998 0.053199934375
0 0.4052462375 0.4595242546875 0.357105553125 0.4689234671875 0.339608778125 0.476440075 0.33649161875 0.479991365625 0.34316073125 0.48332035781249993 0.3668059265625 0.48444439531250005 0.405160334375 0.475267478125 0.41360892656250003 0.46787729687499996 0.4102480703125 0.4620209984375 0.4052462375 0.4595242546875
0 0.3732786640625 0.3976017125 0.3482528359375 0.39718140156250004 0.329540228125 0.40223391875000003 0.347550690625 0.4177242859375 0.3926697609375 0.412388353125 0.395335478125 0.4104689078125 0.39159242656250004 0.4025646421875 0.3732786640625 0.3976017125
0 0.373414525 0.34566824375 0.3676746015625 0.3432673671875 0.3594600578125 0.34380991875 0.35541370781250003 0.34643309218749996 0.321721890625 0.34818717499999996 0.3189606265625 0.34959463125 0.321843740625 0.3528909703125 0.3137510421875 0.3581373140625 0.3163738078125 0.3640894828125 0.3247101984375 0.3682507234375 0.352019546875 0.364703621875 0.3604944390625 0.3615052421875 0.37365821875 0.3550758328125 0.3759417421875 0.3511084203125 0.373414525 0.34566824375
0 0.36930329687499996 0.2790787484375 0.3629208296875 0.2772857328125 0.3305403953125 0.28201589843749997 0.2913523484375 0.2907766921875 0.287497096875 0.29442385 0.2912138484375 0.2981363125 0.296571578125 0.2984892234375 0.32307358750000004 0.29871780000000003 0.353430846875 0.29529921875 0.36842670625 0.2865342359375 0.37116167187500004 0.28093498281249996 0.36930329687499996 0.2790787484375
0 0.35221938124999996 0.2199426484375 0.33733572343749996 0.2171562078125 0.31002637499999997 0.220703309375 0.28855249843749997 0.22716328125000002 0.28286517187500004 0.2331460078125 0.29441427343750004 0.2342679515625 0.30996677031250003 0.2406383375 0.328323484375 0.237729653125 0.3533922640625 0.23027835312499997 0.35596243125 0.2278469140625 0.35221938124999996 0.2199426484375
0 0.328354153125 0.1690289796875 0.322805321875 0.167652084375 0.2859007984375 0.17244546562500002 0.270809390625 0.180698453125 0.2693595078125 0.185081990625 0.270123896875 0.18917792656250002 0.2765063640625 0.1909709453125 0.308053159375 0.18582465312500002 0.3276686578125 0.1775084484375 0.330047728125 0.174053028125 0.328354153125 0.1690289796875
0 0.3131882171875 0.0918140828125 0.303115296875 0.09050040468750001 0.25809177656250004 0.0963483296875 0.241619734375 0.10530504375000001 0.25357733125 0.11266675781249999 0.3118864796875 0.105093215625 0.3181471 0.102182440625 0.3182856015625 0.0948228203125 0.3131882171875 0.0918140828125
0 0.3230411015625 0.0433381296875 0.32763444375 0.03959510625 0.329179875 0.035723560937499996 0.3241984421875 0.0311265578125 0.27485121874999996 0.03753606875 0.267275821875 0.0442884328125 0.2682313078125 0.0494083515625 0.2755429625 0.052129484375 0.30737640312500003 0.048519167187500004 0.31068466093749997 0.0459918640625 0.3230411015625 0.0433381296875
0 0.5275632421875 0.33718333437500003 0.511134153125 0.3382684375 0.489729528125 0.3410485984375 0.4777815796875 0.3499421015625 0.4776167828125 0.35310991875000003 0.49766707187500003 0.3552252890625 0.5227621515624999 0.351965790625 0.5290227703125 0.3490550140625 0.53461455 0.3425602953125 0.5316358890624999 0.3387519625 0.5275632421875 0.33718333437500003
0 0.5193101140625 0.2727050203125 0.5091416453125001 0.2708793484375 0.4647606671875 0.27611941406249996 0.4492870640625 0.28232443749999997 0.44562290937500004 0.28699557656249997 0.45171873125 0.28725261875 0.45626912031250005 0.29138120624999997 0.47593721718750004 0.2914486078125 0.47227306562500004 0.2961197484375 0.475251725 0.2999280796875 0.507223665625 0.28895814375 0.5161763015624999 0.28831972499999997 0.52160328125 0.284992825 0.5238605046875 0.2768336078125 0.5193101140625 0.2727050203125
0 0.5057948062500001 0.2083857890625 0.4974847109375 0.20841634843749998 0.489981959375 0.20467123125 0.48426833125 0.20646215625000003 0.4614567765625 0.205754240625 0.4289807953125 0.20997241562500002 0.433695984375 0.21093318593750002 0.4401310484375 0.2211098078125 0.46418473593750004 0.22847361562500001 0.510588890625 0.2219219640625 0.516467315625 0.216963221875 0.5139401 0.211523046875 0.5057948062500001 0.2083857890625
0 0.4582054859375 0.1437726734375 0.4346391859375 0.15522404218750002 0.454290628125 0.16735485625 0.498671609375 0.162114790625 0.4989056578125 0.15526716093749998 0.49425971718749995 0.15062658281250002 0.4582054859375 0.1437726734375
0 0.43566829062499995 0.0837716703125 0.4267419546875 0.0886018921875 0.4238158890625 0.0931771640625 0.41810226406249995 0.09496808906250001 0.42239230625 0.1017525046875 0.440228325 0.104155475 0.4888467515625 0.097316221875 0.4895322453125 0.0888367484375 0.4686220171875 0.0821134546875 0.43566829062499995 0.0837716703125
0 0.45561074843749994 0.0245459828125 0.42201448125 0.026812059375000002 0.40811260781250003 0.0333373375 0.40656717656249997 0.037208882812499997 0.41195120625000003 0.0417535953125 0.43931315312499997 0.0465900984375 0.45555114375 0.044481010937499996 0.46669175156250003 0.0393631859375 0.47404635937500006 0.03421270625 0.47299532343750006 0.0285807953125 0.45561074843749994 0.0245459828125
0 0.673280925 0.4860653640625 0.6371144906249999 0.49076287812499997 0.6442350484375 0.492460028125 0.6442613484375 0.49665182812499997 0.6394769078125 0.4993708703125 0.6438362015625 0.5024754734375 0.6528843828124999 0.502349046875 0.6609341296875 0.5049743125 0.680506678125 0.504529721875 0.6850044703125 0.50027470625 0.6972653640625001 0.49710898124999997 0.6998092328125 0.49048574062499994 0.6955454875 0.4878931296875 0.673280925 0.4860653640625
0 0.6764384 0.43006861562500004 0.6666521249999999 0.43029091093750005 0.6468621828125001 0.425519715625 0.6368418578124999 0.43258963906250003 0.623747328125 0.435339240625 0.6186069921875 0.440202115625 0.6185377421875 0.4438819265625 0.6390920734375001 0.45274905624999995 0.6682597984374999 0.451058184375 0.6764480453124999 0.44632383124999997 0.687067959375 0.4465176609375 0.69313748125 0.4425829015625 0.689776625 0.43672659999999996 0.6764384 0.43006861562500004
0 0.6483786765625 0.372882521875 0.629326821875 0.3680154578125 0.613662121875 0.373196496875 0.61526015 0.3777085546875 0.608643634375 0.382763165625 0.6122648374999999 0.3859636375 0.6279821343750001 0.389166203125 0.655673678125 0.38766706875 0.6767916578125 0.3833509328125 0.6779548937500001 0.3774314203125 0.6743336906249999 0.37423094843750004 0.6483786765625 0.372882521875
0 0.6468902109375 0.31224519375000004 0.62048375 0.31252860781249997 0.6094386921875 0.3181584234375 0.6064170796874999 0.3222217046875 0.5979421874999999 0.32542008437500003 0.60608748125 0.3285573421875 0.630566315625 0.3300975046875 0.652900128125 0.328245459375 0.6599251374999999 0.3294306171875 0.6731152171875 0.327193009375 0.6756590874999999 0.3205697703125 0.673965509375 0.31554571875000004 0.6468902109375 0.31224519375000004
0 0.654614728125 0.24831361875 0.6338263453125 0.2462941171875 0.5894716640625 0.2557259859375 0.58881246875 0.2683972578125 0.6082202171875 0.2711204859375 0.62481410625 0.2668675640625 0.6338622890625001 0.266741134375 0.653859984375 0.2604729 0.6574285890625 0.25528976718749996 0.654614728125 0.24831361875
0 0.6375571109375 0.1933693203125 0.626555003125 0.1911275234375 0.6099348171875 0.1911886453125 0.569791284375 0.1948295203125 0.577936578125 0.1979667765625 0.5774158828125 0.20327843125 0.5840849968749999 0.20660742499999998 0.5994463984375 0.2119538265625 0.611255846875 0.21041994218750001 0.636515721875 0.2039926265625 0.6401798765625 0.19932148593750001 0.6375571109375 0.1933693203125
0 0.6280189 0.1301067265625 0.6174682375 0.1262330859375 0.577393953125 0.1261941515625 0.557874003125 0.135022346875 0.5604967671875001 0.14097451249999998 0.5808337046875 0.14462585625 0.5946926265625 0.145972190625 0.6196921546875 0.1422006984375 0.6261438703125 0.1403139078125 0.6289743859375 0.1352266421875 0.6280189 0.1301067265625
0 0.6221711421875 0.0663647921875 0.6116204765625 0.062491153125 0.567335046875 0.068243209375 0.5566721828125 0.07592099375 0.5450538328125 0.078478859375 0.5503423125 0.0825115796875 0.5769398703124999 0.083252146875 0.5917016796875 0.0813347953125 0.6026082390624999 0.0830645984375 0.621511946875 0.079036065625 0.6270344765625 0.0762211578125 0.6261745375000001 0.0716132296875 0.6221711421875 0.0663647921875
0 0.6133806671875 0.0192615453125 0.6136142734375001 0.017854351562500002 0.551307321875 0.0160414046875 0.5563303015625001 0.0214275671875 0.5704758703125 0.024309875 0.6098813109375001 0.020764865625 0.6133806671875 0.0192615453125
0 0.8493585093749999 0.6761026593749999 0.8309062468749999 0.67849935 0.817689865625 0.6765451578125 0.7938369203125 0.6864605484374999 0.807791390625 0.688318875 0.8103186078125001 0.6937590499999999 0.8229187421875 0.700512903125 0.8572268031249999 0.6939591578125001 0.8727004046875001 0.6877541375 0.8706938828125 0.6770023093749999 0.8493585093749999 0.6761026593749999
0 0.8398895468750001 0.609160253125 0.8040097578125 0.61539374375 0.790776725 0.6255029640624999 0.80485304375 0.6320650828125001 0.8498765640625001 0.626217159375 0.8568489765624999 0.6190187140625001 0.8564404828125 0.61277894375 0.8398895468750001 0.609160253125
0 0.8124890171875 0.5393028859375 0.797727209375 0.5412202390624999 0.7843723296875 0.5466256671874999 0.7704967546875 0.5573427453125 0.7899737531250001 0.5563861640625001 0.79949968125 0.5588196953125 0.8357616640625001 0.554634175 0.8421178328125001 0.5522353890625 0.8458775359375 0.548076240625 0.8440884093750001 0.5425401984375 0.8124890171875 0.5393028859375
0 0.8137188671875 0.48512971406250005 0.7899781234375001 0.48349368593750003 0.7810947374999999 0.4804522953125 0.777499834375 0.4814436265625 0.7758588546875 0.48480317812499996 0.7625039734375 0.49020860468749994 0.7575547375 0.496095465625 0.760628946875 0.5004157874999999 0.7764417921875 0.504130346875 0.8260849546875001 0.49873120000000004 0.8336306562500001 0.49460470624999997 0.822506703125 0.4876591140625 0.8137188671875 0.48512971406250005
0 0.8187513687499999 0.418925784375 0.81301144375 0.4165249078125 0.767101684375 0.41357310312499995 0.743248740625 0.42348849531250005 0.740227128125 0.4275517765625 0.7518717781250001 0.4291857140625 0.7683534640625 0.4364842125 0.786710178125 0.43357553125 0.817423334375 0.4280131171875 0.8204449437499999 0.4239498359375 0.8187513687499999 0.418925784375
0 0.7964315703125 0.3641405671875 0.7817390093750001 0.3623781109375 0.7490719296874999 0.365572303125 0.7436449484375001 0.3688992015625 0.7474572484374999 0.3731236578125 0.7675338375 0.379430828125 0.7948431874999999 0.3758837265625 0.8027710859375 0.37380519843750004 0.8050546078125 0.3698377859375 0.7964315703125 0.3641405671875
0 0.793562471875 0.3042069671875 0.7831073578125001 0.3008453203125 0.7416524421874999 0.30151011250000004 0.7212033046874999 0.3094101921875 0.72530225 0.3151706234375 0.7407329 0.31683721249999997 0.7489737421875 0.3204864625 0.771403103125 0.319146409375 0.783663996875 0.31598068437500004 0.791496346875 0.3133901640625 0.7958030421875 0.308111165625 0.793562471875 0.3042069671875
0 0.7799516140625 0.23937574375 0.7698786937500001 0.2380620625 0.7474493328125 0.23940211718749999 0.736377975 0.24084012968750002 0.712837975 0.2564833 0.7177442609375 0.258468053125 0.743125984375 0.2567445296875 0.7761489593750001 0.2514065046875 0.785075296875 0.24657628125 0.7851445453125 0.24289647187500002 0.7799516140625 0.23937574375
0 0.7611311703125 0.1830872046875 0.74207931875 0.17822014218749999 0.7158639546875001 0.1795275421875 0.7014150890625 0.187172671875 0.7014413875 0.19136447343750002 0.7206843390625 0.19725551875 0.748731778125 0.19361255 0.7588739484375 0.1912464203125 0.761991109375 0.18769513124999998 0.7611311703125 0.1830872046875
0 0.7417803890625 0.115855103125 0.7293020984374999 0.11380504218750001 0.7089914609375 0.11434550156250001 0.68694429375 0.11773352031249999 0.6752566921875001 0.123971196875 0.67602108125 0.1280671296875 0.6959328734375 0.1375421203125 0.7221219359375 0.1320429171875 0.7426666234375 0.12465483125000001 0.744854596875 0.12017542656249999 0.7417803890625 0.115855103125
0 0.697430075 0.052394492187499996 0.680645090625 0.05562343125 0.6727697906250001 0.0660855625 0.6843451875000001 0.071399309375 0.6974660203124999 0.07284151093749999 0.7233254859375 0.0736779453125 0.7336587546875 0.0723357984375 0.736228921875 0.0699043625 0.736749615625 0.06459270781250001 0.7262682015624999 0.0570392578125 0.697430075 0.052394492187499996
0 0.34687393437499997 0.280418803125 0.3407351609375 0.2880333734375 0.33640216875 0.28912056875 0.3361418203125 0.291776396875 0.34557219843750003 0.2936979359375 0.365118446875 0.28906154375000004 0.364970303125 0.2801659484375 0.355731021875 0.27926839062500003 0.34687393437499997 0.280418803125
0 0.725315440625 0.538039859375 0.7140529875 0.5384538890624999 0.684529365625 0.5422885953125001 0.6668677921875 0.552973021875 0.6559875296875 0.55543501875 0.6855637484375 0.55998391875 0.69756429375 0.5594740203125 0.7285640953125 0.5554475796875 0.7385844171875 0.54837765625 0.7400343 0.5439941187499999 0.7363175484375 0.5402816546875 0.725315440625 0.538039859375
0 0.6051671187500001 0.6233909390625 0.583024403125 0.62626696875 0.5674026546875 0.62357639375 0.5637122015625 0.6240557328125 0.564120696875 0.6302955015625 0.56019619375 0.63762246875 0.551200609375 0.6461325 0.5397733546875 0.6497143515625 0.567491196875 0.65240701875 0.593845059375 0.6437399984375001 0.6015126093750001 0.644317296875 0.6203900203125 0.6360969625 0.6180276015625 0.6274889671875 0.6051671187500001 0.6233909390625
0 0.59245915 0.5552960312499999 0.565410146875 0.55618730625 0.5452476546875 0.5656233609375 0.543702225 0.56949490625 0.5463942390625001 0.5717672625 0.56913654375 0.5761549859375 0.5842542500000001 0.5720937984375001 0.5965677421875 0.5773116765624999 0.599137909375 0.5748802421875 0.6051381796874999 0.574625290625 0.6078994453125001 0.5732178359375 0.6124401921875 0.561091209375 0.59245915 0.5552960312499999
0 0.4468432 0.658113859375 0.442770553125 0.65654523125 0.3973648359375 0.6603451875 0.3882903546875 0.656279815625 0.38164754218749997 0.6571426234375 0.39062647500000003 0.6606960046875 0.39212895312499996 0.6646960734375 0.38329816562499996 0.6700382874999999 0.38037210312499997 0.6746135578125 0.3973052328125 0.6802802171875 0.40725630625000003 0.6768901015625 0.42580411875 0.675005403125 0.4434919921875 0.668512778125 0.4477031375 0.6627217875 0.4468432 0.658113859375
0 0.48299735000000005 0.5925872828125 0.48399578906249996 0.5898355890625 0.47103975625 0.58522556875 0.44273196875 0.591524365625 0.4356806625 0.5861474046875 0.420823303125 0.587552765625 0.4181575875 0.5894722125 0.40477640781249996 0.5906858359375 0.3828510890625 0.5987776515625 0.3740466015625 0.6083116671875 0.38264333906250003 0.60981708125 0.4162396078125 0.60755100625 0.4280490546875 0.6060171249999999 0.445832478125 0.600036490625 0.46004729375000003 0.599238990625 0.46804444375000004 0.5934806515625 0.474496159375 0.591593859375 0.48299735000000005 0.5925872828125
0 0.3051561203125 0.680712246875 0.299034 0.6762634000000001 0.29274708125000004 0.674982375 0.2769868328125 0.6796514218749999 0.2485571984375 0.6812464234375 0.2282991578125 0.6901704875 0.224279109375 0.6969854625 0.21866103125 0.699288378125 0.247403609375 0.7034211515625 0.2734971234375 0.697409959375 0.28716494843749996 0.697732309375 0.29092465 0.6935731609375 0.300875721875 0.690183046875 0.3051561203125 0.680712246875
0 0.274038840625 0.6071424140625 0.2549177359375 0.6059551609375 0.2353714875 0.6105915546875 0.22368388593750002 0.6168292296875 0.21132744531249997 0.6194829640624999 0.211709640625 0.6215309312499999 0.2223558515625 0.6259165609374999 0.2184313515625 0.6332435281250001 0.20876692187499998 0.6381696171875 0.28074389843750003 0.6309184265625001 0.2899735328125 0.6155607640625 0.287924059375 0.61268055 0.274038840625 0.6071424140625
0 0.29031714375 0.552587865625 0.28676519218749996 0.545707584375 0.27059645 0.5441368609375 0.26383178906250004 0.540295875 0.24864483124999998 0.5480368734375001 0.223810103125 0.5486405453125001 0.2002701015625 0.5642837171874999 0.230063715625 0.5740484 0.24989661093749999 0.5709479828124999 0.2642762265625 0.5669826640625 0.28729553281250003 0.556651146875 0.29031714375 0.552587865625
0 0.2612326828125 0.4939616640625 0.2553016609375 0.4905368046875 0.238777025 0.49110991718749997 0.2160347203125 0.4867221921875 0.19260691875 0.4908139375 0.19789539843749998 0.49484665781250003 0.198494990625 0.5021104109375 0.2121198609375 0.5103043734375 0.2262391296875 0.5089948828125 0.2418608796875 0.5116854562500001 0.2532881328125 0.5081036046875 0.2615719265625 0.50388124375 0.2637599 0.4994018390625 0.2612326828125 0.4939616640625
0 0.231422415625 0.4962603921875 0.2322823546875 0.500868321875 0.236190203125 0.5056047671874999 0.24042765 0.5040055765625 0.24489914375000002 0.495558759375 0.236015759375 0.49251736875 0.231422415625 0.4962603921875
0 0.24804697187500002 0.42330679531250004 0.243236234375 0.42183403437500006 0.20418668750000002 0.42323520625000005 0.17154590625 0.43062120156250006 0.1770891828125 0.4360192328125 0.1776250734375 0.4429416578125 0.1812462765625 0.44614213124999996 0.1987001015625 0.4464971359375 0.2273900828125 0.44224630468750004 0.229152909375 0.4435905453125 0.23734115625 0.43885619218749994 0.24703188125 0.438121903125 0.2523633125 0.4342830125 0.2528840078125 0.4289713578125 0.24804697187500002 0.42330679531250004
0 0.5585087171875001 0.44223961718749993 0.536339703125 0.44092384375 0.52835920625 0.43461876562499996 0.5205961046875001 0.43352947343750003 0.516072015625 0.43359268906250004 0.49812379375000004 0.44274114062500003 0.48979704843749994 0.4548351140625 0.490274790625 0.45739507343749997 0.495181078125 0.4593798265625 0.511705715625 0.4588067140625 0.5299239296875 0.463257653125 0.5454930796874999 0.45756462343750004 0.5553749031249999 0.45785431875000004 0.5660377671875 0.45017653593749996 0.5661070171875 0.446496725 0.5585087171875001 0.44223961718749993
0 0.534495340625 0.3824303484375 0.5191602390625001 0.38127575 0.503469240625 0.38226498750000004 0.48568581875000005 0.3882456203125 0.48385374062500003 0.39058119062499996 0.488664478125 0.3920539515625 0.48509587343750005 0.3972370828125 0.47790606562500004 0.39921974374999997 0.5432928234375 0.4012149640625 0.5542686328124999 0.3992649578125 0.558575328125 0.3939859578125 0.556690653125 0.3879379234375 0.534495340625 0.3824303484375
0 0.5944533875 0.5052187953125 0.5924039140625 0.5023385796875 0.5843541671875 0.49971331250000006 0.5637568843749999 0.498717796875 0.5458779125000001 0.5041864375 0.5228849062500001 0.51870975625 0.53738636875 0.5194482296875 0.5553442375000001 0.5265549953125 0.5618915015625 0.52518019375 0.56950645625 0.5173738890624999 0.59171841875 0.5108180499999999 0.5944533875 0.5052187953125
0 0.3789309578125 0.5332121390625 0.3675300015625 0.540985790625 0.3569363875 0.5449837640624999 0.35548650625 0.5493673015625 0.3886862609375 0.5476771296875 0.3953696921875 0.5483822515625 0.402516546875 0.5542712046875 0.4093671125 0.5423689656249999 0.4320997734375 0.5305014734375 0.43573762812499994 0.52163853125 0.416807621875 0.5214752625 0.3789309578125 0.5332121390625
0 0.8957206187500001 0.8394627937499999 0.8805240171875001 0.8309485750000001 0.8573565640625 0.83238449375 0.8143825171874999 0.8411126359375001 0.8103361687499999 0.8437358078124999 0.8111005578125001 0.8478317421874999 0.8333651203124999 0.8496595078125001 0.8425351515624999 0.8542368734375 0.881966890625 0.8548836671875 0.89063288125 0.852709271875 0.8974404953124999 0.8486786453124999 0.8988903765625 0.8442951078125001 0.8957206187500001 0.8394627937499999
0 0.8368591984375 0.7590084921875 0.81288440625 0.7642200890625 0.8083866125 0.7684751046875 0.8074144734375001 0.7754186015625 0.79591796875 0.7826802609375 0.80968134375 0.783514603125 0.8218037359375 0.7877085 0.84853979375 0.781089446875 0.8551659546874999 0.7922900515625 0.864230790625 0.780100209375 0.8744422109375 0.7740542687499999 0.8741292656249999 0.7683264921874999 0.869578875 0.764197903125 0.8368591984375 0.7590084921875
0 0.7751681703125 0.8456816265624999 0.7288069687500001 0.844361665625 0.7184044515625 0.8493836234375 0.701810565625 0.8536365453125001 0.7047892250000001 0.8574448765625 0.723294084375 0.8634317921875001 0.751489671875 0.8686844171875 0.7774876374999999 0.86216123125 0.784555596875 0.8554747781250001 0.782575375 0.848914753125 0.7751681703125 0.8456816265624999
0 0.6329770484374999 0.8615282499999999 0.6018816984375001 0.8650426984375 0.5858611046875 0.8723675734375 0.5739561078125 0.8733894624999999 0.5703182515624999 0.8822524046875 0.586200346875 0.8822871515624999 0.6064417343749999 0.8854265031249999 0.625536540625 0.8824219531249999 0.647801103125 0.8842497187499999 0.655633453125 0.8816591984375 0.6598445984375 0.875868209375 0.6583158203125 0.8676763390625 0.6329770484374999 0.8615282499999999
0 0.508414196875 0.8908172750000001 0.49795908281249995 0.8874556281249999 0.48383981406250004 0.8887651234374999 0.4632162328125 0.8835778015625 0.45691265937500003 0.8943601921875001 0.4346051453125 0.9004040375000001 0.43391965312499997 0.9088835109375 0.443158934375 0.9097810656249999 0.45816443749999997 0.9172713015625 0.47309104687500003 0.9121861296875 0.4900671296875 0.9099811750000001 0.5030924109375 0.9109113843750001 0.5089708359375 0.9059526421875 0.524731084375 0.90128359375 0.508414196875 0.8908172750000001
0 0.3383833859375 0.8992674390625 0.3334508015625 0.8930908828125 0.3336681984375 0.8983066687499999 0.3244552140625 0.9016009140625 0.3097363578125 0.89564665625 0.300783721875 0.8962850765624999 0.29371576250000003 0.9029715296875 0.28036088124999997 0.90837695625 0.27733926875 0.9124402375 0.2795798390625 0.9163444374999999 0.2926791953125 0.9217224453125 0.2948982890625 0.9295624484375 0.3104674390625 0.9238694171875 0.3349199765625 0.9212177796875001 0.350393578125 0.9150127578125 0.3549080234375 0.8986943265624999 0.3383833859375 0.8992674390625
0 0.334081059375 0.8316539609375001 0.33460175468750003 0.8263423062499999 0.32183681875 0.8227562703125001 0.3032890078125 0.8246409703124999 0.270457128125 0.831002978125 0.25267370625 0.8369836140625001 0.24965209531250002 0.84104689375 0.2619392859375 0.8420729703125 0.27194295468749996 0.8470664625 0.286088521875 0.8499487703125 0.29111665625 0.8566373171875 0.309091175 0.8516806671875001 0.332492675 0.8433971187499999 0.33751116406250004 0.8338304484375 0.334081059375 0.8316539609375001
0 0.30393591875000003 0.7511406328125 0.281002515625 0.745728925 0.2729098171875 0.7509752703125 0.261456265625 0.75036531875 0.25034195625 0.75967494375 0.238819153125 0.7627448 0.21839631406249999 0.7748366828125001 0.239184696875 0.7768561843749999 0.25047345 0.780633953125 0.26963750625 0.77394959375 0.2796148765625 0.7747512828125 0.3041103625 0.7642280312499999 0.30858185625 0.7557812125 0.30393591875000003 0.7511406328125
0 0.44371202500000007 0.7183024109375 0.43452534062500003 0.725788459375 0.40374293437500003 0.7350306859375 0.385837665625 0.736307525 0.37767572031249996 0.74523368125 0.4087281171875 0.74959084375 0.433249903125 0.7432593953125 0.4451549 0.7422375046874999 0.463485315625 0.7351370203125 0.4670276234375 0.7257620859375 0.44371202500000007 0.7183024109375
0 0.492553121875 0.8058266359375 0.48145546718750004 0.8030728484375 0.4491705828125 0.808315009375 0.4366922921875 0.8062649453124999 0.434860215625 0.8086005171874999 0.437196334375 0.8130167078125 0.422200475 0.8217816906250001 0.419465509375 0.82738094375 0.4404449890625 0.8304244296875 0.4649667734375 0.8240929796875 0.4722091796875 0.8304939234375001 0.4764466234375 0.8288947343749999 0.476706971875 0.8262389062500001 0.49543623437499995 0.809122975 0.492553121875 0.8058266359375
0 0.6479772765625 0.7798707921875 0.621666365625 0.7806661984375001 0.6094484234374999 0.7759603125 0.6043773390625 0.7771433765625 0.59721383125 0.7833178390625 0.577476484375 0.7869302484375 0.57750278125 0.7911220484375 0.585743625 0.7947713000000001 0.588817834375 0.7990916234375 0.5797959484375 0.803409853125 0.6062287093750001 0.8073182390625 0.61415660625 0.8052397125 0.6214156640625 0.7995772421875 0.6417263015625 0.7990367843749999 0.653605 0.793823090625 0.6540038484374999 0.78380764375 0.6479772765625 0.7798707921875
0 0.75829200625 0.7755060953124999 0.7360011453124999 0.7694865281250001 0.71081051875 0.7722340359375 0.7048365453125001 0.7766807874999999 0.6925756515625 0.7798465109375 0.6962231531249999 0.7872387859375001 0.710082075 0.78858511875 0.71706413125 0.797641890625 0.733206575 0.7950208109375 0.7599163328125 0.78420995625 0.7611751171875001 0.7788024359375 0.75829200625 0.7755060953124999
0 0.7366910078125 0.688114578125 0.6919541312499999 0.695498478125 0.6847380265624999 0.6932893359375 0.680925725 0.68906488125 0.673449271875 0.6895115656249999 0.6782863078125 0.695176128125 0.67443105625 0.6988232859375 0.6750998984375001 0.702407228125 0.68703119375 0.705577140625 0.701489703125 0.7141872265625 0.7143931390625 0.7104136421875 0.7314647703125 0.7087206796875 0.7406777515625 0.7054264328125 0.744533003125 0.701779275 0.7366910078125 0.688114578125
0 0.626402575 0.6966710765624999 0.5991624765625 0.6965383671875001 0.5799721250000001 0.6990309265625 0.5698992031250001 0.697717246875 0.5576383109374999 0.7008829703125 0.5547122484375 0.70545824375 0.5555721859375 0.7100661703125 0.5699780984375 0.7102926515625 0.5806243109375 0.7146782843749999 0.6065793265625 0.7160267109375 0.6309363140625 0.7128630796875 0.636076646875 0.708000203125 0.635859253125 0.7027844171875001 0.626402575 0.6966710765624999
0 0.7324412765625 0.628884703125 0.7251296218750001 0.62616356875 0.7156299921875 0.627921840625 0.70684215625 0.6253924421875 0.6910556109375 0.6258696859375 0.661983434375 0.6280725484375 0.658579628125 0.6300878625 0.670085778125 0.63908141875 0.6837799 0.6435955718749999 0.7040212890624999 0.6467349234374999 0.725234815625 0.642930778125 0.732233525 0.6399241359375 0.736444675 0.6341331421875 0.7324412765625 0.628884703125