0 0.021208359375 0.154092696875 0.0306765234375 0.1714395859375 0.034992854687500005 0.1887813875 0.0415984828125 0.17132913125 0.0469557609375 0.172304353125 0.049425034374999996 0.1778839015625 0.052311078125 0.1763106125 0.0342161296875 0.11518701406250001 0.0307157046875 0.11081886249999999 0.02412183125 0.1100849 0.018339946875 0.1283866609375 0.021218154687499997 0.138937515625 0.021208359375 0.154092696875
0 0.09275315625 0.11641020625000001 0.10179279375000001 0.15909615 0.111673809375 0.175352271875 0.11664174375 0.141045828125 0.11170907187500001 0.1207936203125 0.10533044062500001 0.10587461406250001 0.0954435484375 0.0987115984375 0.09275315625 0.11641020625000001
0 0.162851478125 0.0946521734375 0.154402709375 0.0942801046875 0.1506733296875 0.1253142515625 0.15066745312500002 0.13440736250000002 0.1554044734375 0.13853425 0.1638414859375 0.1570925359375 0.17847911249999998 0.14716518750000002 0.177254271875 0.1292202328125 0.162851478125 0.0946521734375
0 0.2280235390625 0.127396815625 0.234818940625 0.13516298437500002 0.2387341765625 0.135409334375 0.24038558281250003 0.1310462703125 0.22435293281250002 0.067499878125 0.2181758296875 0.059613078124999996 0.21220025312500002 0.05875848593750001 0.2086939515625 0.06348344375000001 0.20868807500000003 0.07257655156250001 0.2093004953125 0.081549028125 0.218349928125 0.10907979375000001 0.2280235390625 0.127396815625
0 0.2985016859375 0.1257690390625 0.303651559375 0.1288051640625 0.30469250312499996 0.11243858749999999 0.3088190625 0.10456196250000001 0.3073809375 0.0977710171875 0.296684015625 0.0685412453125 0.2905069109375 0.060654445312500006 0.284531334375 0.059799853125 0.2828740515625 0.073256025 0.2896498625 0.11133255625 0.296024575 0.13231363437500002 0.2985016859375 0.1257690390625
0 0.35542429375 0.054050275 0.3496541640625 0.054165818750000004 0.3469696484375 0.0627713140625 0.3512761859375 0.095268296875 0.36382996093750003 0.1211051375 0.3632175421875 0.11213266250000001 0.36899550625 0.0998929734375 0.3626286296875 0.06678775 0.35542429375 0.054050275
0 0.4324845609375 0.0713426765625 0.42487129218749997 0.053633896874999996 0.415185928125 0.053503089062499995 0.41950030156249996 0.073875925 0.4184593546875 0.0902425046875 0.423609228125 0.0932786265625 0.4304026703125 0.10407583125 0.4396908546875 0.08104911718749999 0.4324845609375 0.0713426765625
0 0.505641346875 0.07020251250000001 0.50750211875 0.060747510937500006 0.49679148125 0.05273499375 0.49041284999999996 0.037815985937500005 0.4856758296875 0.0336890953125 0.48072748593750003 0.037685178125 0.4838033046875 0.0613303140625 0.48729393125 0.0808536453125 0.4938838875 0.08764967968750001 0.5068642296875 0.091178503125 0.505641346875 0.07020251250000001
0 0.5483235078125 0.03156861875 0.5596328515625 0.0697708703125 0.5752820359374999 0.08894248593750001 0.5697389046875 0.056686765625 0.55965831875 0.0303673984375 0.5538921078125 0.024420868749999998 0.5495640203125001 0.025265284375000002 0.5483235078125 0.03156861875
0 0.631880340625 0.0658097390625 0.63394068125 0.06641797968749999 0.631475325 0.05477635937500001 0.6205729546875001 0.024576453125 0.61501415 0.016569021875 0.6092420609375 0.0197156 0.6067629921875 0.0292912328125 0.609431834375 0.044934025 0.6219856125 0.07077086875000001 0.626096496875 0.087142534375 0.631880340625 0.0658097390625
0 0.33368002812499997 0.2189172734375 0.33677739687499997 0.20922101093749998 0.3196920453125 0.18022741250000002 0.3102121265625 0.181066740625 0.309587953125 0.1902804796875 0.316365721875 0.2253259734375 0.3247988171875 0.2499463328125 0.32459533125 0.245945159375 0.3326351640625 0.2413459234375 0.33368002812499997 0.2189172734375
0 0.3853291296875 0.170941153125 0.3820341515625 0.1675431375 0.376467509375 0.17165985 0.3739864796875 0.18426651875 0.38488885 0.214466425 0.3865285015625 0.228289578125 0.3927134421875 0.224052234375 0.394989025 0.21047543124999998 0.3853291296875 0.170941153125
0 0.447948103125 0.22341030312500001 0.4572147375 0.2337249859375 0.458455253125 0.2274216515625 0.46216504062499997 0.2266978671875 0.46525261249999994 0.232156784375 0.46937525312500006 0.2303422328125 0.46362667343749997 0.1971163796875 0.460128209375 0.18971718906249999 0.4617815765625 0.18232309062500002 0.44984217812500005 0.1624276890625 0.4463397953125 0.1610905734375 0.4446883875 0.1654536359375 0.441778834375 0.2033993609375 0.447948103125 0.22341030312500001
0 0.5286611328124999 0.16370246093750002 0.5220750953125 0.1508443546875 0.5134247984375 0.1434400796875 0.5099204562499999 0.1451340015625 0.5092962796875 0.154347740625 0.515455753125 0.189513865625 0.5278099609375 0.20528746406249998 0.5350201734375 0.20893183125 0.5360630765625001 0.189534215625 0.5286611328124999 0.16370246093750002
0 0.578543709375 0.1438681171875 0.5869709265624999 0.1775815828125 0.596032115625 0.1869261296875 0.6001547578124999 0.185111578125 0.5977011546875 0.155283740625 0.5847325671875 0.1335687 0.5793733296875 0.1356245109375 0.578543709375 0.1438681171875
0 0.6602219625 0.195128190625 0.6544851375 0.1437161203125 0.6437823359375 0.12357945625 0.6398671015625 0.12333310625 0.6371825859375 0.13193860468750002 0.6441677625 0.164923196875 0.6602219625 0.195128190625
0 0.679570928125 0.06455469375 0.6820480390625 0.05801009687499999 0.68268005 0.0366722140625 0.6738282265625 0.022235731249999998 0.6699972171875 0.0116948453125 0.6588138015625 0.0114996375 0.657965759375 0.014218123437499999 0.6647435296875 0.0492636203125 0.67483195 0.063458840625 0.679570928125 0.06455469375
0 0.6984661140624999 0.16290023125 0.7033968265625 0.1861834734375 0.7050580296875 0.1666652296875 0.7143227046875 0.1800109453125 0.71888170625 0.14073319374999999 0.7067329453125 0.1259297296875 0.6989122703125 0.11028184999999999 0.6908763546875 0.108819015625 0.6898432453125001 0.11306144843749999 0.692721453125 0.1236123046875 0.691885953125 0.140949015625 0.6931147140625 0.1528319 0.6984661140624999 0.16290023125
0 0.4857049578125 0.307452484375 0.48180147656249994 0.28901991875 0.47170717812499996 0.28391780624999996 0.4684043640625 0.2926439328125 0.46818716250000003 0.30986001406249997 0.47291438750000003 0.3291420859375 0.4805296171875 0.34381983125 0.48341566093750005 0.3422465421875 0.4920835890625 0.32237149375 0.4857049578125 0.307452484375
0 0.5407491609374999 0.272468046875 0.54546855 0.3038742625 0.5553456453125001 0.3261924578125 0.55865825625 0.3023111484375 0.5506458484375 0.2644758796875 0.542199040625 0.26107277500000003 0.5401367406250001 0.26349556875 0.5407491609374999 0.272468046875
0 0.6042245015625001 0.265135003125 0.610798784375 0.296179325 0.624591115625 0.3187438703125 0.6244033015625 0.29049440937500004 0.6211220375 0.2658791390625 0.6087697890625 0.24707450468749997 0.6056763390625 0.2507086953125 0.6042245015625001 0.265135003125
0 0.6827170140625001 0.298311459375 0.6888999953125 0.2971051484375 0.6911638234375 0.30171456406249997 0.6825350765625 0.260968890625 0.669159515625 0.2312515078125 0.6629745765624999 0.2354888515625 0.662548009375 0.2577968703125 0.665829275 0.28241214062500003 0.6736558265625 0.2889669125 0.6823022046875 0.3024332625 0.6827170140625001 0.298311459375
0 0.7237771546875 0.21857508750000001 0.7194471078125 0.222450540625 0.7192338265625 0.23360455 0.7299248703125001 0.2719274296875 0.7426880125 0.29267233593749997 0.7484561828125 0.295587828125 0.7443531328125 0.26709201875 0.736129403125 0.237379721875 0.7237771546875 0.21857508750000001
0 0.7512993859375 0.041468403125 0.7440774546875 0.012987920312500002 0.7291127890625 0.0127267109375 0.728852840625 0.017561653125 0.731513846875 0.045328590625 0.7473743546875 0.0563772328125 0.7512993859375 0.041468403125
0 0.192836865625 0.5403694156250001 0.1979828203125 0.5494676125 0.205603925 0.5550522484375 0.21033702812500002 0.5652412124999999 0.215498653125 0.5500911203125 0.21118623906249998 0.5266872453125 0.2138785921875 0.5059576031249999 0.2033734015625 0.4989152203125 0.1990511921875 0.4906665296875 0.1918390203125 0.4900531984375 0.1874972203125 0.5121148671875 0.1920248765625 0.5213336953125001 0.192836865625 0.5403694156250001
0 0.275974559375 0.5453637062500001 0.27640308281250003 0.5200246515625 0.28156079218749996 0.5109366296875 0.2745658203125 0.4931072171875 0.264271953125 0.4779418609375 0.26015323125 0.473694340625 0.25541229374999996 0.475629521875 0.2525144953125 0.49538902812499996 0.2570362734375 0.5137009640625 0.2632094578125 0.5276498359375 0.275974559375 0.5453637062500001
0 0.3165429921875 0.45408963125 0.3173608609375 0.4640322453125 0.3113813671875 0.4692397234375 0.3117902984375 0.47421103125 0.315085278125 0.47760904843749996 0.31816893125 0.4891300375 0.32558263125 0.496775575 0.331749940625 0.5198175578125 0.34060568281250003 0.5281919671875 0.34144118125 0.5108552546875 0.3503008421875 0.5131675921875 0.3400226484375 0.47375394843749996 0.32622835625 0.4542204390625 0.3210784859375 0.45118431406250004 0.3165429921875 0.45408963125
0 0.4011056078125 0.4765008609375 0.395767921875 0.4452152734375 0.387123503125 0.4287178890625 0.37970196562499997 0.43319649531250004 0.3803045921875 0.4573241546875 0.38461700625 0.480728028125 0.3955213328125 0.5078968984375 0.39840541875 0.5093546453125 0.398008240625 0.48619712187499997 0.4011056078125 0.4765008609375
0 0.45812391249999995 0.43102909062499994 0.45483285156250003 0.421569003125 0.44042418124999994 0.396094053125 0.4342431609375 0.394269325 0.4303220484375 0.403116084375 0.43709981718749996 0.438161578125 0.44513377500000006 0.4426554484375 0.45748406406250003 0.46449112187499997 0.45995725624999995 0.46400859843750003 0.45812391249999995 0.43102909062499994
0 0.5173436921875 0.4568532890625 0.521883103125 0.4478858984375 0.528062165625 0.4527416640625 0.5299131421875 0.4584418421875 0.5309462500000001 0.45419941093749994 0.512636059375 0.4072608546875 0.5109944468750001 0.3964687390625 0.504815384375 0.3916129765625 0.4973918890625 0.3991226203125 0.5025260874999999 0.42640703281250003 0.5097265046875 0.4452065796875 0.5173436921875 0.4568532890625
0 0.5870372781250001 0.39375528437499996 0.573657796875 0.37009997499999997 0.5695351578125 0.3719145265625 0.5674689390625 0.3803993921875 0.5713606640625 0.4170181765625 0.575878525 0.441392184375 0.5806175046875001 0.4424880375 0.5923710453125001 0.4311029421875 0.5907372703125 0.40818668125 0.5870372781250001 0.39375528437499996
0 0.6492642656250001 0.4048497203125 0.6538017171875 0.3989133671875 0.6435156875 0.371623865625 0.6418740765625001 0.3608317484375 0.6375499078125 0.3556140921875 0.628891775 0.3603339609375 0.6313434171875 0.393192834375 0.6331904749999999 0.40495508750000003 0.6416294484375 0.4204823375 0.64925643125 0.4169738640625 0.6492642656250001 0.4048497203125
0 0.6931869421875 0.35991249375 0.695435096875 0.38877019687500003 0.70510870625 0.4070872203125 0.7104659828125001 0.40806244375 0.719756128125 0.382004690625 0.7004089078125 0.34537064375000004 0.6944313734375 0.3475470875 0.6931869421875 0.35991249375
0 0.7770288953125 0.40618831718750004 0.78011646875 0.41164723593749997 0.78239205 0.3980704328125 0.776643471875 0.3648445765625 0.7595620390625 0.32978890625 0.7527607609375 0.3311158453125 0.7511034750000001 0.3445720171875 0.7582882203125 0.3876198546875 0.7652831921875001 0.40544926718749996 0.7679637890625 0.4029058421875 0.7770288953125 0.40618831718750004
0 0.560113753125 0.6010517015625 0.561369940625 0.570500078125 0.5539679937499999 0.5446683218749999 0.5550011031250001 0.5404258890625 0.548822040625 0.5355701265625 0.5440889390625 0.5253811640625 0.5389390656249999 0.5223450390625 0.5366674031249999 0.5298597703125 0.5370685 0.546955221875 0.5485774125 0.5952207140625 0.555785665625 0.6018961171874999 0.560113753125 0.6010517015625
0 0.6116888796875 0.5132025328125 0.6040638546875 0.51367996875 0.5960083484375 0.54252749375 0.5984776218750001 0.54810704375 0.607748175 0.552359653125 0.6229786328125 0.5817151421875 0.6269056203125001 0.563775275 0.6258842671875 0.549831490625 0.6116888796875 0.5132025328125
0 0.673688871875 0.5566682296875001 0.68089320625 0.5694057031249999 0.6790481078124999 0.5546124156250001 0.6846245453125 0.535340521875 0.6823724734375001 0.5125448921875 0.67290626875 0.49216696562499995 0.6681672890625 0.49107111249999996 0.6640426890625 0.49591669843749997 0.6640211390624999 0.529258096875 0.668333553125 0.552661971875 0.670802828125 0.5582415203125 0.673688871875 0.5566682296875001
0 0.719891046875 0.49209212812500003 0.7301712 0.5284747375000001 0.7433471921875 0.548128878125 0.7384223578125 0.5157525281249999 0.7306075609375 0.4910115390625 0.7264888390625 0.48676401562500005 0.7215424546875 0.4877290625 0.719891046875 0.49209212812500003
0 0.7897646093749999 0.46936772812500005 0.7813178015625 0.46596462499999997 0.7792515828125001 0.47444949062499997 0.786025434375 0.51555705625 0.8146569203125 0.5352264609375 0.8109588859375 0.5177640296875 0.8019055343750001 0.4962953375 0.7924354124999999 0.48197948437499993 0.7897646093749999 0.46936772812500005
0 0.581276684375 0.6979445796875 0.5755065546875 0.6980601234375 0.572411146875 0.7047253484375 0.575682615625 0.7444958015625 0.5931788578125 0.7754296671875001 0.599371634375 0.7590681781249999 0.598769009375 0.73494051875 0.5936269734375 0.71978025 0.581276684375 0.6979445796875
0 0.66843125 0.72033909375 0.6661713406249999 0.7096676093750001 0.6579378124999999 0.69511049375 0.654445225 0.6786181984375 0.6509448015625 0.674250046875 0.6429069265625 0.6758182484375 0.641664453125 0.68515261875 0.6484383046875 0.7262601828124999 0.6572940468749999 0.7346345953125 0.6684057812499999 0.7597425640625 0.66843125 0.72033909375
0 0.72591338125 0.739430784375 0.7327185796875 0.732041771875 0.7378664921875 0.73810893125 0.730057571875 0.7042748343749999 0.720178515625 0.6849876765625 0.717713159375 0.6733460546875001 0.71194695 0.667399525 0.7076188625000001 0.668243940625 0.7047269421875 0.6789103390625 0.7104716015625 0.7181982671875 0.721174403125 0.7383349296875 0.72591338125 0.739430784375
0 0.7990721265625 0.7352595828124999 0.8011422625 0.7207126453125 0.7935348703125 0.6939107546875001 0.7925135171875 0.6799669703125 0.7764495203124999 0.66491715625 0.7723249203125 0.66976274375 0.771493340625 0.6810373843749999 0.7718866015625 0.7102569812499999 0.7811571546875 0.7145095890625 0.7871248937499999 0.727488325 0.7990721265625 0.7352595828124999
0 0.8306503890625001 0.659393575 0.8388702015625 0.6951679453125 0.8567734187499999 0.7341041546875 0.85761675625 0.7046432968749999 0.8537132749999999 0.6862107296875 0.84136494375 0.6613440234375 0.8366279234375 0.6572171328125 0.8306503890625001 0.659393575
0 0.32469055625 1 0.3241019140625 0.9794596796875 0.320198434375 0.9610271125000001 0.311147040625 0.9365273859375 0.30723376562500004 0.9332499999999999 0.30187452812500004 0.9353058125 0.2993974171875 0.9418504078125001 0.29958914999999997 0.964037796875 0.3053436078125 0.9881705421874999 0.3123444546875 0.9969068468750001 0.313666934375 1 0.32469055625 1
0 0.3877060421875 0.9771525999999999 0.39594544531250003 0.9826166046875 0.40027940937500006 0.9726790812500001 0.4023515046875 0.9551011046875001 0.39577918125 0.9210257468749999 0.39166437656249997 0.9107161515625 0.3877511 0.9074387671874999 0.3825973109375 0.9104647140625 0.3778465765625 0.9275550765625 0.38113567656249997 0.9400462031249999 0.3821511546875 0.963083096875 0.3877060421875 0.9771525999999999
0 0.4652868875 0.9711084203125001 0.47003566250000006 0.95704909375 0.472323 0.9252860734375 0.46285483593750004 0.9079391843750001 0.461626075 0.8960563015625 0.4515337375 0.8879231531249999 0.44287560625 0.8926430218749999 0.45027755 0.9184747765625 0.45355685625 0.9461210812499999 0.458698890625 0.9612813515624999 0.4652868875 0.9711084203125001
0 0.5137372171875 0.9353900234375001 0.5289715921875 0.9586834390625001 0.5248607062499999 0.942311775 0.52714020625 0.9226729 0.5203546015625 0.8997515484375 0.5133576703125 0.8849531734375 0.508826096875 0.8817964171874999 0.5040851578125001 0.8837316 0.5020150218749999 0.8982785390625001 0.5059224203125 0.910649034375 0.5052904093749999 0.931986915625 0.5137372171875 0.9353900234375001
0 0.517041990625 0.9236328578125 0.5209572265625 0.9238792078125 0.52322693125 0.9193955125000001 0.5170537453125 0.905446640625 0.5121054015625 0.9094427250000001 0.5125123765625 0.9174450671875001 0.517041990625 0.9236328578125
0 0.5611818671875 0.8614795484375 0.5558206718750001 0.8665663984374999 0.5545703609375 0.8880249125 0.561146603125 0.9160382 0.5780323843749999 0.9349685531249999 0.58114150625 0.9070860749999999 0.5708535171875 0.8828276109375001 0.56797726875 0.8692457171875001 0.5611818671875 0.8614795484375
0 0.618073128125 0.8382573624999999 0.6125084453125 0.839343040625 0.6108570375 0.84370610625 0.6209239078125 0.891242725 0.63594891875 0.9196280796874999 0.6392536921875 0.9078709140625 0.6312471625 0.8609425390625001 0.6240447859375 0.845174028125 0.618073128125 0.8382573624999999
0 0.6883497484375 0.8295973796875 0.682785065625 0.8306830578125 0.6823604578125 0.849960040625 0.6864752625 0.860269634375 0.686876359375 0.8773650843749999 0.698610309375 0.8962903515624999 0.7072801984375 0.8733842656249999 0.706256884375 0.8624715171874999 0.6883497484375 0.8295973796875
0 0.7678773296875 0.8555003671874999 0.7631481453125 0.8392493312499999 0.7501834765625001 0.81147221875 0.7431747921875 0.8148600593750001 0.7437735 0.845049790625 0.7454151109375 0.85584190625 0.7616747578124999 0.8870170375 0.7622989328124999 0.8778032984375 0.7680690625000001 0.8776877546874999 0.7678773296875 0.8555003671874999
0 0.8360779359375 0.8704804296875001 0.8342426312500001 0.840531959375 0.8204542187499999 0.8119053421875 0.81344749375 0.812262146875 0.8103422890624999 0.8340825546874999 0.81094883125 0.852148140625 0.8179535984375 0.854822371875 0.8292746984375 0.87483840625 0.8340136765624999 0.875934259375 0.8360779359375 0.8704804296875001
0 0.8752792625 0.7971680234375 0.8705383234375 0.7991032046875 0.8694993375 0.812438746875 0.87709889375 0.8513647828125 0.883892334375 0.8621619859375 0.8923411046874999 0.86253405625 0.8956537140625 0.838652746875 0.8859859812499999 0.8112426125000001 0.8752792625 0.7971680234375
0 0.1500534265625 1 0.1442180296875 0.9812181000000001 0.13948100937500002 0.9770912109375001 0.1256671265625 0.9878680640624999 0.1251683 1 0.1500534265625 1
0 0.23517345 1 0.23468520312500002 0.9797313078125001 0.2215092109375 0.9600771671875 0.21532622968749998 0.9612834765624999 0.21140315781250002 0.973161271875 0.2107691875 0.99753019375 0.2112922203125 1 0.23517345 1
0 0.1126419625 0.879285315625 0.11100426875 0.862431125 0.1042186640625 0.8395097765624999 0.0994836015625 0.8323518484375001 0.093713471875 0.8324673921875 0.0914437671875 0.8369510874999999 0.092040515625 0.8701718546875 0.0994405015625 0.8990346468749999 0.1066507140625 0.9026790124999999 0.1099496109375 0.9000149578125001 0.1126419625 0.879285315625
0 0.0776338265625 0.6972046921875 0.0747556171875 0.6866538375 0.06775672968749999 0.674886496875 0.059718853125000006 0.6764546984375001 0.0570323796875 0.6880912312499999 0.059084884375 0.7008236203125 0.05784045 0.7131890265624999 0.0594820625 0.7239811421875 0.066889884375 0.7407197890624999 0.080286996875 0.737095775 0.0776338265625 0.6972046921875
0 0.040579317187500005 0.6074531578125 0.048202381249999995 0.6100067578124999 0.053364009375 0.5948566640624999 0.054620195312499994 0.5643050406250001 0.0505014734375 0.5600575203125 0.046596034375 0.544655990625 0.0420644609375 0.541499234375 0.0375309265625 0.5413735156249999 0.03134206875 0.551672934375 0.03463116875 0.564164059375 0.0315240046875 0.5890155015625 0.040579317187500005 0.6074531578125
0 0.02502585 0.47006736250000003 0.027510796875 0.451398621875 0.026912090625000003 0.421208890625 0.0211478390625 0.41223132500000004 0.01826963125 0.4016804703125 0.008999078125 0.39742786093750004 0.0044596671875 0.4063952515625 0.00692698125 0.41500583593749996 0.0021782078125 0.4290651625 0.0085509625 0.453077278125 0.0163735953125 0.46569412187500003 0.02502585 0.47006736250000003
0 0.11855121093750001 0.5195050296875 0.114221165625 0.52338048125 0.11564165781249999 0.557450753125 0.11995603125000001 0.577823590625 0.12984880000000001 0.5758934953125 0.137481659375 0.563291915625 0.12885095468750002 0.5255772765625 0.126174275 0.5220586296875 0.11855121093750001 0.5195050296875
0 0.08419857343750001 0.424175265625 0.0874876734375 0.436666390625 0.0911994203125 0.4329115703125 0.09860724374999999 0.4496502140625 0.10665099687499999 0.4389889046875 0.1089285390625 0.42238106562500005 0.1060522890625 0.40879917343749994 0.0974117875 0.38623971875 0.0889669390625 0.3798055765625 0.0798939953125 0.388647246875 0.08030096875 0.396649590625 0.08421228593749999 0.40295801249999996 0.08419857343750001 0.424175265625
0 0.166337884375 0.7283888609375 0.16739254374999998 0.69080503125 0.162060734375 0.6504263375 0.15258669375 0.64217255625 0.144754265625 0.64471089375 0.1468008921875 0.6665363890625 0.14472683749999998 0.6871453984375 0.1465738953125 0.6989076515625 0.15789695312500002 0.715892646875 0.1613914984375 0.7293539078125 0.166337884375 0.7283888609375
0 0.18364439375 0.8785654671875 0.19621972031249998 0.8710609140625 0.20262186249999997 0.8496074874999999 0.1921401796875 0.80619266875 0.18760860625 0.8030359140625001 0.1783341359375 0.804845378125 0.17791932500000002 0.8089671796875001 0.17418406718749999 0.849094434375 0.1758276390625 0.856855515625 0.18488686875 0.8692310984375 0.18364439375 0.8785654671875
0 0.28611169687500004 0.80301195625 0.2784905921875 0.79742731875 0.279733065625 0.7880929484375 0.26985205 0.7718368250000001 0.2597459984375 0.784920928125 0.2659035109375 0.823118090625 0.2733074140625 0.8459188078125001 0.28896051875 0.859028353125 0.2825858046875 0.8380472734375 0.28611169687500004 0.80301195625
0 0.35058880000000003 0.8399330562499999 0.3623443 0.825516925 0.35784015468749997 0.7799256640625 0.3522852671875 0.7658561609375 0.3428131859375 0.75457134375 0.3376593953125 0.7575972921874999 0.33414525781250004 0.77444639375 0.33888031875 0.7816043203125 0.3390720515625 0.803791709375 0.3462744265625 0.8195602203125001 0.35058880000000003 0.8399330562499999
0 0.42477505468750004 0.8103059375000001 0.41963497812500006 0.7921146343750001 0.41820273124999996 0.7762305796875 0.4231589109375 0.7601103515625 0.4031875171875 0.7326900421875 0.397415428125 0.735836621875 0.3951378859375 0.7524444609375001 0.39532962031249996 0.7746318484375 0.40398187500000005 0.7790050890625 0.4183905453125 0.8044800406249999 0.42477505468750004 0.8103059375000001
0 0.476107234375 0.8093829156250001 0.47552028125 0.761006965625 0.4660599546875 0.7315359328125 0.454320128125 0.7217037765625001 0.44503781875000004 0.7356373828125 0.44338641250000005 0.7400004484375 0.476107234375 0.8093829156250001
0 0.5339307671875 0.723866615625 0.5277477859374999 0.7250729234375 0.5143604703125 0.7135417578125 0.510443275 0.71632644375 0.508993396875 0.727721715625 0.51515286875 0.7628878390625 0.5336822203125 0.789579275 0.53329091875 0.75732864375 0.5374233546875 0.7403589109375 0.5339307671875 0.723866615625
0 0.1666259125 0.42728770781250003 0.175272290625 0.44075405625 0.1783657390625 0.43711986718749996 0.1777572375 0.42208531718750003 0.1847737578125 0.40657333125 0.17922670624999998 0.38037968437499997 0.171816925 0.3666720734375 0.162753778125 0.3603585640625 0.159249434375 0.36205248437500004 0.160891046875 0.3728446015625 0.1588248296875 0.3813294671875 0.16046056250000001 0.4012146921875 0.1666259125 0.42728770781250003
0 0.2441382125 0.38286862187500004 0.2336526140625 0.345515878125 0.22871210625 0.3373878140625 0.221707340625 0.334713584375 0.2165417953125 0.35592574843749997 0.221470546875 0.382240028125 0.2393796421875 0.4120831296875 0.2395909671875 0.40396015781249994 0.244746715625 0.397903171875 0.2441382125 0.38286862187500004
0 0.3006381734375 0.327395803125 0.28848353437499996 0.3216854484375 0.2798234421875 0.3294363515625 0.2913362734375 0.3716397734375 0.29998069374999997 0.3881371578125 0.30533601093749996 0.3921434171875 0.31009066406249997 0.36899098124999996 0.3010373125 0.34752229218749997 0.3006381734375 0.327395803125
0 0.3564493078125 0.38116091875 0.369241834375 0.3564402828125 0.369453159375 0.34831730781250003 0.3595819390625 0.31690600468749996 0.353404834375 0.30901920625 0.34639810937500004 0.3093760109375 0.34288593125 0.3231940765625 0.34617699062499996 0.3326541640625 0.344525584375 0.3370172296875 0.348624715625 0.3715751109375 0.3564493078125 0.38116091875
0 0.4082298796875 0.2942818859375 0.40369438750000003 0.297187203125 0.40388807968749996 0.31634355468750003 0.40922968437499996 0.3415670671875 0.42693920937499996 0.361346925 0.42818168281249996 0.35201255625 0.42530935156250005 0.33236859218750003 0.41790544843750005 0.3095678734375 0.4082298796875 0.2942818859375
0 0.242589896875 0.700868075 0.2452900859375 0.6680142890625 0.2492131578125 0.6561364921874999 0.2399524 0.6367287046875 0.2379038140625 0.6179342453125 0.22553981093750003 0.6173158265625001 0.22306074062499998 0.6268914578125 0.2261424359375 0.641443484375 0.22366140781250002 0.654050153125 0.225304978125 0.6618112328125 0.242589896875 0.700868075
0 0.292725121875 0.628974390625 0.300537959375 0.656746415625 0.31001591875 0.6589381265625 0.3168054421875 0.675797403125 0.322583409375 0.6635577140625 0.321362484375 0.6395506859375 0.31786793750000003 0.6260894265625 0.318701478125 0.6117837500000001 0.3049071875 0.5922502421875 0.2991370578125 0.592365784375 0.2925373078125 0.60072493125 0.29685755625 0.6120046593749999 0.292725121875 0.628974390625
0 0.3684354640625 0.6475403859375 0.3705134359375 0.6208693015625 0.36640255 0.6044976359375 0.364770734375 0.5785503375000001 0.358386225 0.5727244375 0.3503503078125 0.5712616046875 0.347652078125 0.601084353125 0.3501096 0.6248501203125 0.355255553125 0.6339483171875 0.3589555453125 0.6483797109375 0.3684354640625 0.6475403859375
0 0.4267139359375 0.5654549078125 0.4188893421875 0.5558691 0.411469765625 0.5573166703125 0.40713384374999995 0.5702852328125 0.41741399687499997 0.6066678421875 0.4256455640625 0.6242559921875 0.432440965625 0.6320221593750001 0.435352478125 0.591045403125 0.4267139359375 0.5654549078125
0 0.5013989421875 0.576139203125 0.5009900078125 0.57116789375 0.477310784375 0.5414403359375 0.47442278125000004 0.5460446609375 0.47482583749999996 0.5601090765625 0.4814020796875 0.5881223624999999 0.4900464984375 0.604619746875 0.49458003125000005 0.604745465625 0.49314974375 0.5858303765625 0.5013989421875 0.576139203125
0 0.0644874796875 0.312856078125 0.0799370953125 0.32196445156250003 0.082412246875 0.3184508921875 0.07582816875000001 0.30256175 0.06925976406249999 0.26242431875 0.062466320312500004 0.25162711249999997 0.05669619218750001 0.25174265625 0.05463193281249999 0.2571964859375 0.054213203125 0.2673803609375 0.0498811984375 0.27428685 0.0511079984375 0.28920076875 0.0574787953125 0.3162439203125 0.0644874796875 0.312856078125
0 0.1378575484375 0.30056190312500003 0.1436218 0.3095394703125 0.1471281015625 0.3048145140625 0.15063048437499998 0.3061516296875 0.14941347968750002 0.27608252968749997 0.1387243921875 0.2347286140625 0.1348111171875 0.231451228125 0.125742090625 0.23423082499999998 0.12572445937500001 0.2615101515625 0.1329092046875 0.3045579890625 0.1345566921875 0.306256996875 0.1378575484375 0.30056190312500003
0 0.204649415625 0.2632854796875 0.20363981718750002 0.2311554796875 0.1980849296875 0.2170859765625 0.19396620625 0.212838453125 0.187783225 0.2140447640625 0.18818628125 0.22810917812499998 0.184678021875 0.235865171875 0.187560146875 0.24035395468749998 0.1970067609375 0.291042240625 0.204649415625 0.2632854796875
0 0.2498243609375 0.1938587015625 0.24425967656249997 0.1949443796875 0.24033856406249998 0.20379113750000002 0.2458954109375 0.2148296046875 0.2458816984375 0.23604685937499997 0.2627596421875 0.26710135625000003 0.2685493625 0.236675453125 0.264438478125 0.22030378750000001 0.2498243609375 0.1938587015625
0 0.8106658 0.01473265625 0.8101380562499999 0.0141410125 0.7918728296875 0.013822192187499999 0.79643710625 0.0296313109375 0.8162050140625 0.053050448437499995 0.8156023890625 0.028922790625 0.8106658 0.01473265625
0 0.9107419328124999 0.1315870796875 0.9047683171875001 0.12770145156249998 0.8983877250000001 0.11581348124999999 0.8874912343749999 0.076520465625 0.8829596593750001 0.0733637125 0.8784241671874999 0.076269028125 0.87676100625 0.098818309375 0.8792224421875 0.11652200312500001 0.890134609375 0.1315667296875 0.909708825 0.1358295140625 0.9107419328124999 0.1315870796875
0 0.905140028125 0.1902624453125 0.909035671875 0.22081915625 0.9345776265625 0.238060678125 0.9356126937499999 0.230787209375 0.9284161953125001 0.20592559062500002 0.9111214796875 0.1820239296875 0.9061750953125 0.18298897812499998 0.905140028125 0.1902624453125
0 0.9368120671875 0.28813563593749997 0.9458536656250001 0.32779054375 0.962745325 0.337627790625 0.9598769125000001 0.311921753125 0.9518488312500001 0.29833477343750003 0.9506181125 0.28948292656249996 0.9432044124999999 0.2818373890625 0.9368120671875 0.28813563593749997
0 1 0.49098567812500005 0.998097765625 0.4802427359375 0.9937755578124999 0.47199404375 0.9818518328125 0.427850353125 0.9771148140625 0.4237234640625 0.9727867265624999 0.4245678796875 0.9701022109374999 0.43317337499999997 0.972141 0.467123015625 0.9855243984375001 0.4847162546875 0.99541325 0.4888482328125 1 0.4964914359375 1 0.49098567812500005
0 1 0.78801509375 0.9898678984375 0.7788524796875 0.9869798968750001 0.7834568078124999 0.9894354562500001 0.8102536062500001 0.9925151921875001 0.827836671875 1 0.8404209953124999 1 0.78801509375
0 0.9294468265625 0.8431720578125 0.9347982265624999 0.8532403890625 0.9389247859375001 0.845363765625 0.9545739703124999 0.86453538125 0.9552001046875 0.8522906062500001 0.95150403125 0.8317971359375 0.9449258296874999 0.8068148890625 0.934428475 0.787648359375 0.9278346015625001 0.7869143968750001 0.9243283 0.7916393546875 0.9243204640625 0.8037634984375 0.9284333078125 0.8171041296875 0.92759976875 0.8314098046874999 0.9294468265625 0.8431720578125
0 0.914897359375 0.7167027781249999 0.9118117453125001 0.708212825 0.9091546578124999 0.6743838140625 0.8957810546875 0.641635396875 0.890012884375 0.6387199031249999 0.8854773937499999 0.6416252203125 0.8862893828124999 0.6606609406249999 0.888132521875 0.678485265625 0.896156684375 0.6981343171875001 0.9113930187499999 0.7183966984375 0.914897359375 0.7167027781249999
0 0.868251246875 0.5116372921875 0.8688793406249999 0.49636148125 0.8631248843750001 0.4722287359375 0.8581784984375 0.47319378125 0.8480920375000001 0.455967525 0.842730840625 0.4610543734375 0.8425175578124999 0.4722083828125 0.8497081796874999 0.5061631109375 0.8665939609375 0.525093465625 0.8750407703124999 0.5284965703125 0.868251246875 0.5116372921875
0 0.8068675515624999 0.32662083750000004 0.8171437875 0.36906552187499997 0.8344404609374999 0.38993614375 0.8373265046875 0.3883628546875 0.8313724796875 0.354166865625 0.822735896875 0.3255453359375 0.8112034749999999 0.3136522765625 0.8068675515624999 0.32662083750000004
0 0.78436645 0.21281533281249998 0.7796255125 0.21475051562499997 0.77879393125 0.22602515625000003 0.7810518828124999 0.239727678125 0.7886651515625 0.257436459375 0.8004030203125 0.27029965312500004 0.802477075 0.24969064218749998 0.795278615625 0.22786005937499998 0.78436645 0.21281533281249998
0 0.7720377109375 0.1576382640625 0.7736989140625 0.13812001875 0.765267778125 0.11046862500000001 0.7553828453125 0.10027457343749999 0.7512562859374999 0.10815119843750001 0.7545316734374999 0.141859578125 0.7720377109375 0.1576382640625
0 0.8441829390625 0.127399134375 0.8295688218749999 0.10095404999999999 0.8279272093750001 0.09016193125000001 0.81865665625 0.08590932343749999 0.8151386 0.1088204953125 0.8173985109374999 0.1194919828125 0.82748693125 0.133687203125 0.8388158656250001 0.1415790921875 0.8425256531249999 0.1408553078125 0.8441829390625 0.127399134375
0 0.8649134281249999 0.255693140625 0.8684118921874999 0.263092328125 0.87151905625 0.238240884375 0.8645221265625 0.22344250937500001 0.86267506875 0.21168025781250002 0.8665942203125001 0.205864534375 0.8550598390624999 0.1970025109375 0.8451670703125 0.19893260468750001 0.8420716609375001 0.20559783125000003 0.8478261171874999 0.229730578125 0.8476108765625 0.243915625 0.8649134281249999 0.255693140625
0 0.8972174796875001 0.3322284453125 0.8840454046874999 0.306512234375 0.8786900859375001 0.3025059734375 0.873125403125 0.30359165312499997 0.8708498203125 0.31716845625 0.877424103125 0.3482127796875 0.8912242718750001 0.3586531796875 0.8945172906250001 0.36508223281249996 0.8982270796874999 0.3643584484375 0.8972174796875001 0.3322284453125
0 0.9306876000000001 0.517639790625 0.9272028499999999 0.48902334999999997 0.91774448125 0.45652127968749995 0.9095070375000001 0.4480262375 0.9053804781249999 0.4559028625 0.9131874390625001 0.49276799374999997 0.9306876000000001 0.517639790625
0 0.9642008203125 0.6363683421874999 0.954519375 0.6301754625 0.9475106890625 0.6335633031250001 0.9604636046874999 0.6795266328125 0.9711722828125 0.6905701859375 0.9781770484375001 0.6932444171875 0.9794156046875001 0.6899721203125 0.9748957859375 0.6686291484375 0.9642008203125 0.6363683421874999