0 0.0477623796875 0.09428738125 0.055612115625 0.0918428640625 0.06197872812500001 0.0763221234375 0.063787440625 0.03852911875 0.057152121874999996 0.026090353125 0.05263383125 0.026772157812500003 0.04530946875 0.046217428125 0.0456057453125 0.05821274375 0.039468234375 0.078738925 0.0402502734375 0.0847809265625 0.0477623796875 0.09428738125
0 0.1169548609375 0.06668065 0.12112173749999999 0.0859319140625 0.12029834218749999 0.10383619687500001 0.1317361890625 0.088670215625 0.1366455015625 0.0910094125 0.137427540625 0.097051415625 0.1406780234375 0.09628092187500001 0.1407883015625 0.032424159375 0.138657490625 0.027285684375 0.13248036875 0.024857798437500002 0.12159546562500001 0.04106034375 0.12133879843749999 0.05201909375 0.1169548609375 0.06668065
0 0.19715326718749998 0.04885665 0.1935909796875 0.092514278125 0.19847272031250002 0.11081766562499999 0.21318861875 0.078917 0.21425489843749998 0.058036059375000004 0.2123807546875 0.0419388359375 0.20486864843750002 0.0324323796875 0.19715326718749998 0.04885665
0 0.27135365624999996 0.046064303125 0.2632748203125 0.043503379687499996 0.2507035203125 0.072560425 0.2480731578125 0.08135735937500001 0.25147177656249997 0.0865845234375 0.254289884375 0.1067393140625 0.27133812343749997 0.10094675 0.27533104218750004 0.0832641921875 0.27135365624999996 0.046064303125
0 0.325049009375 0.0947252890625 0.32939159375 0.1040100171875 0.3331140578125 0.10526830625000001 0.3359735203125 0.10147681093750001 0.338781334375 0.035812990625 0.33507265625 0.026572606250000002 0.3295294375 0.024189064062499998 0.3247682640625 0.027847525 0.3221379015625 0.036644459375 0.3201414421875 0.0454857375 0.3209630921875 0.0744818078125 0.325049009375 0.0947252890625
0 0.3938069484375 0.1115098609375 0.3979204328125 0.1157891515625 0.4036531421875 0.10022406406249999 0.4099250078125 0.0936776390625 0.41049173437500003 0.08673210625 0.4085642 0.0556629109375 0.40485551875 0.046422525 0.3993123046875 0.0440389828125 0.39382247812500004 0.056627412499999995 0.3893971875 0.09523525625 0.3895177546875 0.1171971046875 0.3938069484375 0.1115098609375
0 0.4696618953125 0.056943371875 0.46403771875000005 0.055552046875000004 0.45895269843750003 0.06317938281249999 0.45374536406250005 0.0957452234375 0.4584514015625 0.12401514375 0.46044786093749995 0.11517386562500001 0.46957918750000005 0.1048359421875 0.4729657703125 0.07114485000000001 0.4696618953125 0.056943371875
0 0.539336228125 0.0937497 0.5370710640625 0.0746314734375 0.527724421875 0.071981859375 0.526024240625 0.09281845625 0.52029153125 0.10838354218749999 0.5244050171875 0.11266283125000001 0.5278708140624999 0.124879871875 0.5435168906250001 0.105018865625 0.539336228125 0.0937497
0 0.6105488234374999 0.111703871875 0.6150808999999999 0.103039971875 0.60701585 0.092496953125 0.6051417078125 0.0763997296875 0.6017430859374999 0.0711725640625 0.5957950656250001 0.073750115625 0.5919502859375 0.09743033281249999 0.589697159375 0.11723036406250001 0.59412070625 0.1255228734375 0.6056791203125 0.1323187421875 0.6105488234374999 0.111703871875
0 0.663056096875 0.085440559375 0.6629871734375 0.1253510375 0.67261630625 0.1479780609375 0.67655583125 0.1153235296875 0.6743854125000001 0.0872309890625 0.6705148109375 0.0799750421875 0.6660774796875 0.079664628125 0.663056096875 0.085440559375
0 0.7341329812499999 0.1403387765625 0.7359537328125 0.14146403125 0.7369252671875001 0.12955740625 0.7350786921875 0.097495990625 0.732003915625 0.088299953125 0.7255029515625 0.0898409390625 0.7203369703125 0.0984604921875 0.7184076890625 0.11429165 0.7231137249999999 0.1425615703125 0.722371290625 0.159473634375 0.7341329812499999 0.1403387765625
0 0.40100550312500005 0.2108038015625 0.40680538593750004 0.2022285921875 0.39861976875 0.1697237265625 0.38919216562500003 0.1680663328125 0.385927896875 0.1768189234375 0.38237939375 0.2124944546875 0.3834439265625 0.2385138671875 0.384401675 0.23458933750000002 0.39351921875 0.232233509375 0.40100550312500005 0.2108038015625
0 0.4648976484375 0.177836875 0.462685875 0.17369061875 0.45610394843749996 0.1762238265625 0.45006118125 0.1877756921875 0.45190775624999996 0.21983710781250002 0.44950649218749994 0.23363948125 0.45672232187499995 0.2311506203125 0.46284605 0.21860653437500002 0.4648976484375 0.177836875
0 0.510425896875 0.2449181578125 0.516427309375 0.2573125765625 0.5194486921875 0.2515366421875 0.5232521171875 0.2518027140625 0.524668065625 0.2578890625 0.52918635625 0.2572072578125 0.5332068421875 0.22356050781249998 0.53195281875 0.21548972187499998 0.53568906875 0.20876591718749998 0.529863359375 0.1864049625 0.5268557609375 0.1841988015625 0.5239963000000001 0.187990296875 0.510224365625 0.2239485265625 0.510425896875 0.2449181578125
0 0.6058651187499999 0.20817082031249998 0.603195146875 0.19401368593749999 0.59695085 0.184595921875 0.5930664640625001 0.185322071875 0.5898021953125 0.19407465937499999 0.5856197890625 0.2297058484375 0.5930371484375 0.24818661562500002 0.5989713859375 0.2535911609375 0.60558088125 0.23509376093749998 0.6058651187499999 0.20817082031249998
0 0.6599226890625001 0.20197360937500003 0.658356859375 0.23678995781249998 0.6644392359375 0.248192159375 0.6689575265625 0.24751035625 0.6751897859375 0.2180098609375 0.6688920953124999 0.193620125 0.6631059968749999 0.19421323906250001 0.6599226890625001 0.20197360937500003
0 0.7242669562499999 0.2728499484375 0.73354816875 0.22160933124999999 0.72899026875 0.1993370671875 0.7252678046875001 0.19807877812500002 0.7201827859375001 0.2057061125 0.7174301078124999 0.23944155312499998 0.7242669562499999 0.2728499484375
0 0.791764490625 0.125378753125 0.78735473125 0.1091041484375 0.7862764125 0.09106682968749999 0.7793844265625001 0.08958681562500001 0.7742994078125001 0.09721415156249999 0.7707509031249999 0.13288968437499998 0.776428471875 0.1492529796875 0.78070388125 0.15154783125 0.7849930734375 0.1458605875 0.791764490625 0.125378753125
0 0.7706250953125 0.2516288953125 0.7686820296875 0.275442146875 0.7759254296875 0.25698909375 0.78105005625 0.2723158265625 0.7968046640625001 0.2354984109375 0.7893063421875001 0.2180098609375 0.7862453515625 0.200831728125 0.7788813828125 0.19732293125 0.776655825 0.201158771875 0.77639915625 0.21211752343749998 0.7705854890625 0.228674828125 0.768346146875 0.2404927625 0.7706250953125 0.2516288953125
0 0.522751240625 0.3360728109375 0.5242895 0.3172206546875 0.51598156875 0.30965429375000003 0.5102626453125 0.31723728281249997 0.5050828828125 0.3338389328125 0.5040975640625 0.353727653125 0.507239515625 0.3699135703125 0.5104899984375 0.3691430765625 0.524625384375 0.3521700359375 0.522751240625 0.3360728109375
0 0.5861830234375 0.316561021875 0.58169055625 0.3481789890625 0.5848187234375 0.3723470015625 0.5949215859375 0.3501024515625 0.5980790687499999 0.31140592031250003 0.5908770203125 0.3059126859375 0.5881794828125 0.30771974375 0.5861830234375 0.316561021875
0 0.6498025515625 0.326000959375 0.6472117953125001 0.3577519609375 0.6540624296875001 0.38317826093749996 0.6620344796875 0.35579523750000003 0.66596021875 0.33112280312500003 0.659419646875 0.3097097265625 0.6553733375 0.3124203109375 0.6498025515625 0.326000959375
0 0.7162797953125 0.37854975468749996 0.7226188375 0.37899320468750003 0.723481840625 0.3840429890625 0.7268822078125 0.3423698 0.722500015625 0.310131003125 0.7152841859375 0.31261986406250003 0.7084318078125 0.33409391718750003 0.7045060656250001 0.358766353125 0.71019741875 0.3671475515625 0.7146881421875 0.382429940625 0.7162797953125 0.37854975468749996
0 0.7790794203125 0.31209326718749997 0.7737653015625 0.3147151640625 0.7703391125 0.32545219062499997 0.7696362875 0.36531832343750004 0.7760149375000001 0.38871584062500003 0.7807623265625 0.393039475 0.7850119125 0.364398165625 0.785619990625 0.333506346875 0.7790794203125 0.31209326718749997
0 0.85251251875 0.0996919265625 0.8486281328124999 0.10041807656249999 0.8420186359375 0.1189154734375 0.8365822046875 0.146475875 0.8487607390624999 0.1612981828125 0.8568671421875 0.14789491562499998 0.8581900875 0.11605522343750001 0.855358196875 0.10388252812500001 0.85251251875 0.0996919265625
0 0.1717538109375 0.485150221875 0.1741137203125 0.4952941328125 0.179886034375 0.502683115625 0.18153108125 0.5137749015625 0.190905290625 0.5004603249999999 0.1934822625 0.4766914171875 0.2020744328125 0.45733483750000004 0.19392842187499998 0.44778403750000007 0.1921214546875 0.4386766890625 0.185310428125 0.43620445625000004 0.1747355859375 0.45642022187500003 0.1764615921875 0.46651978906249997 0.1717538109375 0.485150221875
0 0.2508664921875 0.51164010625 0.25859565624999997 0.4872337390625 0.2662162921875 0.479783784375 0.26458503125 0.46070990156249997 0.2589884234375 0.44335438906249997 0.2562237078125 0.43817156874999996 0.2510715125 0.438809028125 0.2425603046875 0.45717339062500006 0.2416559484375 0.47606989375 0.24361105312500003 0.49117490156250004 0.2508664921875 0.51164010625
0 0.3165199734375 0.4338916828125 0.31444255625 0.44372517968749997 0.30714576562499996 0.44720626250000006 0.306107053125 0.45212301093749996 0.3083188265625 0.45626926562500003 0.30798119687500003 0.46822023437500004 0.3129576859375 0.47754931093749997 0.31228242812499996 0.50145125 0.31844576406249997 0.5118612328125 0.324259434375 0.49530392812499996 0.3321763453125 0.49984928906250004 0.3335940359375 0.4590352828125 0.3258666171875 0.43654129375000006 0.32175313125 0.4322620046875 0.3165199734375 0.4338916828125
0 0.3919860125 0.4776053375 0.39584457500000003 0.44594302656249996 0.392230640625 0.427728328125 0.3837470015625 0.4301285015625 0.377366603125 0.45363133749999995 0.374789634375 0.4774002421875 0.377512996875 0.5065293484375 0.37988669062499997 0.5086911656249999 0.3861861265625 0.486180546875 0.3919860125 0.4776053375
0 0.46035765156249997 0.4484602953125 0.45989945312499997 0.43844941718749997 0.4532917046875 0.41004646093749997 0.44782944999999996 0.4066707 0.441476621875 0.4142093453125 0.43792811875000004 0.4498848765625 0.4444153 0.4563259859375 0.4500790828125 0.480671375 0.4526147 0.4808487546875 0.46035765156249997 0.4484602953125
0 0.5102832296875001 0.48887450625 0.5172699625 0.4813802046875 0.52185543125 0.4876882765625 0.5220035671875001 0.4936859359375 0.524229125 0.48985009531249996 0.5200364234375 0.43966267031250006 0.5215609015625 0.428792609375 0.5169754328125 0.4224845359375 0.50761500625 0.42781702031249996 0.504714190625 0.4555548 0.506264490625 0.47562090156250003 0.5102832296875001 0.48887450625
0 0.5960239781250001 0.4459762875 0.5898882125 0.4196021140625 0.5853699203125 0.42028391718749997 0.5809188046875 0.42795559843750003 0.5741198187500001 0.4644016234375 0.5714618875 0.4891627484375 0.5757372953125001 0.4914576015625 0.5904118390625 0.48350322031250004 0.5954434656250001 0.4609039140625 0.5960239781250001 0.4459762875
0 0.653114971875 0.47292140156249995 0.6592249171875 0.4683594125 0.657135459375 0.439274653125 0.6586599343749999 0.428404590625 0.655976178125 0.42222955312500005 0.64622473125 0.42454103437499996 0.6391156859375 0.456973840625 0.6375102484374999 0.4688361203125 0.6412051437499999 0.48605859999999995 0.649607821875 0.48465064687500004 0.653114971875 0.47292140156249995
0 0.708643628125 0.44088215937499997 0.70249233125 0.469390434375 0.706578246875 0.4896339140625 0.711487559375 0.4919731109375 0.7280104234375 0.46917979374999996 0.719838590625 0.4286928328125 0.7134185875 0.42924160312500004 0.708643628125 0.44088215937499997
0 0.7765230328125 0.5074993953125 0.7779389812499999 0.51358574375 0.7840627062500001 0.501041659375 0.7880831953125 0.467394909375 0.781651153125 0.42902542187500003 0.7746782046875 0.42853762656249994 0.7691883796875 0.4411260546875 0.7637243796875001 0.48465064843750005 0.7653556406249999 0.5037245296874999 0.7686870828125001 0.50196181875 0.7765230328125 0.5074993953125
0 0.510102284375 0.6395420984375 0.5201379703125 0.6103076734374999 0.5204222046875 0.5833847328124999 0.5226477640625 0.579548890625 0.5180622953125 0.57324081875 0.51641725 0.5621490328125 0.512303765625 0.5578697421875 0.5079336109375 0.5645492046875 0.5033877515625 0.5811952 0.5006075046875 0.630894828125 0.5056649546875 0.639231684375 0.510102284375 0.6395420984375
0 0.5854318562499999 0.5679748546875001 0.5779059671875 0.5664504953125 0.5617741234375 0.5922648140625 0.5625561671875 0.5983068171875 0.5703111546875 0.6048366140625 0.576595059375 0.6372084453125 0.58557825 0.620872865625 0.5886134171874999 0.6071148375 0.5854318562499999 0.5679748546875001
0 0.63295915 0.626183175 0.636263021875 0.640384653125 0.6387452484375 0.6255900624999999 0.6497111140625 0.6083952984375001 0.6541088359375 0.585751646875 0.650818746875 0.5635680734374999 0.6465433375 0.5612732203124999 0.641148259375 0.564887334375 0.6315035953125 0.5971427609375 0.628926625 0.6209116671875 0.6297086671875001 0.6269536703125 0.63295915 0.626183175
0 0.6963651093750001 0.5757352250000001 0.6958242046875001 0.61361691875 0.7029177203125 0.6360665625 0.70749115 0.6034563765625001 0.7070605203125 0.577481309375 0.7042958046875001 0.5722984890625 0.699224571875 0.571943728125 0.6963651093750001 0.5757352250000001
0 0.7706266562499999 0.5719492734375 0.7634246124999999 0.5664560390625 0.7589734953125 0.57412771875 0.7536714171875001 0.6156678734375001 0.7757357515625001 0.6421584546875 0.7771930515625 0.6242985140624999 0.774617828125 0.6011670671875 0.7695741625 0.5848481171875 0.7706266562499999 0.5719492734375
0 0.5026400796875 0.7388083234375 0.4970159015625 0.737417 0.4920928046875 0.743059896875 0.4837831265625 0.7823938890625 0.4918068203125 0.8168831937500001 0.5025298015625 0.8026650859375 0.5089101984375 0.77916225 0.5083038640625 0.7631537140625 0.5026400796875 0.7388083234375
0 0.5806223453125 0.7831810140625 0.5815129171875 0.77226660625 0.577737059375 0.756036346875 0.5791133984375 0.7391686265625 0.5769825859375 0.734030153125 0.56874183125 0.73345366875 0.5648436609374999 0.7421619125000001 0.55954158125 0.7837020671875 0.5657049171875 0.7941120500000001 0.56922410625 0.8213010625000001 0.5806223453125 0.7831810140625
0 0.63080756875 0.8166282109375 0.639534090625 0.8112513828125 0.6427707890625001 0.8184629843750001 0.644970521875 0.78369098125 0.6409655671875 0.7624552812500001 0.6419371015625 0.7505486546875 0.6380664984375 0.743292709375 0.6336291703125 0.7429822953125 0.6277483234375001 0.752549721875 0.6219742625 0.7920610953125 0.6265321609375001 0.8143333593750001 0.63080756875 0.8166282109375
0 0.70289695 0.8316500703124999 0.7091016406249999 0.8181137671875 0.7094668390625001 0.7901986062499999 0.7125020078125 0.776440578125 0.701281221875 0.757693740625 0.69588614375 0.76130785625 0.6918260484375 0.7720005375000001 0.6837730375 0.800375778125 0.6915280265625 0.806905575 0.6935640921874999 0.8210183625 0.70289695 0.8316500703124999
0 0.755392184375 0.766468503125 0.753030528125 0.8032249421875 0.759138725 0.8455633078125 0.7684595453124999 0.8172767562500001 0.7699978062499999 0.7984245999999999 0.7652108078125 0.771146896875 0.7618121875 0.7659197328125 0.755392184375 0.766468503125
0 0.155771153125 0.9580263171875 0.1576452953125 0.9741235406250001 0.1612058390625 0.97736626875 0.16486112656250002 0.97163468125 0.17219927031249999 0.9442073140625 0.17373753281249998 0.92535515625 0.1720390953125 0.8992913984375001 0.16919341875 0.8951007984375 0.1634073203125 0.8956939125 0.15911812812499998 0.9013811546875001 0.152899653125 0.9228995546875 0.1515095296875 0.9477493703125001 0.155771153125 0.9580263171875
0 0.23449287187499998 0.9585439062500001 0.2408990921875 0.9659772328124999 0.24796678437500003 0.9574907125 0.2550482640625 0.9410220984375 0.2585158046875 0.9063387875 0.2575046640625 0.8952913453125 0.2546589890625 0.8911007453125 0.248791928125 0.8926860781249999 0.23925579375 0.90798509375 0.23883720312499998 0.920928284375 0.23317167187500001 0.9434832468750001 0.23449287187499998 0.9585439062500001
0 0.311407565625 0.9729054406250001 0.3200669109375 0.9605387375 0.331451365625 0.930400784375 0.3272844875 0.9111495234375001 0.3295238296875 0.8993315859375001 0.3220926859375 0.8888329140625 0.3123412375 0.8911443953125 0.3120569984375 0.9180673374999999 0.307254471875 0.945672084375 0.30786080781249997 0.96168061875 0.311407565625 0.9729054406250001
0 0.36866222656250003 0.9509657656250001 0.3766997078125 0.9774729734375001 0.3774421421875 0.9605609093749999 0.38531944687499997 0.9421522015624999 0.3853608 0.918205915625 0.3828527515625 0.902064346875 0.379373171875 0.8978294015625 0.37422097656250003 0.8984668593749999 0.3680162859375 0.9120031624999999 0.36823159843750003 0.924990696875 0.36146018125 0.9454725312500001 0.36866222656250003 0.9509657656250001
0 0.37525793749999997 0.9404504640625 0.37898040312500003 0.9417087515624999 0.38247376875 0.9379616015625001 0.3805186625 0.9228565953125001 0.3745706421875 0.925434146875 0.37265514375 0.9332832078125 0.37525793749999997 0.9404504640625
0 0.43596635937499995 0.8918095703125 0.42930347031249994 0.8953349953125 0.42189814999999997 0.9157724859374999 0.4201841828125 0.9445911765625 0.43108112343749994 0.9673068890625001 0.4421417328125 0.9411378109375 0.4391754875 0.9149853625000001 0.44030894218750005 0.9010942984374999 0.43596635937499995 0.8918095703125
0 0.49779270468750003 0.8841600625 0.492087565625 0.8837609562500001 0.48922810468750005 0.8875524531250001 0.485261009375 0.9361711734375 0.491625875 0.9675507859374999 0.4982215859375 0.957035484375 0.50400943125 0.9095420171875 0.5015823453125 0.892408228125 0.49779270468750003 0.8841600625
0 0.5683851796875 0.89408779375 0.562680040625 0.8936886890625001 0.55670445 0.91223043125 0.557715590625 0.9232778734375 0.55316973125 0.9399238671875001 0.5590764 0.961292603125 0.5740885734375001 0.9413872515625 0.5762469515624999 0.930561534375 0.5683851796875 0.89408779375
0 0.6379647687500001 0.9398684375 0.6380732984375 0.922912028125 0.633529184375 0.8926576671875001 0.625760409375 0.8941099671874999 0.6176264390624999 0.9234774265624999 0.6161019624999999 0.9343474875 0.6228578484375 0.9687481015625 0.6261221156250001 0.9599955124999999 0.63174629375 0.9613868359375 0.6379647687500001 0.9398684375
0 0.699722190625 0.9721294046875 0.706588353125 0.94267325625 0.701491296875 0.9113823328124999 0.6945993109375 0.9099023203125001 0.6852922765625 0.9302067765625001 0.6806654562500001 0.9478449890625 0.686680653125 0.9522573140624999 0.6918724546874999 0.9745739234374999 0.6961478640625 0.976868775 0.699722190625 0.9721294046875
0 0.7588665265625 0.91140450625 0.75371433125 0.9120419656250001 0.7488584109375 0.924674740625 0.7449860625 0.9643191484375 0.748451859375 0.9765361875 0.75653069375 0.9790971109375001 0.7666335546874999 0.9568525625 0.7651780015625 0.9278121484374999 0.7588665265625 0.91140450625
0 0.0700105984375 0.9779718531249999 0.08548271562500001 0.921177028125 0.0783892 0.898727384375 0.07205015625 0.898283934375 0.0648205421875 0.9087548921874999 0.0571723359375 0.9321690390624999 0.056362725 0.9420912265625001 0.058695065625 0.9681993296875 0.062012725000000005 0.9744187140625 0.0700105984375 0.9779718531249999
0 0 0.646189771875 0.0059175265625 0.64618275625 0.014861109375 0.606893109375 0.015117778125 0.5959343578125 0.011732942187500001 0.582725096875 0.0034921874999999996 0.5821486124999999 0 0.58833403125 0 0.646189771875
0 0.0048642546875 0.5103970609374999 0.0115133578125 0.51485373125 0.02088756875 0.5015391515625 0.030923253125 0.472304728125 0.0281585359375 0.46712190781249996 0.0288200125 0.4512020625 0.02534043125 0.44696711875000006 0.0209840609375 0.44566448437500006 0.0120146546875 0.45401796875 0.011596065625 0.466961159375 0.0014122421875 0.4901979234375 0.0048642546875 0.5103970609374999
0 0.029449640625000002 0.37341127812499997 0.0372459828125 0.35599478906250004 0.0453799546875 0.32662733125 0.042386140625 0.3164390734375 0.0426428078125 0.3054803203125 0.03488781875 0.29895052187500004 0.027901087499999998 0.3064448234375 0.027806340625 0.31541913906249996 0.0191469953125 0.3277858421875 0.018390775 0.3526800015625 0.0223285546875 0.3669258265625 0.029449640625000002 0.37341127812499997
0 0.1057989 0.44561043749999996 0.10048478281249999 0.448232334375 0.092026965625 0.48156866875000004 0.09032678281249999 0.502405265625 0.10046925 0.503114784375 0.11150229062499999 0.492909896875 0.11402587187499999 0.45416901875000004 0.112448003125 0.45006710781250003 0.1057989 0.44561043749999996
0 0.1000300765625 0.3444207515625 0.0996114875 0.357363940625 0.1042916984375 0.3546976984375 0.10663782656250001 0.37282370781249996 0.11750894375000001 0.36460325625 0.1245094609375 0.3491268609375 0.1256429171875 0.3352357984375 0.1237825578125 0.31115647812499997 0.11745729687499999 0.30273093281249996 0.1061141984375 0.30892259843750003 0.1041987 0.31677165937499996 0.106167590625 0.3238945703125 0.1000300765625 0.3444207515625
0 0.09180764218750001 0.6601742859375 0.10367786406249999 0.6240830203125001 0.11016679062500001 0.583623775 0.10336955 0.5731694468749999 0.095047834375 0.57358518125 0.0907310703125 0.595236615625 0.0827728078125 0.6146375421875 0.08116736875 0.626499821875 0.087235959375 0.64588411875 0.0867364078125 0.6598195265625 0.09180764218750001 0.6601742859375
0 0.0652288390625 0.8099930921875 0.07957953906250001 0.8060075859375001 0.091975134375 0.7869170765625 0.0943505765625 0.7421785390625 0.09087099531250001 0.7379435953125 0.0813624296875 0.7372784203125 0.0797707765625 0.7411586046875 0.0645691125 0.779012584375 0.0639214234375 0.786950334375 0.0691270109375 0.8012848484375 0.0652288390625 0.8099930921875
0 0.186320090625 0.7635805328124999 0.1805477765625 0.7561915531250001 0.184445946875 0.747483309375 0.1795642046875 0.7291799203125 0.1659955453125 0.7392074265625 0.16093635 0.7777709234375 0.1615289015625 0.80176155625 0.17291160781249998 0.8185239578125 0.172791040625 0.796562109375 0.186320090625 0.7635805328124999
0 0.23813657500000002 0.8161016125 0.25368790625000004 0.8052149203125 0.26248335 0.7599276171875 0.2611621515625 0.7448669531250001 0.2552416984375 0.731480315625 0.24937463593750003 0.733065646875 0.2411063109375 0.7484533546875001 0.24362814375 0.7566128296875 0.237409671875 0.778131228125 0.23983675781249997 0.7952650171875 0.23813657500000002 0.8161016125
0 0.31856922656250003 0.8067600687500001 0.31883967812499997 0.7878192203125 0.32203676875 0.7720767546875 0.331491940625 0.7577699578125 0.3200558421875 0.7260355859375001 0.3135548765625 0.727576571875 0.3065543609375 0.74305296875 0.30033588437500003 0.76457136875 0.30745697031249997 0.77105681875 0.3140647203125 0.799459775 0.31856922656250003 0.8067600687500001
0 0.3685727203125 0.8192390203125001 0.3819674171875 0.7722776921875 0.38130769062500003 0.7412971828125 0.3727706609375 0.728725384375 0.3597549453125 0.7397894546875 0.35689548437499996 0.74358095 0.3685727203125 0.8192390203125001
0 0.4492831671875 0.7515567671875 0.442944125 0.7511133171875 0.4333012078125 0.7364683890625 0.42870195625 0.7381424125 0.424007959375 0.7487907500000001 0.41982555 0.784421934375 0.430074803125 0.8150753984374999 0.43900459999999997 0.783767846875 0.4479068296875 0.7684244859375 0.4492831671875 0.7515567671875
0 0.1789976609375 0.36890471874999997 0.1834883828125 0.38418710625 0.18753469218750002 0.38147651875 0.191284725 0.36677061875 0.20256064999999998 0.35358907500000003 0.2047466 0.3267991671875 0.2015236875 0.3116054703125 0.1945645234375 0.30313558125 0.1906801359375 0.3038617296875 0.1891556609375 0.3147317921875 0.1847045453125 0.322403471875 0.18054970625 0.3420704671875 0.1789976609375 0.36890471874999997
0 0.26692261093749997 0.346116946875 0.267544478125 0.307243034375 0.26510360781250003 0.2980913390625 0.259088409375 0.29367901406249997 0.24796062343749997 0.312858215625 0.24514076718750002 0.3396037796875 0.25387932812499997 0.373145209375 0.25642873125 0.3653404921875 0.2631725796875 0.3608228484375 0.26692261093749997 0.346116946875
0 0.3376787546875 0.3071598875 0.327550071875 0.29846827187499997 0.3169218359375 0.30371206562499997 0.31589516562500003 0.347547071875 0.3195091 0.3657617703125 0.323541625 0.371033278125 0.334831334375 0.3498696390625 0.33225610781250003 0.32673819375 0.3376787546875 0.3071598875
0 0.37623664218749997 0.37372169375 0.3957671046875 0.3531345390625 0.3983165078125 0.3453298234375 0.3978187046875 0.312364878125 0.3941100234375 0.30312449375 0.3872180375 0.30164448125 0.37982649999999996 0.3140998765625 0.380284696875 0.324110753125 0.3774252359375 0.3279022484375 0.3714220765625 0.36240818125 0.37623664218749997 0.37372169375
0 0.451485253125 0.30314666875 0.446252096875 0.304776346875 0.440910409375 0.3233624328125 0.438805421875 0.349160121875 0.45025530625 0.372912396875 0.45415347968750003 0.364204153125 0.4570405078125 0.34444846875 0.45644795781249997 0.3204578375 0.451485253125 0.30314666875
0 0.1736338828125 0.6534089546875 0.1857332015625 0.6223231265625 0.1929628171875 0.6118521703125 0.189591765625 0.590660815625 0.19303173906249999 0.57194169375 0.1812304421875 0.56812248125 0.17606445937499998 0.5767420390625 0.17485004375 0.59162531875 0.1688072765625 0.6031771859374999 0.16815958749999999 0.611114934375 0.1736338828125 0.6534089546875
0 0.2429628484375 0.596905096875 0.24251668906249998 0.625812475 0.2510675046875 0.6304021796875 0.2527797265625 0.64848384375 0.2619110546875 0.638145921875 0.267657546875 0.614598740625 0.2681570984375 0.60066333125 0.273093978125 0.5870383390625 0.2653665578125 0.56454435 0.25974238125000004 0.5631530265625 0.250934896875 0.569522071875 0.2518650765625 0.5815617343749999 0.2429628484375 0.596905096875
0 0.310961590625 0.6345920890625 0.32067343125000003 0.6093265406249999 0.321415865625 0.5924144765625 0.32732428125 0.5668828578125 0.3228197734375 0.559582565625 0.3154558046875 0.5560737703124999 0.3042332734375 0.5842272859375 0.299754590625 0.60786315625 0.3021145 0.6180070703125 0.3015339875 0.632934696875 0.310961590625 0.6345920890625
0 0.39112255625 0.570348003125 0.386307990625 0.5590344921875 0.3787011375 0.558502353125 0.3707566578125 0.5699211828124999 0.370215753125 0.607802878125 0.3731148234375 0.6269654499999999 0.37745740625 0.636250178125 0.392106128125 0.5973596359375 0.39112255625 0.570348003125
0 0.460402828125 0.6001415890625 0.4614415390625 0.5952248390625 0.44707880156249996 0.5602920859375 0.44295153125000003 0.5639948921875 0.43928245625000006 0.5777085765625001 0.43756849062500003 0.606527265625 0.44118242343749997 0.6247419625 0.44553879218750003 0.626044596875 0.44961267187500004 0.6073698203125 0.460402828125 0.6001415890625
0 0.0488096359375 0.222089596875 0.054960934375000006 0.193581321875 0.054583696875 0.182578225 0.049364325 0.17622580625 0.038412246875 0.1854384734375 0.0352961171875 0.20018872187499998 0.029334309375 0.21074837031250002 0.027701303125 0.23857484062499998 0.0449924265625 0.2298056203125 0.0488096359375 0.222089596875
0 0.11306306875000001 0.2315738765625 0.12540352500000002 0.2444117484375 0.1288159296875 0.24165681718749998 0.12702274687499998 0.224567371875 0.1322438640625 0.1840194359375 0.1287780703125 0.1718023953125 0.12315389218749999 0.170411071875 0.11957956562500001 0.17515044062500001 0.11623433593750002 0.1848952484375 0.11004343125 0.1904494578125 0.10692730156250001 0.20519970468749998 0.10529429531250001 0.233026175 0.11306306875000001 0.2315738765625
0 0.18770185156250002 0.238791021875 0.1906956671875 0.24897927968750003 0.19545684218749998 0.2453208203125 0.198464440625 0.24752698125 0.205964509375 0.218115178125 0.207544125 0.1753167359375 0.204698446875 0.17112613593749998 0.1951089203125 0.1714531796875 0.18721783281249998 0.19784398125 0.18175383125 0.2413685734375 0.18285971875 0.24344170312500002 0.18770185156250002 0.238791021875
0 0.2631778171875 0.22012178906250002 0.2714737109375 0.1887698921875 0.2701525109375 0.17370923124999998 0.2673877953125 0.1685264109375 0.2610487515625 0.1680829609375 0.2573796796875 0.18179664375 0.25174171875 0.18838741718750002 0.25323862343750003 0.1934815453125 0.2477608390625 0.2449882328125 0.2631778171875 0.22012178906250002
0 0.3269885828125 0.1647127421875 0.32128344375 0.16431363906250002 0.31493061718750004 0.1718522859375 0.31712860625 0.183980634375 0.3109910921875 0.20450681406250001 0.3183808828125 0.23895177343750001 0.33277293750000003 0.21101998281249998 0.333515371875 0.1941079203125 0.3269885828125 0.1647127421875
0 0.913529253125 0.101964609375 0.9097258265624999 0.1016985390625 0.9043169640625001 0.11329474843750001 0.9040189421875 0.1481997875 0.916412790625 0.176009628125 0.9227931875 0.15250679218750002 0.9221058921875 0.137490475 0.916657421875 0.12613261874999998 0.913529253125 0.101964609375
0 0.9786594734375 0.1085165765625 0.97223946875 0.109065346875 0.9684222578125 0.1167813703125 0.9646722249999999 0.131487275 0.9655076578124999 0.15250125 0.9733298250000001 0.1660209234375 0.9734779625 0.1720185796875 0.9855101062499999 0.133942878125 0.9786594734375 0.1085165765625
0 0.9853429453125001 0.276628375 0.9806765171875 0.2713125203125 0.9779255843750001 0.25814760625 0.9787093734375001 0.21728925625 0.9752297921874999 0.2130543109375 0.969996634375 0.2146839890625 0.961876446875 0.236069353125 0.9591513390624999 0.2538406015625 0.9653818515625 0.2712404609375 0.9831173859375 0.280464215625 0.9853429453125001 0.276628375
0 0.962978840625 0.3319431859375 0.9579334296875001 0.362524590625 0.9777050296875001 0.3858611328125 0.9808073765625 0.37909298125 0.981010653125 0.35316225625 0.9711524218750001 0.3255297953125 0.9660811859375 0.325175034375 0.962978840625 0.3319431859375
0 0.9654162203125001 0.43489558749999996 0.9627307203125 0.475620903125 0.9762580234374999 0.48953968281250004 0.9797146109374999 0.47045622343750004 0.9801557687500001 0.46098437499999995 0.9770418109375001 0.44868133125 0.9784043656250001 0.4397957078125 0.9734278765625 0.430466634375 0.9654162203125001 0.43489558749999996
0 0.947983759375 0.6172864671875 0.9558731015624999 0.63779601875 0.9642619968749999 0.644370159375 0.9671748484375 0.6555506359375001 0.9688952734375 0.6344659874999999 0.9675400484375001 0.627635475 0.968728640625 0.58181603125 0.9653300203124999 0.5765888671875 0.9608926906249999 0.5762784515625 0.9558076718749999 0.5839057875 0.947983759375 0.6172864671875
0 0.9532009609375001 0.8268076015625001 0.9569939906249999 0.78032215 0.957163240625 0.7626215765625 0.9550324296875001 0.757483103125 0.9499611953124999 0.75712834375 0.9443232328125 0.7637191156250001 0.9400598625000001 0.800342521875 0.9532009609375001 0.8268076015625001
0 0.9408642359374999 0.9311213921875 0.9295745265625 0.95228503125 0.928265365625 0.9761426265625 0.9397809328125 0.9912767703125 0.9446676625 0.9313874625 0.9408642359374999 0.9311213921875
0 0.8755236640625 1 0.8773497453125 0.9985257531249999 0.8880331203124999 0.961353578125 0.8836371421875 0.937096878125 0.875181071875 0.9235328578124999 0.8710538031249999 0.9272356640625 0.86569833125 0.9538038468750001 0.8636071265625 0.9716194390625 0.8703767984375 0.9980379578124999 0.8725311375 1 0.8755236640625 1
0 0.7980721015625 0.9700285640624999 0.8003510515625001 0.9811646953125001 0.8066229171874999 0.9746182687499999 0.8162520515624999 0.997245290625 0.8203931046875 0.985560390625 0.8227271921874999 0.9647681406249999 0.8235643734375 0.9388817625 0.8189255125000001 0.9176017171874999 0.8127483921875 0.9151738281249999 0.8079872171875 0.9188322890625 0.8044800671875001 0.9305615359375 0.80461441875 0.9445412890625 0.7996775390625 0.9581662812499999 0.7980721015625 0.9700285640624999
0 0.8204793046875001 0.8438671109375001 0.819940146875 0.8348484515625 0.8271301546875 0.8014234281249999 0.8236247499999999 0.7662523203125 0.818877359375 0.761928684375 0.8136442031250001 0.7635583625 0.8089364203124999 0.7821887953125 0.80557740625 0.7999157 0.8076806484375 0.8210183640625001 0.8165949187500001 0.8445932609375 0.8204793046875001 0.8438671109375001
0 0.8344735375000001 0.6332950015625001 0.8394913796875001 0.618677790625 0.8408815031250001 0.5938279750000001 0.8358102703125001 0.593473215625 0.8310094859375001 0.5741776093750001 0.8243465984375 0.5777030328125 0.8209204109374999 0.588440059375 0.8180867718749999 0.62316771875 0.8289837125 0.6458834328124999 0.8361857593750001 0.651376665625 0.8344735375000001 0.6332950015625001
0 0.8284011250000001 0.438283125 0.82610664375 0.48202944218750005 0.8368416625 0.50672959375 0.8400921453124999 0.5059590984375 0.84419359375 0.47132013125 0.844086809375 0.44137618749999996 0.8363456046875 0.42686429375 0.8284011250000001 0.438283125
0 0.8394484656250001 0.3223036984375 0.8342962703125 0.32294115625 0.8302361749999999 0.3336338375 0.8284688156250001 0.34748055624999996 0.8307339796875001 0.3665987828125 0.838394225 0.382102896875 0.8463524890624999 0.3627019703125 0.845678978125 0.3397035578125 0.8394484656250001 0.3223036984375
0 0.8434293453124999 0.26570288125 0.85067274375 0.2472498296875 0.8504849999999999 0.21829810468750002 0.8438496796875 0.2058593390625 0.8375778140625 0.21240576406249997 0.8310217109375 0.2458751359375 0.8434293453124999 0.26570288125
0 0.9220610453125 0.2552374671875 0.9155342578125 0.2258422921875 0.9170587343750001 0.21497223124999998 0.9093037453124999 0.2084424328125 0.8992818437500001 0.2296947625 0.898391271875 0.24060916875 0.90406884375 0.256972465625 0.9127677953125 0.2675598265625 0.9165712203125 0.26782589687499997 0.9220610453125 0.2552374671875
0 0.9051160984375001 0.38477468125000003 0.906370121875 0.392845465625 0.91655394375 0.3696086984375 0.914045896875 0.35346712812500003 0.9156513343749999 0.34160484687500003 0.9211273734375001 0.3369985140625 0.9125093828124999 0.3254189328125 0.9023669125 0.3247094140625 0.8974438156250001 0.3303523109375 0.8960536937500001 0.3552021265625 0.8917507171875 0.36887146406250004 0.9051160984375001 0.38477468125000003
0 0.9143248937499999 0.467245246875 0.9089849546875 0.43893098124999996 0.9049524281249999 0.433659471875 0.8992472906250001 0.433260365625 0.8931235624999999 0.4458044515625 0.8905328062500001 0.47755545312500003 0.9008905890625 0.49125250468750004 0.9022255749999999 0.49833107343750005 0.906029 0.49859714374999997 0.9143248937499999 0.467245246875
0 0.8932371453125001 0.6553677125 0.8981206343749999 0.626770746875 0.8983376953125 0.5928579296875001 0.8928082625 0.5824922906250001 0.886536396875 0.5890387171875 0.883459875 0.6267430328125 0.8932371453125001 0.6553677125
0 0.8914387234375001 0.7789793281249999 0.8838456578124999 0.77046509375 0.8760768828125001 0.7719173921875 0.8753602734375001 0.81976561875 0.8825485328125 0.8332409484375001 0.8885637328125 0.8376532718749999 0.8907083281249999 0.8348096515625001 0.892489471875 0.8129808374999999 0.8914387234375001 0.7789793281249999