0 0.0514531890625 0.954973215625 0.068405653125 0.9530858875 0.0904302671875 0.9444412890624999 0.0995557703125 0.9460540296875 0.10155764687499999 0.9499764 0.11038554687499999 0.948437515625 0.1089382046875 0.9417488921875 0.11761730156250001 0.9386341953124999 0.117220496875 0.934432028125 0.0923011984375 0.929699384375 0.06100227968750001 0.9351554265625 0.04620049375 0.9425409359374999 0.0425846171875 0.947442596875 0.043833559375 0.9520301359375001 0.0514531890625 0.954973215625
0 0.045974312499999996 0.8710354609375001 0.06899093437500001 0.8728962796875 0.069198265625 0.8664531312499999 0.080136171875 0.8613429265624999 0.0843065828125 0.8536750140624999 0.0774894875 0.8505920375 0.0586343453125 0.8496075375000001 0.0292877046875 0.8584606796875001 0.0203516765625 0.8674932546875 0.022403153125 0.8719408937500001 0.030874921875 0.8752693453125 0.0405549578125 0.874115834375 0.045974312499999996 0.8710354609375001
0 0.22770962031250003 0.9728345640624999 0.196609103125 0.98039169375 0.1914873546875 0.9866236890625 0.191963871875 0.9916700125 0.25108012031250004 0.9896056281250001 0.2529175953125 0.9892630671875 0.2557805375 0.9850265765625 0.2505774421875 0.973119571875 0.22770962031250003 0.9728345640624999
0 0.1702374984375 0.9257239953124999 0.18378141406249998 0.922295178125 0.19200518125 0.922997275 0.1955129296875 0.92558930625 0.2011306828125 0.9246100171875 0.1966219984375 0.9200568 0.2001882734375 0.9146298703125 0.21448512812499998 0.9105358828125001 0.22537343281250002 0.9049004078125 0.23585600625 0.903606996875 0.240472821875 0.900666521875 0.23947188437500003 0.8987053390625 0.21550392031249999 0.89540860625 0.1890698203125 0.9005505296875 0.1703049546875 0.909160803125 0.16428146562499998 0.9144821578125001 0.16106239375 0.9235859828124999 0.1702374984375 0.9257239953124999
0 0.1997956796875 0.8397328328125001 0.2219690921875 0.83266405 0.2303009875 0.8258724562499999 0.22934965 0.8244365421875001 0.20879023437500002 0.8226812984375 0.1912336375 0.8268096093749999 0.17503410625 0.8280317671875 0.1592313828125 0.83345609375 0.1548625703125 0.8390229218749999 0.1588167234375 0.846342390625 0.1859452296875 0.8485542578124999 0.1965270046875 0.8483113875000001 0.1997956796875 0.8397328328125001
0 0.35631383906249997 0.952551878125 0.320249303125 0.9593725828125 0.3063988578125 0.9681940078125001 0.3055873921875 0.9768781359375 0.3081934046875 0.9785595234375 0.31812144375 0.9800323671875001 0.3637668140625 0.97100760625 0.3617153375 0.966559965625 0.3672924203125 0.9565111734375 0.35631383906249997 0.952551878125
0 0.3208345859375 0.879182975 0.2793506984375 0.8890840546875 0.270117065625 0.8949650046875 0.270613071875 0.9002177140625 0.277926171875 0.9085534000000001 0.30867055625 0.9058636078125 0.3392750671875 0.8930537703124999 0.3484094984375 0.8861222812499999 0.3294055546875 0.8835619671874999 0.3208345859375 0.879182975
0 0.29717711874999997 0.8187029765625 0.3300900390625 0.8044229046875 0.33114950468750004 0.798365128125 0.318060921875 0.79797715 0.312650496875 0.792513290625 0.2976503078125 0.7977977187499999 0.284760125 0.799510825 0.2693046046875 0.8086120484375 0.265688728125 0.81351370625 0.266184734375 0.818766415625 0.2736555625 0.8201336796875 0.28639694375 0.8168447625 0.29717711874999997 0.8187029765625
0 0.0356216890625 0.7959560578125 0.050919479687500005 0.7938232562499999 0.0641161921875 0.78671754375 0.0810686578125 0.784830215625 0.09501830624999999 0.777059334375 0.0787195765625 0.7772309500000001 0.07095114375 0.7727120578125 0.029773784375 0.7772205328124999 0.015576134375 0.782365059375 0.0071450375 0.7881061109374999 0.006730378125 0.80099240625 0.0248911109375 0.7946231140625 0.0356216890625 0.7959560578125
0 0.13439218749999998 0.7707295734375 0.146123703125 0.7740237015625 0.1557541390625 0.77234491875 0.164135634375 0.766078596875 0.1761736796875 0.7639801187499999 0.18123689999999998 0.7657670796875 0.19984403906249998 0.7641252265625 0.206165128125 0.761955496875 0.20892886875 0.7566684640625 0.22699039999999998 0.74924863125 0.20908659843750002 0.7497000453125 0.1969582796875 0.74220375 0.15923906875 0.748778984375 0.14594315468750002 0.75483415625 0.13474831874999998 0.7658622390625001 0.13439218749999998 0.7707295734375
0 0.258686121875 0.747994753125 0.2675636234375 0.746981140625 0.2831183453125 0.738930459375 0.299417075 0.73875884375 0.305390959375 0.7329122171875 0.31838034375 0.732249653125 0.3261577046875 0.7282243140625 0.3196878140625 0.72881823125 0.314426190625 0.724930184375 0.290507828125 0.7221587234375 0.25935771406249997 0.7291905796875 0.25148115 0.732165378125 0.2471123375 0.7377322078125 0.252820365625 0.7463476890625 0.258686121875 0.747994753125
0 0.254060534375 0.673093346875 0.24808664687499998 0.6789399734375 0.2610671046875 0.6868216390625 0.2652285875 0.687697959375 0.26738819375 0.6846519078125 0.2762160921875 0.683113025 0.27801956875 0.6849343109375 0.2950801609375 0.6755532921875 0.3047105984375 0.673874509375 0.3195530578125 0.6755585015625 0.324269075 0.6736685703124999 0.327132015625 0.6694320796875 0.3140434328125 0.6690441015624999 0.31018847968749996 0.6627751765625 0.3155086296875 0.6586442625 0.2665539125 0.667178075 0.254060534375 0.673093346875
0 0.16791320625 0.7024178578125 0.185677134375 0.6918464015625 0.18618206718750002 0.6885548765625 0.18352645625 0.68634821875 0.1686839953125 0.6846642265625 0.140644825 0.6900859484375 0.12288089687499999 0.7006574062500001 0.120820490625 0.704753996875 0.12372410468749999 0.7095870109375 0.1416279078125 0.7091355953125 0.15341795 0.7044107625 0.16791320625 0.7024178578125
0 0 0.735258803125 0.001382446875 0.7357189281250001 0.021346656250000002 0.731170921875 0.027965346875 0.7321528171875 0.0526455734375 0.7257148765625 0.059570796875 0.721304165625 0.07170804374999999 0.7202562296874999 0.072312178125 0.7180152468750001 0.055972774999999995 0.7091173640624999 0.04137831875 0.710059725 0.0238217203125 0.714188034375 0.0041055140625 0.7213623953125 0 0.7244318328125 0 0.735258803125
0 0.041518192187500004 0.7201797671875 0.041923925 0.715837703125 0.037663240625 0.713910840625 0.0329472234375 0.7158007750000001 0.033592029687500004 0.7226292953125 0.03850645 0.72284044375 0.041518192187500004 0.7201797671875
0 0 0.662132809375 0.008216284375 0.66298274375 0.0524549859375 0.6563388640625 0.055367528124999996 0.6526276453125 0.0733298578125 0.6441572703125 0.0829106953125 0.64195321875 0.048559360937500004 0.6410004375 0.024433668750000002 0.644672121875 0.003112390625 0.6521262796875 0 0.6568043484375 0 0.662132809375
0 0.1491205578125 0.6416237390624999 0.1633678109375 0.63700448125 0.1668348859375 0.630527009375 0.180635734375 0.621180315625 0.17943639375 0.617118046875 0.166090878125 0.622647946875 0.1348911625 0.629154534375 0.1129161484375 0.6383244015625 0.1092010703125 0.64217551875 0.108894540625 0.6475681265625 0.12709594531249999 0.6502683359375 0.1359734453125 0.6492547234375 0.1491205578125 0.6416237390624999
0 0.2456411796875 0.60984853125 0.2288871171875 0.61383694375 0.2219618921875 0.6182476546875 0.2199014875 0.622344246875 0.23102886875 0.6278793546875 0.2749114375 0.6261028109375 0.282779071875 0.6316722453125 0.30008766875 0.6249175828125 0.291674428125 0.61357016875 0.2456411796875 0.60984853125
0 0.33321684375 0.5956501296875001 0.361355215625 0.5912789484375 0.37303713125 0.5940478062500001 0.3744348734375 0.6002111578125 0.3795476953125 0.602523390625 0.3771986140625 0.5949241265625 0.37920941875 0.590302265625 0.39420960781250003 0.5850178374999999 0.3947145390625 0.5817263125000001 0.3937136015625 0.5797651296875 0.3730053859375 0.5764340734375 0.33915005625 0.5807340015625 0.32429867031250004 0.587594240625 0.324695475 0.5917964062500001 0.33321684375 0.5956501296875001
0 0.26229107812499997 0.5615631484375 0.27834180625 0.5587651765625 0.2922914546875 0.5509942953125 0.2896358421875 0.5487876359375 0.27409005 0.5482940859375 0.2406315234375 0.5567961796875001 0.2274844109375 0.5644271640625 0.22778201406249998 0.5675787890625 0.23540164687499998 0.5705218671875001 0.2419211390625 0.5704532203125 0.25381038125 0.5667789296875 0.26229107812499997 0.5615631484375
0 0.125620821875 0.5741753203125 0.107757690625 0.5836962390625 0.111008509375 0.5922061453125 0.134331665625 0.5886743578125 0.1628261703125 0.5794358421875 0.17321847031249998 0.568547659375 0.172019128125 0.564485390625 0.1414235453125 0.5687509953125 0.125620821875 0.5741753203125
0 0 0.609692146875 0.0033694375 0.6099020109375 0.0199250984375 0.6038125171875001 0.0440507890625 0.60014083125 0.0520354796875 0.58967234375 0.051638675 0.5854701765625 0.032179400000000004 0.5867266578125 0.0058941015625 0.5934443953125 0 0.59719838125 0 0.609692146875
0 0 0.5557113765625 0.0138559765625 0.5568179421874999 0.0182743890625 0.551776384375 0.0339779125 0.5453015171875 0.046115159375 0.5442535796875 0.050583171875 0.5397372921875 0.023504265625 0.5380506953124999 0 0.542454953125 0 0.5557113765625
0 0 0.5117364046875 0.017367690625 0.5076193124999999 0.0256499828125 0.5003024484374999 0.033576146875000004 0.497852921875 0.038747495312500005 0.49214619531250003 0.032128801562499996 0.4911643 0.0006810828125 0.49504453281250005 0 0.495258890625 0 0.5117364046875
0 0 0.44759492031250003 0.0226015328125 0.442102965625 0.0265735421875 0.4323339703125 0.0116318828125 0.42959943593750005 0 0.43135134375 0 0.44759492031250003
0 0.13521070156249998 0.5271206453125 0.1480512828125 0.52488226875 0.1560855734375 0.5149390515625 0.16797481718750001 0.511264759375 0.169936021875 0.5061176265625 0.16151385468749999 0.5033144468749999 0.15012954218750002 0.5036972140625 0.117820759375 0.5157363046875 0.10171150312499999 0.5265532375 0.10376298125000001 0.531000878125 0.11544489375 0.5337697359375 0.128384678125 0.5325819 0.13521070156249998 0.5271206453125
0 0.2563490984375 0.498637459375 0.284041065625 0.48953884218750005 0.290064553125 0.48421748750000004 0.288161878125 0.48134565937499996 0.271317540625 0.47573929843749996 0.2327461953125 0.481929159375 0.21177212031249998 0.4930602125 0.20910758125 0.499397784375 0.2158750765625 0.5019554937499999 0.22786352187499997 0.499331740625 0.2519306859375 0.50367901875 0.2563490984375 0.498637459375
0 0.25845298437499997 0.443168671875 0.2631194015625 0.4407534671875 0.253497890625 0.4338880203125 0.23163100937499997 0.43556419843749994 0.20072889218749998 0.4452224078125 0.1977171515625 0.4478830859375 0.201671303125 0.4552025546875 0.207388259375 0.45527380468749995 0.2199312375 0.449883803125 0.24461146406249998 0.44344586250000007 0.25845298437499997 0.443168671875
0 0.13582265 0.457604734375 0.0979050375 0.4620788828125 0.0909798140625 0.46648959687499997 0.09388342968749999 0.4713226078125 0.102305596875 0.47412578906249997 0.1137395078125 0.4742682921875 0.14258121562499998 0.468706671875 0.15351912343750002 0.46359646874999993 0.14730616093749999 0.45827250781249995 0.13582265 0.457604734375
0 0.0908756515625 0.4221926265625 0.1189644234375 0.41729617656249995 0.146557190625 0.4071470171875 0.12891031875 0.40168055625 0.09440125625 0.40769619375 0.07794479531250001 0.4148362296875 0.08074920937499999 0.41861870156250003 0.0908756515625 0.4221926265625
0 0.1778650359375 0.3931467421875 0.17745930468749999 0.39748880781249996 0.1825225265625 0.3992757703125 0.2387000703125 0.3894828703125 0.23970993749999997 0.3828998234375 0.23615258749999998 0.379782521875 0.22878095781250002 0.3794657953125 0.1845918578125 0.386634946875 0.1778650359375 0.3931467421875
0 0.1760744546875 0.330990565625 0.17240897500000002 0.335366953125 0.1753621921875 0.3407252375 0.20651230781250002 0.3336933796875 0.2403269640625 0.32032395 0.2219767546875 0.31604792656249997 0.2082840375 0.31790093124999996 0.18927116718749998 0.3238848515625 0.1760744546875 0.330990565625
0 0.1301314796875 0.3368637 0.109116734375 0.33892525 0.07826421875 0.34910873124999997 0.07555008125 0.354921034375 0.0826151765625 0.360630365625 0.0876287984375 0.3618920578125 0.1004197796875 0.3591284078125 0.1369396453125 0.348490909375 0.139099253125 0.345444859375 0.1301314796875 0.3368637
0 0 0.38235365468750004 0.01203265 0.3820109421875 0.026685634375 0.37304961875 0.0214736125 0.36968684375 0.002519271875 0.367651803125 0 0.3677365078125 0 0.38235365468750004
0 0 0.3140715765625 0.012559404687500001 0.309840296875 0 0.3055478046875 0 0.3140715765625
0 0.0833988625 0.2825418421875 0.074818965625 0.28670707968750003 0.0704005484375 0.29174863906250004 0.073452965625 0.2981574640625 0.07841698593749999 0.29889388437500003 0.11899913749999999 0.288082159375 0.1306899765625 0.2823067875 0.13019397187499998 0.277054078125 0.1154011140625 0.27589535781249996 0.0833988625 0.2825418421875
0 0.22281216406249998 0.2557847015625 0.2065134328125 0.25595632031250004 0.186698028125 0.2620801390625 0.175007184375 0.2678555109375 0.1713417078125 0.2722319 0.17264025 0.2773447109375 0.1775546671875 0.2775558609375 0.199322353125 0.2748291390625 0.2303732671875 0.26674674062500003 0.23123433124999998 0.2585878828125 0.22281216406249998 0.2557847015625
0 0.1756945078125 0.2146628453125 0.1761905140625 0.21991555468750001 0.1829580078125 0.22247326250000002 0.2164165328125 0.21397116718750003 0.24436543125000001 0.198954675 0.222805078125 0.1952382453125 0.19666858125 0.20353179375 0.1794095875 0.2108117296875 0.1756945078125 0.2146628453125
0 0.13306088124999998 0.22102692968749998 0.1121542609375 0.2155947890625 0.079944678125 0.2286844234375 0.07100864999999999 0.2377169953125 0.0799268234375 0.2457728859375 0.08579258125 0.24741995 0.09381794375 0.2460209640625 0.130040209375 0.2322318390625 0.1360140953125 0.22638521250000002 0.13306088124999998 0.22102692968749998
0 0 0.2665749765625 0.00593575 0.2656119734375 0.0110574984375 0.259379975 0 0.25554272031249997 0 0.2665749765625
0 0.071476875 0.1735653109375 0.07372675468749999 0.180114034375 0.0846557328125 0.18354805937500002 0.11099063281249999 0.1773555953125 0.1296066953125 0.167169509375 0.1338267078125 0.16002686875 0.126207078125 0.157083790625 0.08517852031249999 0.163168075 0.071476875 0.1735653109375
0 0.13557562031249998 0.11807645625 0.131166134375 0.11457378124999999 0.1144209984375 0.1100179625 0.072788309375 0.1183432296875 0.06807229218750001 0.1202331625 0.06520935 0.1244696515625 0.073572990625 0.13529179375 0.079339546875 0.13588831562499998 0.1208234359375 0.12598723437499998 0.13416895 0.1204573359375 0.13557562031249998 0.11807645625
0 0.1992874859375 0.144878290625 0.1845938296875 0.1447701109375 0.17229885312499998 0.152786465625 0.17123938593750002 0.15884424218749998 0.175599271875 0.1618216453125 0.18632985 0.16315459062499998 0.23935577812500003 0.1459023234375 0.2336388203125 0.1458310703125 0.22256104062499998 0.14082123124999998 0.1992874859375 0.144878290625
0 0.167570428125 0.097549421875 0.1670158953125 0.100315675 0.1737833890625 0.10287338125 0.2027242984375 0.0983623046875 0.2300690640625 0.08558679218750001 0.225659578125 0.08208411875 0.220745159375 0.0818729671875 0.17996460625 0.0905836078125 0.167570428125 0.097549421875
0 0.4955214953125 0.9495332453125 0.5107290109375 0.9378056703125001 0.4831541 0.9308663656249999 0.46926297968749997 0.9306182859375 0.4355564515625 0.936494028125 0.42527227968750003 0.9398885218749999 0.41764372187500004 0.9454896734375 0.41799092499999996 0.9491665687499999 0.42846457187500003 0.956417390625 0.4420580875 0.9535138421875 0.4503314546875 0.9547412124999999 0.47566541406249996 0.9465875625000001 0.4955214953125 0.9495332453125
0 0.47246435625 0.8522168750000001 0.47362302500000003 0.8472096406249999 0.4387171578125 0.8490231125 0.39462725781249997 0.85724280625 0.38850457031249996 0.8615136187499999 0.38373002500000003 0.8714225109375 0.3960656734375 0.8724756593749999 0.42038976874999995 0.8709050546875 0.43278394374999996 0.8639392406249999 0.46855087656250005 0.853966909375 0.47246435625 0.8522168750000001
0 0.4248389296875 0.78844014375 0.44239552812499994 0.784311834375 0.4429996625 0.78207085 0.4197350359375 0.777583678125 0.3858797078125 0.78188360625 0.3756451375 0.7858033703125 0.368918315625 0.7923151640625 0.368611784375 0.7977077718750001 0.3771827546875 0.8020867656249999 0.402833825 0.794411753125 0.418260909375 0.7965277515625 0.4248389296875 0.78844014375
0 0.43986093750000005 0.71427659375 0.44413055 0.707659225 0.41018494843750003 0.702364378125 0.37392200937500003 0.7070839999999999 0.36308330624999996 0.7132447453124999 0.3637777125 0.7205985375 0.3690889359375 0.7250118546875 0.373349621875 0.7269387171874999 0.3891523453125 0.721514390625 0.4319347765625 0.7167261218750001 0.43986093750000005 0.71427659375
0 0.35244696875 0.6697159187499999 0.3574109890625 0.6704523390625 0.37190624375 0.668459434375 0.3747691859375 0.66422294375 0.3850037546875 0.6603031796875001 0.39398938437500003 0.651795878125 0.404976890625 0.6472109421875001 0.42022508125 0.6445528703125001 0.42153254999999995 0.6411214484375 0.4064916890625 0.6373363734375 0.3967620515625 0.6379646125 0.38472400625000003 0.6400630921875 0.368217946875 0.646677859375 0.3605397875 0.6517537390625 0.35325843125 0.6610317859375 0.35244696875 0.6697159187499999
0 0.32896905 0.5333883765625 0.32851372031250003 0.5372051703125 0.3346770796875 0.5420038593750001 0.34445631875 0.5419008875 0.36954227500000003 0.5311208859375001 0.39913691875 0.5248940953125001 0.37908243750000004 0.5198473296875 0.341313628125 0.525897290625 0.32896905 0.5333883765625
0 0.40897865156249996 0.46498150625 0.39153018125 0.46161612500000004 0.35626818125000004 0.468296934375 0.3460832109375 0.47274196718750006 0.3362950453125 0.48138916875 0.33659264843750003 0.4845407953125 0.34250800625 0.48671313125 0.38589457031249996 0.479683878125 0.394424865625 0.47499336875 0.40736465 0.47380553281250004 0.40897865156249996 0.46498150625
0 0.360880034375 0.4221100296875 0.3896721421875 0.416023140625 0.395141096875 0.41346803750000005 0.3955468265625 0.409125971875 0.38466745 0.4062172171875 0.3465018359375 0.4080650125 0.3363168640625 0.41251004843750005 0.334157259375 0.41555609843749997 0.3408166265625 0.42560749531250003 0.3458798453125 0.42739445781249996 0.3514976015625 0.4264151671875 0.360880034375 0.4221100296875
0 0.3810059375 0.358802946875 0.3416816546875 0.3656579765625 0.337916978125 0.3689838203125 0.33756084531249997 0.3738511578125 0.34693435156249997 0.3780902515625 0.3582690609375 0.37718221406249997 0.381948346875 0.3687830921875 0.3868627671875 0.3689942421875 0.38777343124999997 0.361360653125 0.3810059375 0.358802946875
0 0.338980409375 0.3111353859375 0.329746775 0.3170163359375 0.32924184375 0.3203078578125 0.33129332031250003 0.32475549843749996 0.3371094765625 0.3258772921875 0.3820515125 0.318042971875 0.4015693171875 0.308767528125 0.3947522203125 0.3056845515625 0.3824165734375 0.3046314046875 0.338980409375 0.3111353859375
0 0.3155798734375 0.244737509375 0.31517414062500004 0.24907957500000003 0.3280057953125 0.255385428125 0.33848836718749997 0.25409201718749996 0.38273599687500004 0.23890390625000002 0.3837458625 0.232320859375 0.3694083375 0.2273453453125 0.320751221875 0.23903078125000002 0.3155798734375 0.244737509375
0 0.330642553125 0.1796434640625 0.322716390625 0.1820929890625 0.3206063859375 0.1856643109375 0.32059745781250004 0.1942085421875 0.3231538671875 0.195364659375 0.3674917703125 0.1897713203125 0.3844035625 0.1788144890625 0.3718695125 0.17566025937500002 0.356323715625 0.17516670781250002 0.330642553125 0.1796434640625
0 0.31455511875000003 0.12158127031249999 0.3092349671875 0.1257121859375 0.3072737640625 0.13085931875 0.3108807140625 0.1345018921875 0.3327971984375 0.1333509828125 0.364997853125 0.1288055828125 0.3781945671875 0.1216998703125 0.3635098375 0.1130474578125 0.3311603796875 0.116017046875 0.31455511875000003 0.12158127031249999
0 0.3482745390625 0.055370640625 0.3251001859375 0.060478240625 0.3038285078125 0.06845766875 0.2994596953125 0.07402449531250001 0.3100821421875 0.0828511296875 0.32216978749999997 0.081277921875 0.357589515625 0.0676286953125 0.360452459375 0.0633922046875 0.3592035171875 0.05880466718750001 0.3482745390625 0.055370640625
0 0.6119578796875 0.9213357999999999 0.64136305 0.904463696875 0.6503893515625 0.9050258953125001 0.6638836687499999 0.9010718078125001 0.6549069671875001 0.9010348796875001 0.6460879953124999 0.8940295328125 0.613084803125 0.8987148328125001 0.5965291421875001 0.9048043265624999 0.5818761578125 0.91376565 0.581668828125 0.9202087984375 0.5942028796875001 0.9233630265625001 0.6005239703125 0.9211932968750001 0.6119578796875 0.9213357999999999
0 0.599860309375 0.8364161515624999 0.633724565625 0.8235719906250001 0.6341798984375 0.8197551984375 0.627362803125 0.816672221875 0.6135212828125 0.8169494125 0.574850734375 0.8220887328125001 0.5523211890625 0.8340248515625 0.5583357484375 0.8372477281249999 0.5599318921875 0.8455121640625001 0.57758769375 0.8424343953125 0.589228934375 0.8361337499999999 0.599860309375 0.8364161515624999
0 0.5560084875 0.760769340625 0.5811351171875 0.7590588390625 0.5981957109375 0.7496778203125001 0.5928348875 0.7447392328125 0.581301775 0.7435461890624999 0.576594684375 0.7368918890625 0.56570638125 0.742527365625 0.535160396875 0.7473182406250001 0.5205570140625 0.756804834375 0.5455259156250001 0.7620627515625 0.55038180625 0.7702928625000001 0.5560084875 0.760769340625
0 0.521728575 0.6914627078125 0.536620634375 0.693671971875 0.556228709375 0.6939913015625 0.5547813671874999 0.6873026796875 0.557089775 0.685832440625 0.5809674625000001 0.6795344015625 0.5927981796874999 0.6838790703125001 0.5963148546875 0.6779268703125 0.6010308734375001 0.6760369374999999 0.5961660531249999 0.6763510578124999 0.5914093640625 0.6691714875 0.5872478796875 0.6682951687500001 0.5636767234375 0.669200603125 0.5227969703124999 0.6768607 0.5168230828125 0.6827073265625 0.521728575 0.6914627078125
0 0.5567326453125 0.595662690625 0.5235221250000001 0.6067911390625 0.5181523734375 0.61039678125 0.5154878328125 0.6167343546875 0.5282202875 0.621989665625 0.540456734375 0.6219922718750001 0.5441222125 0.6176158828125 0.58209835 0.6051227734375 0.57859953125 0.5939865109375 0.5567326453125 0.595662690625
0 0.5056718859375 0.5559771640625 0.5147884640625 0.566134134375 0.5198020828125001 0.5673958265625 0.5422235015625 0.5629533953125 0.5682607953125001 0.55360930625 0.5694779921875 0.5405831109375 0.5652669078125 0.5391815203125 0.51665939375 0.551392228125 0.5056718859375 0.5559771640625
0 0.4880696984375 0.5041606796875 0.49252878593749994 0.5081886234375 0.5089267171875 0.5090675484375 0.5524124828125 0.5030888375 0.559040103125 0.4955265 0.55387768125 0.492688996875 0.53171319375 0.49121355 0.4916855765625 0.4992590203125 0.4880696984375 0.5041606796875
0 0.5494225125 0.44049925468750006 0.54340795625 0.4372763796875 0.5174787890625 0.43912677968749997 0.49520617187499993 0.445145021875 0.4915406953125 0.44952141093750003 0.4920863 0.4552993890625 0.49995393593750004 0.460868821875 0.5127945171875 0.45863044531249997 0.5235836203125 0.45194442968750004 0.5474613109375001 0.44564638749999996 0.5494225125 0.44049925468750006
0 0.5035598890624999 0.3694743078125 0.48314034687499996 0.37783910781249996 0.48027740625000004 0.382075596875 0.484587690625 0.384527728125 0.50514710625 0.3862829734375 0.52606265 0.38317088125 0.5445299140625 0.37140898125 0.5557158234374999 0.36892513125000004 0.5212156875 0.3663965390625 0.5035598890624999 0.3694743078125
0 0.54956535625 0.30379155 0.5157596265625 0.30861674843750003 0.49699476093749995 0.3172270234375 0.49578649218750004 0.3217089875 0.5002455796875 0.32573693125 0.5036541265625 0.32727841875 0.5218644593749999 0.3214343984375 0.545237215625 0.31842788125 0.5587404609375 0.3059295625 0.54956535625 0.30379155
0 0.476836115625 0.2678832859375 0.505777025 0.2633722078125 0.5302092468749999 0.2543079171875 0.535579 0.25070227031250003 0.5373418 0.24345405625 0.48196679218750005 0.25310705625 0.47509116875 0.25804303906250003 0.476836115625 0.2678832859375
0 0.4780772546875 0.2032779953125 0.474411775 0.207654384375 0.47676085781250005 0.2152536484375 0.497626803125 0.2116162859375 0.5262205078125 0.2034283140625 0.535057334375 0.193345196875 0.52573343125 0.189631375 0.4913731671875 0.197222825 0.4780772546875 0.2032779953125
0 0.46145598125 0.156839996875 0.46129825156250004 0.1638084140625 0.47217762968750004 0.1667171703125 0.49615451874999994 0.161469671875 0.5203883390625 0.1503042953125 0.5212990046875 0.14267070625 0.5079624171875 0.13965637656250002 0.465121459375 0.15246360625 0.46145598125 0.156839996875
0 0.5182594796875 0.075926990625 0.47737972656250005 0.0835870890625 0.46693782656250005 0.0939500015625 0.4661263625 0.10263413125000001 0.4713383859375 0.10599690625 0.49059925625 0.10263934062499999 0.4943143375 0.0987882234375 0.5154868125000001 0.08975825312499999 0.521163096875 0.08076000156249999 0.5182594796875 0.075926990625
0 0.5082362046875 0.021612946875 0.5007653734375 0.02024568125 0.48406091250000005 0.0247593625 0.4574194828125 0.036344434375 0.454358140625 0.038479840625 0.4552509515625 0.047934715625 0.4612159078125 0.050632321875 0.469290871875 0.04975860625 0.49603150156250003 0.039224075000000004 0.5097331484375001 0.028826839062499998 0.5082362046875 0.021612946875
0 0.639988078125 0.0605802859375 0.6688793859375 0.055543937499999994 0.69206266875 0.0418921046875 0.689307853125 0.03863490625 0.6801823515625001 0.037022165625 0.6481800984375 0.0436686484375 0.6359347234375 0.052210276562500005 0.639988078125 0.0605802859375
0 0.61981345625 0 0.6172819484375001 0.0015362000000000002 0.61968063125 0.0096607359375 0.6256455890625 0.012358340625 0.62870693125 0.010222934375000001 0.6695370859375 0.002037565625 0.6710077625 0 0.61981345625 0
0 0.7696022109375 0.8975925765625 0.7523025421875 0.8958030078125001 0.72501630625 0.900559559375 0.716436409375 0.904724796875 0.712166796875 0.9113421687500001 0.7185285593749999 0.9182419390625001 0.729259134375 0.919574884375 0.769385953125 0.9125799562499999 0.775558240625 0.9088344140625001 0.7782227796875001 0.902496840625 0.7696022109375 0.8975925765625
0 0.88228665 0.8987721343749999 0.8977332421875 0.8982151453125 0.917399846875 0.8905155140625001 0.9257813421875 0.8842491921875 0.9303078843750001 0.87171394375 0.922787453125 0.86982140625 0.8986617640624999 0.87349309375 0.8621418937499999 0.8841305953124999 0.8544637343750001 0.8892064765625 0.8570112171875 0.8989068234375001 0.8630257765625 0.9021297 0.8696444703124999 0.9031115953125 0.88228665 0.8987721343749999
0 0.8655405171874999 0.7991792265625 0.8722584124999999 0.8012116625000001 0.9075293390624999 0.7859866249999999 0.918309515625 0.7878448375 0.9170109734375 0.7827320265625 0.91926978125 0.7807365203125001 0.9305548890625 0.7793032109375 0.94309786875 0.7739132078125001 0.9038321140625 0.7727492781249999 0.8548773984375 0.7812830921875 0.84243361875 0.787723634375 0.840968421875 0.7981234749999999 0.8593186296875001 0.8023994984374999 0.8655405171874999 0.7991792265625
0 0.7652234734375 0.8166665484375001 0.7673334765625001 0.813095228125 0.7805301921875001 0.8059895140625001 0.7741684281250001 0.7990897421875001 0.7208538265625 0.804646153125 0.7122739296875 0.808811390625 0.7063496421875 0.8151832859375 0.7153174171875001 0.8237644468750001 0.7211831734375 0.8254115109375 0.74209871875 0.8222994203124999 0.7569501062499999 0.8154391796875 0.7652234734375 0.8166665484375001
0 0.8443174421874999 0.7126468375 0.8466169234375001 0.71972083125 0.8518785484375 0.7236088781250001 0.8527713562500001 0.7330637515625 0.8669690093750001 0.7279192234375 0.8776499843750001 0.7287268953125 0.8841288031250001 0.7195887484375 0.91000836875 0.717213075 0.9176865296875001 0.7121371953125 0.9319337796875 0.7075179375 0.932943646875 0.7009348890625 0.8997509812500001 0.694974875 0.8806389093749999 0.699908253125 0.8707108703124999 0.6984354125000001 0.8637360453125 0.702320853125 0.8548585453124999 0.703334465625 0.8471307843749999 0.7078850765625 0.8443174421874999 0.7126468375
0 0.7975223328125 0.7181346 0.8013366109375 0.7153340234375001 0.7741089015625 0.7120716140625001 0.7672918078125 0.7089886359375 0.7519444156249999 0.71059616875 0.73770609375 0.70667119375 0.7332380765625001 0.71118748125 0.7212992328125 0.7143365 0.71597908125 0.7184674156249999 0.7140178765625 0.72361455 0.72765206875 0.7297805046875 0.7412951859375 0.7274022296875 0.7561376453124999 0.7290862203125 0.7975223328125 0.7181346
0 0.719350921875 0.6591487421875 0.749491171875 0.6586999328124999 0.758319071875 0.65716105 0.76584843125 0.6505093546875 0.790023721875 0.647362940625 0.77724166875 0.64158235625 0.7575839921874999 0.64073775625 0.75147023125 0.6364643375 0.7404827265625 0.6410492718749999 0.71706036875 0.64353051875 0.7006039093750001 0.6506705546875 0.7018528500000001 0.6552580921875 0.71217769375 0.6609331015625 0.719350921875 0.6591487421875
0 0.9124149812500001 0.6217562921875001 0.8932215640625 0.6085506671875 0.8613185109374999 0.6162476921875 0.8466655281250001 0.6252090156250001 0.844654721875 0.6298308765625 0.8467062000000001 0.6342785156249999 0.8619454640624999 0.6401646734375 0.8743307109374999 0.6417430921875 0.8887356937499999 0.630155415625 0.9038846859375 0.6264468015625 0.9124149812500001 0.6217562921875001
0 0.8334321062500001 0.5714545640625001 0.8870036406249999 0.5599802781250001 0.8954347359374999 0.5542392265625 0.88706216875 0.5519613171875 0.8609842015625 0.5522359046875 0.832092890625 0.5572722531250001 0.82606940625 0.5625936078125 0.8334321062500001 0.5714545640625001
0 0.6691690828125 0.5942158953125001 0.67172549375 0.5953720109375 0.6965545203125 0.5905098843750001 0.7050262890625 0.593838334375 0.7063248296875 0.5989511453125 0.72163155 0.5882741109375 0.7297065125 0.5874003984375 0.7347697359375001 0.5891873609375 0.7474119140625 0.5848478984375001 0.7397922828125 0.5819048203125 0.7417534859375 0.5767576859375 0.7289714328125 0.5709771031249999 0.6842367265625 0.572368275 0.674655890625 0.574572328125 0.669434940625 0.5797537859374999 0.6691690828125 0.5942158953125001
0 0.70776225 0.5191469125 0.718740828125 0.5231062078125001 0.7252603203125 0.5230375625 0.7283712640625 0.5214274265625 0.723961778125 0.5179247515625 0.7265767171874999 0.5110619078124999 0.7367616859375 0.506616871875 0.7411304999999999 0.5010500437500001 0.7385244875 0.49936865625 0.67864079375 0.5044684421875 0.6577659203125 0.5166500359375 0.6589156609375 0.5201870328125 0.6715489109375 0.5243918046875 0.70776225 0.5191469125
0 0.8545182734375001 0.5010391624999999 0.857381215625 0.496802671875 0.8651585765625001 0.49277733125 0.8817142375 0.4866878375 0.9033331171875 0.48238530625 0.8949605515625001 0.4801073953125 0.8762046109374999 0.4801734390625 0.8559924000000001 0.48209508906250004 0.8256448203125 0.48898704843749996 0.8098916968750001 0.49493664531250003 0.8062262171875 0.4993130328125 0.81168624375 0.5053021625 0.8191570734375 0.5066694296875001 0.8545182734375001 0.5010391624999999
0 0.8494858015625001 0.4218288453125 0.79762746875 0.42552964531250004 0.7888987703125 0.428119071875 0.7832224875 0.4371173234375 0.795152403125 0.44251253281249997 0.8119064671875 0.438524121875 0.8523308875 0.43468081875 0.85619476875 0.4324055140625 0.8566501000000001 0.42858871875000004 0.8494858015625001 0.4218288453125
0 0.7302461609375 0.45489485937499996 0.7087850078125 0.452228971875 0.6544109375 0.463843159375 0.64833785 0.4686392421875 0.64793211875 0.4729813078125 0.6523416046875 0.47648398125 0.66136790625 0.47704617968749996 0.7117292953125001 0.46613148750000005 0.7210125281249999 0.46077580781250005 0.7313959015625 0.45843185625 0.7302461609375 0.45489485937499996
0 0.7020732015625 0.4157059046875 0.7122670984374999 0.4027166359375 0.70469706875 0.4002988296875 0.6875462015625 0.4000850734375 0.6690878640625 0.40330274062499993 0.648064190625 0.413908521875 0.6560310265625 0.420528496875 0.6643539921875 0.4222811359375 0.676144034375 0.41755630468750005 0.694651971875 0.4148639078125 0.7020732015625 0.4157059046875
0 0.8516989734375 0.36751740625 0.8607252765625001 0.3680796046875 0.8620823468750001 0.365173453125 0.8515005718750001 0.365416325 0.8484977562499999 0.35953276875 0.8443362734375001 0.35865645 0.8160490984375001 0.361451815625 0.796184090625 0.36705036406249997 0.792617815625 0.37247729375 0.7939659578125 0.3781153734375 0.81347483125 0.3773841625 0.8407610671875 0.3726276109375 0.8516989734375 0.36751740625
0 0.8398811500000001 0.3028378453125 0.837324740625 0.301681728125 0.8115939765625001 0.3056332125 0.7854574796875 0.31392675937500003 0.7779777234374999 0.321103725 0.7792266640625 0.3256912640625 0.7850428203125001 0.32681305625 0.8003406125 0.32468025625 0.8153407984375001 0.319395828125 0.8378207453125001 0.3069344375 0.8398811500000001 0.3028378453125
0 0.7012635796875 0.3552993453125 0.7137976328125 0.358453575 0.7217733953125001 0.35652931875 0.7160068374999999 0.3559327984375 0.7114485515625 0.350854309375 0.7189779093750001 0.34420261874999997 0.706998390625 0.338282134375 0.6988738265625 0.3386305796875 0.6524259171875 0.3477952390625 0.648710840625 0.3516463546875 0.6491076453125 0.355848521875 0.6527641953125001 0.360016365625 0.657728215625 0.36075278593750004 0.7012635796875 0.3552993453125
0 0.6862038671875 0.2735656453125 0.64401664375 0.284657165625 0.6386964921875 0.28878807968750003 0.6390932953124999 0.2929902453125 0.6451078546875 0.296213125 0.6980256546875 0.286454546875 0.7096172953125001 0.27962863125 0.709220490625 0.275426465625 0.7008479234375 0.2731485546875 0.6862038671875 0.2735656453125
0 0.7766920734375 0.255656025 0.7761375390625 0.2584222765625 0.7822016984375 0.2621704234375 0.8199705078124999 0.2561204640625 0.8324638875 0.2502051890625 0.8373376328125 0.2413468375 0.81155726875 0.24477305 0.7828643609375 0.25191048125000004 0.7766920734375 0.255656025
0 0.8172285890625 0.1925283703125 0.8206956640625 0.1860508984375 0.8017909234375 0.1845411296875 0.76482465 0.1904511921875 0.7460597828125 0.199061465625 0.7465061875 0.20378890312500003 0.7524711453124999 0.206486509375 0.7727329578125001 0.205090128125 0.8151681828124999 0.1966249625 0.8190320640625 0.19434965625 0.8172285890625 0.1925283703125
0 0.71344446875 0.2164931640625 0.6910319781250001 0.2123913625 0.648844753125 0.2234828828125 0.641869928125 0.2273683234375 0.6367481796875001 0.23360032187500002 0.6396021953125001 0.23790806406249998 0.6462208875 0.23888995781250003 0.6607161421875001 0.2368970546875 0.676419665625 0.2304221890625 0.7035075 0.22356455312499998 0.71344446875 0.2164931640625
0 0.7465686796875 0.1439792828125 0.7470646859375 0.149231990625 0.7546843187500001 0.15217506875 0.8088599859375 0.13845980156249998 0.8096218500000001 0.12925040000000002 0.7955819265625 0.1274265078125 0.76498634375 0.13169211249999999 0.7547021734375 0.13508660781249998 0.7465686796875 0.1439792828125
0 0.68790065625 0.1584776609375 0.682787834375 0.156165428125 0.660316815625 0.1600825890625 0.64808036875 0.1600799859375 0.62411240625 0.1567832515625 0.6218039984375 0.1582534890625 0.627115221875 0.16266680625000002 0.6248474875000001 0.1732065453125 0.6276022984375 0.1764637453125 0.6827789078125 0.1647096609375 0.6866923859375 0.162959625 0.68790065625 0.1584776609375
0 0.679614925 0.1001233078125 0.661909525 0.1026758078125 0.635723428125 0.1104440828125 0.6305024765625 0.115625540625 0.635962503125 0.12161467031249999 0.6738305125 0.1166152484375 0.697708203125 0.110317209375 0.7006703437499999 0.1071312609375 0.697112996875 0.10401395937499999 0.679614925 0.1001233078125
0 0.8288866875 0.0741021734375 0.8315512281249999 0.0677646015625 0.809436340625 0.066814425 0.7855586515625 0.073112465625 0.7717578046875 0.08245915937500001 0.7692916671875001 0.0908978171875 0.7735027515625 0.0922994078125 0.792763625 0.088941840625 0.804504065625 0.0836917375 0.8204555906250001 0.07984322499999999 0.8288866875 0.0741021734375
0 0.7691061593749999 0.02846184375 0.7722081734375 0.0353959375 0.7780739328124999 0.037043003125 0.8196570218750001 0.0281924640625 0.8284442484375001 0.017584076562500002 0.8190707421875001 0.0133449828125 0.7780421859375 0.01942926875 0.7726228328125 0.0225096421875 0.7691061593749999 0.02846184375