0 0.8755224437500001 0.0696798421875 0.87407369375 0.061216251562500004 0.8695696343750001 0.056523204687499995 0.8620665437499999 0.0404868625 0.858988040625 0.0149936921875 0.8418557140624999 0.014694646875 0.8418415078124999 0.0149878875 0.8456458578125 0.034124342187500004 0.8517756328124999 0.0575803546875 0.8755224437500001 0.0696798421875
0 0.7943752 0.077426921875 0.79446164375 0.06866638124999999 0.8012458656250001 0.068149028125 0.7997971140625 0.05968543750000001 0.7954398484375 0.058938459374999995 0.7909207046875 0.051068762499999996 0.7918385609375 0.0286342328125 0.7883070265625001 0.013759950000000002 0.7742973109375 0.013515409375 0.7724942734375 0.026811676562499998 0.7776307578125 0.0568189578125 0.79028134375 0.07821877968749999 0.7943752 0.077426921875
0 0.703297909375 0.0704019875 0.709160196875 0.0644987125 0.710386721875 0.053132971875000004 0.7163958046875 0.0511757671875 0.7070790171875 0.0307208828125 0.7082040140625 0.02493903125 0.706111825 0.015805003125 0.7030357671874999 0.012271534375 0.693348928125 0.012102449999999999 0.6897363999999999 0.018972440625 0.6910273499999999 0.0481337640625 0.698150415625 0.06503850625 0.703297909375 0.0704019875
0 0.859712165625 0.1379191625 0.8628017218749999 0.168322375 0.8705833109375 0.189074203125 0.883523403125 0.1905457140625 0.8865787078125 0.1867751671875 0.8798466812499999 0.144358221875 0.87414219375 0.1295637671875 0.863907553125 0.131543415625 0.859712165625 0.1379191625
0 0.7994855875 0.128901353125 0.7944547140625 0.1211306359375 0.7869255234375 0.1265614421875 0.78388530625 0.1335086421875 0.7819288984375 0.1529644859375 0.7857634203125 0.1784542453125 0.7967471078125 0.1993816 0.798925740625 0.19975508749999998 0.800182440625 0.194742653125 0.797958546875 0.18483920781250002 0.7996968046874999 0.1733744859375 0.798861315625 0.1592280234375 0.80280838125 0.1544900953125 0.808584225 0.1573473578125 0.8076622921875 0.1519614359375 0.8040650796875 0.14947766093749998 0.80070110625 0.142179415625 0.7994855875 0.128901353125
0 0.7088424296875 0.144199353125 0.7089178640625 0.16008261562499998 0.713087153125 0.1751740171875 0.71496119375 0.1922991671875 0.7233711328125 0.21054478125 0.725038034375 0.21101725 0.7287066015625 0.201563834375 0.7280892609375 0.1794262515625 0.73510671875 0.17409442656250002 0.7318593609375 0.164388946875 0.7208605890625 0.14028494062500002 0.712657790625 0.1386920078125 0.7088424296875 0.144199353125
0 0.8805064249999999 0.256310471875 0.8859214078125 0.29103324062499997 0.8932626203125 0.2999468640625 0.900908428125 0.292108821875 0.9057774249999999 0.292756815625 0.8992937187500001 0.24870205312500002 0.8946428718749999 0.24006293906249998 0.8922008281249999 0.238150615625 0.884276525 0.24127316875 0.8805064249999999 0.256310471875
0 0.800773684375 0.2383473859375 0.8050636687500001 0.27885200625 0.81200976875 0.285457375 0.82066803125 0.302065171875 0.82420489375 0.2918423375 0.8262326578125 0.2604493015625 0.81866921875 0.23170634843750001 0.8084044031250001 0.2273326921875 0.8032870828125 0.228322515625 0.800773684375 0.2383473859375
0 0.7215718359375 0.251282421875 0.718065146875 0.26785855937499997 0.7206841546875 0.2800702578125 0.720627884375 0.29518410156249997 0.727558896875 0.2986128171875 0.73222483125 0.3104285859375 0.7375904765625 0.30780094375 0.740246590625 0.2739016921875 0.7349523046875001 0.26459214062499997 0.7338684921875 0.252083496875 0.7301244890625 0.2456536515625 0.72500716875 0.246643475 0.7215718359375 0.251282421875
0 0.613270178125 0.041711939062499995 0.6225457796875 0.08045731874999999 0.6293601734375 0.0862932703125 0.634552928125 0.10118670781250001 0.6372995640625 0.08634736875 0.6335103 0.07038756562500001 0.6358769093750001 0.056416628125 0.6328627859375 0.041896678124999996 0.6280802328124999 0.0324881453125 0.628121415625 0.014197648437499998 0.6161032578125 0.018112059375 0.6134581546875 0.027367512500000003 0.613270178125 0.041711939062499995
0 0.6303204359375 0.1536734046875 0.6289772921875 0.1674463796875 0.6351674140625 0.203609 0.6462224562500001 0.21259916250000002 0.6516786203125 0.2290314359375 0.6527432671875 0.2105429734375 0.6568220375 0.20657446249999997 0.6567918625 0.2002211578125 0.6522274593749999 0.18282150156250002 0.648878571875 0.1786999078125 0.646903 0.16715864687499998 0.6500598359375 0.1578042125 0.648479378125 0.1485712046875 0.6415181921875 0.13878918125 0.6370443109374999 0.140449440625 0.6303204359375 0.1536734046875
0 0.6436116015625 0.256028371875 0.6433934546875 0.26401949375 0.6469947421875 0.294323721875 0.6574666953125 0.31535005781250003 0.6628625140625 0.319075721875 0.66442788125 0.3251320796875 0.6656694953125 0.3169429921875 0.6620270234375 0.3049292609375 0.6655789734375 0.29788307812500003 0.66038621875 0.282989640625 0.66286944375 0.2666114671875 0.6609089609375001 0.2582468578125 0.65742836875 0.253355846875 0.6474269625 0.250521025 0.6436116015625 0.256028371875
0 0.5872672703124999 0.28759405312499997 0.595301259375 0.3345285171875 0.59744971875 0.3285487015625 0.604629053125 0.3303396 0.6092949890625 0.34215536874999997 0.6123502937499999 0.33838482187499996 0.61258353125 0.33357035156250003 0.6061189890625001 0.320512696875 0.6045385328124999 0.3112796859375 0.6077818125000001 0.2931647125 0.605471475 0.292021809375 0.6040227234375 0.28355821406250004 0.6061862703124999 0.28075505 0.60399255 0.2772049109375 0.59229406875 0.2675443140625 0.58874211875 0.2745904953125 0.5872672703124999 0.28759405312499997
0 0.5675090984375 0.16661765625 0.571607034375 0.19364625156249998 0.5780715765625 0.20670390625 0.58102535 0.20851724531250002 0.5839640359375 0.2071539359375 0.5880990765624999 0.1880715796875 0.5852166609375 0.17432104843750001 0.5857997484374999 0.1622848734375 0.5803435859375 0.1458526015625 0.5748311515625 0.144534171875 0.5716441390625 0.14753529999999998 0.5675090984375 0.16661765625
0 0.552151840625 0.033661512500000004 0.551862334375 0.0535898265625 0.553736375 0.0707149765625 0.5576422546875001 0.0842675453125 0.5714027500000001 0.0967088640625 0.5733179749999999 0.09554351562499999 0.5703189390625 0.08420021875 0.5722039875 0.0766815671875 0.5701680703124999 0.052433695312499994 0.567067503125 0.046674284375 0.56479835 0.0272408828125 0.5593874453125001 0.0203385671875 0.5553086781250001 0.0243070796875 0.552151840625 0.033661512500000004
0 0.5593654265625 0.0696261703125 0.563327578125 0.0680648921875 0.5648476859375 0.06459129375 0.5630339953125 0.060172753125 0.5563814796875 0.0614595234375 0.5561482437499999 0.0662739953125 0.5593654265625 0.0696261703125
0 0.4864957953125 0.0732262078125 0.49095866875 0.09620975000000001 0.503142784375 0.1272385125 0.502074059375 0.1179065203125 0.5041621703125 0.09922009375 0.5067057421875 0.0955485296875 0.49843851875 0.0534285328125 0.4935242609375 0.0432505828125 0.48652189218749997 0.051759057812499995 0.4864957953125 0.0732262078125
0 0.509577771875 0.1555661015625 0.508148184375 0.178099615625 0.5122612046875 0.2083048625 0.51142979375 0.221978853125 0.515655353125 0.22195641250000003 0.519937184375 0.20682012656249998 0.5249077140625 0.20188423125 0.5245839578125 0.18763878750000001 0.527462296875 0.1735688671875 0.5255018125 0.16520425625 0.5169752578125 0.149365878125 0.5119896421875 0.15112511875 0.509577771875 0.1555661015625
0 0.524581103125 0.2679234953125 0.5263234359375 0.2842792265625 0.5449570078125 0.32518899375 0.5584239171875 0.329738175 0.5591085375 0.3121181125 0.5512706796875 0.3064801265625 0.5385295703125 0.26602038906250003 0.5296531625 0.2574037140625 0.5264661515625 0.26040484375 0.524581103125 0.2679234953125
0 0.529583025 0.37744606875 0.5366498203125001 0.40946465625000006 0.54659495625 0.42741332187500003 0.5487735890625001 0.427786809375 0.5517122765625 0.42642349843750005 0.5517685453125 0.411309653125 0.5554672890625 0.40820954218749994 0.5634066796874999 0.4082636421875 0.5595460578125 0.40424102968750003 0.55327356875 0.40465940156249997 0.5468241140625001 0.394778396875 0.5417027156249999 0.36794776875 0.5352683484375 0.36124341875 0.53117449375 0.36203527812499997 0.529583025 0.37744606875
0 0.4746385015625 0.29427645 0.47761144062499994 0.327086896875 0.4831842234375 0.341111934375 0.486137996875 0.342925275 0.4888846328125 0.328085934375 0.48625053749999997 0.312697584375 0.488383909375 0.3035411171875 0.487943534375 0.2917029078125 0.4858664328125 0.2857455328125 0.480587234375 0.279612634375 0.47751684218749996 0.280206528125 0.4746385015625 0.29427645
0 0.45332150000000004 0.200627921875 0.45934974375 0.22966782187499998 0.4635753046875 0.22964538124999997 0.4704308828125 0.21719083437500003 0.4697833703125 0.188699946875 0.4654522 0.166485821875 0.4563576421875 0.1658602703125 0.45324606562499997 0.1847446609375 0.45332150000000004 0.200627921875
0 0.432086865625 0.070398403125 0.43438619375 0.096185109375 0.4395940359375 0.1142552 0.44368789062499997 0.11346334218750001 0.45093858437499995 0.10331704687500001 0.44647571093750005 0.0803335046875 0.446780303125 0.06358184375 0.44328462343749997 0.05551418125 0.4373921625 0.055064153125 0.435228615625 0.057867315625000006 0.432086865625 0.070398403125
0 0.3794196515625 0.06230309375 0.3856248578125 0.10164236874999999 0.3961119 0.12584535624999998 0.3989037953125 0.12053597499999999 0.39590476093750004 0.10919267656250001 0.396852790625 0.09311145 0.40015641718749995 0.08770308437499999 0.392521621875 0.070897325 0.39066266875 0.056948828124999996 0.38744548437500004 0.0535966515625 0.37963779999999997 0.054311971875 0.3794196515625 0.06230309375
0 0.3369609796875 0.073695284375 0.3375632328125 0.0926562171875 0.3442349125 0.12236655 0.3473354796875 0.1281259609375 0.351019134375 0.121849196875 0.35072555 0.11395705781250001 0.35490585 0.10440465937500001 0.3522264953125 0.07948635312499999 0.347165446875 0.06536233125 0.3439482625 0.062010156250000004 0.33998611093750003 0.0635714328125 0.3369609796875 0.073695284375
0 0.27768650781250004 0.076416703125 0.2743979671875 0.08500171875 0.27523345625 0.09914818125 0.2794329203125 0.1205928875 0.2869209265625 0.133452578125 0.294830140625 0.1271533734375 0.291740584375 0.0967501609375 0.2852458703125 0.0773392015625 0.2815169546875 0.0740860078125 0.27768650781250004 0.076416703125
0 0.3955636828125 0.193678525 0.39482279375 0.22641243125 0.398201853125 0.23688732968749998 0.4036127578125 0.2437896453125 0.4078232328125 0.24059055156250003 0.4073828578125 0.2287523421875 0.41412181875 0.2187050296875 0.4120145421875 0.20639435 0.41492305468749996 0.198677734375 0.4117923171875 0.1865650203125 0.40534286249999996 0.176684015625 0.40047386406249996 0.1760360234375 0.3955636828125 0.193678525
0 0.40143317187500005 0.30764138750000003 0.40826673125 0.34447444531250004 0.41908853749999997 0.3582790765625 0.42242233906250004 0.35922401718749997 0.42546255781250003 0.35227681718750004 0.42494674843749997 0.32455534531249997 0.4282503765625 0.3191469828125 0.4162432265625 0.2984175953125 0.4147793875 0.28677735000000004 0.4101436265625 0.2813148859375 0.4050413921875 0.2854813625 0.40143317187500005 0.30764138750000003
0 0.35733525 0.319350653125 0.36293820625 0.3397289953125 0.37257466875 0.34660886875 0.37331963749999997 0.34169541875 0.369033728125 0.32901125000000003 0.3669978109375 0.304763378125 0.3679609265625 0.29185880625 0.3660155296875 0.2866708484375 0.35781273125 0.2850779125 0.3562926203125 0.2885515125 0.35733525 0.319350653125
0 0.3384109515625 0.1902640390625 0.346648003125 0.22603073281250002 0.351050528125 0.2363076640625 0.358113246875 0.2405057984375 0.3593397734375 0.22914005781250002 0.355110134375 0.201342046875 0.35121933906249997 0.19096612968749999 0.3458084359375 0.18406381562500002 0.3402960015625 0.1827453859375 0.3384109515625 0.1902640390625
0 0.2859659625 0.2019980609375 0.2916292671875 0.23508301406249998 0.302582778125 0.2496570609375 0.30309043281250003 0.221737625 0.2984807671875 0.1948080125 0.291782990625 0.1865648265625 0.2872940203125 0.18504843437500001 0.2859659625 0.2019980609375
0 0.2957312765625 0.2899320609375 0.30348676874999997 0.3321510390625 0.30620730625000003 0.33877885 0.3103162515625 0.34116364374999997 0.31619362500000003 0.3384370203125 0.3069742953125 0.284577796875 0.30362540625 0.280456203125 0.29966325625 0.2820174796875 0.2957312765625 0.2899320609375
0 0.238082521875 0.311416446875 0.238684775 0.330377378125 0.24143548906249998 0.34335849218750003 0.2514972421875 0.3588999234375 0.2529981859375 0.32442921875 0.2493968984375 0.2941249875 0.2433727328125 0.2929055421875 0.24044913124999998 0.2974455078125 0.238082521875 0.311416446875
0 0.22593551406249998 0.2342767328125 0.23089503437499997 0.2539846390625 0.2419349890625 0.25979815 0.244098534375 0.2569949859375 0.2421339734375 0.220809921875 0.2405384296875 0.2084002578125 0.2377012734375 0.20417968281249999 0.22999511875 0.19931111562499998 0.22540461875 0.203378609375 0.22593551406249998 0.2342767328125
0 0.21600016718749998 0.0835791046875 0.21417546562499998 0.1038043640625 0.2146309265625 0.11881922656249999 0.21800998906250002 0.1292941234375 0.22615651875 0.146000903125 0.231040603125 0.149825546875 0.234678996875 0.134018828125 0.23026138437500002 0.120565240625 0.23142756250000002 0.0964928921875 0.23332769999999997 0.0921508921875 0.23215744374999997 0.0884027890625 0.2235142703125 0.0749716453125 0.2190403859375 0.076631903125 0.21600016718749998 0.0835791046875
0 0.145907965625 0.1003163453125 0.1519663828125 0.1357095484375 0.16678051562500001 0.15430620625 0.166320978125 0.11147089218749999 0.1624150953125 0.0979183265625 0.15134496718749998 0.085751509375 0.1472661984375 0.089720021875 0.145907965625 0.1003163453125
0 0.165415353125 0.217366784375 0.16430544375 0.2263252890625 0.1685501703125 0.257299953125 0.17450297812499999 0.270456590625 0.1796202984375 0.2694667671875 0.1812268515625 0.2572326265625 0.1780920359375 0.217299459375 0.17576661093749998 0.21297990156250002 0.16871898125 0.21195841875000002 0.165415353125 0.217366784375
0 0.1805493578125 0.31380105 0.17894280625 0.3260351875 0.1796767640625 0.3457655375 0.18486951875 0.360658975 0.1902804203125 0.367561290625 0.19769299375 0.3645377203125 0.19511516874999998 0.3340355265625 0.190535678125 0.31345921875 0.188721984375 0.3090406796875 0.18347295937500002 0.3092610859375 0.1805493578125 0.31380105
0 0.128191840625 0.333467078125 0.1269954890625 0.3511861234375 0.127759621875 0.3772697765625 0.1383481921875 0.3958888765625 0.14332973124999998 0.36630918281249997 0.1403567921875 0.3334987359375 0.1357210296875 0.3280362734375 0.13060370937500002 0.329026096875 0.128191840625 0.333467078125
0 0.1106078328125 0.2708921984375 0.1225998953125 0.288444934375 0.1286240625 0.28966438125 0.1321760125 0.28261819843749997 0.13328184375000002 0.24583924218750003 0.1319647953125 0.2381450671875 0.128484203125 0.23325405625 0.1179559796875 0.2273415640625 0.11237218593750001 0.2379603296875 0.1106078328125 0.2708921984375
0 0.10080419062499998 0.12096398593749999 0.10928956249999999 0.15509286093750002 0.11869279218749999 0.16678720625000001 0.12288817968750002 0.160411459375 0.11513268593749999 0.11819247968749999 0.11293896875000001 0.11464233906250001 0.10216242187499999 0.110367665625 0.10080419062499998 0.12096398593749999
0 0.039320914062500004 0.11695861249999999 0.037202628125 0.129291734375 0.0381999953125 0.15056091875 0.0530895609375 0.1850408390625 0.059200171875 0.17749974531249998 0.058658265625 0.1712454234375 0.06093843125 0.1660350234375 0.070661340625 0.164154359375 0.069227671875 0.15886741875 0.061273198437499996 0.15563666874999998 0.0574990203125 0.14285351875000002 0.056035181249999996 0.1312132734375 0.0584168765625 0.1204189859375 0.0544094640625 0.11245030625 0.0445397640625 0.1103849015625 0.039320914062500004 0.11695861249999999
0 0 0.1920697296875 0.007515235937500001 0.18749696875 0.008523615625 0.18412235 0.004293975 0.15632433750000002 0.0052570921875000004 0.143419765625 0.0027848765625 0.1351541375 0 0.13037146875 0 0.1920697296875
0 0.052296476562500006 0.2607090421875 0.060036882812500005 0.2997513703125 0.06531608125 0.30588426874999997 0.07066663906250001 0.30007997343750004 0.07415823906249999 0.2803271828125 0.07134718125 0.254639459375 0.0645176984375 0.24562685625 0.0576017734375 0.24537479218749997 0.052296476562500006 0.2607090421875
0 0.0059470124999999995 0.2617253171875 0.01177219375 0.30193299375 0.0215705359375 0.3159355890625 0.0263229171875 0.3189908171875 0.0281064359375 0.317056053125 0.028937846875 0.30338205937499996 0.0246478625 0.2628774390625 0.02219073125 0.257788465625 0.0092355546875 0.2531403015625 0.006180246875 0.25691085 0.0059470124999999995 0.2617253171875
0 0.0676044 0.3563147765625 0.0725337453125 0.369669378125 0.0763531828125 0.39198248593749996 0.0847178609375 0.40069814218750005 0.0866632578125 0.4058860984375 0.085515021875 0.35285039218750003 0.08073246875 0.343441859375 0.07649181875 0.34028765 0.0711261765625 0.3429152890625 0.0676044 0.3563147765625
0 0.014974712500000001 0.3669698015625 0.020156459374999998 0.40650704062500004 0.0219701515625 0.41092558125 0.026722531249999997 0.41398080937500004 0.029788846875000004 0.3855664609375 0.024535745312500003 0.35796641406249996 0.01989998125 0.35250395156250003 0.0174730265625 0.3537682796875 0.014974712500000001 0.3669698015625
0 0.9029911593750001 0.3481433453125 0.8994090375000001 0.34883622187499996 0.8966322265625 0.3573222546875 0.8968091921875001 0.3676216296875 0.902340790625 0.3999371625 0.9071384312499999 0.41252234843749996 0.922742790625 0.4357355125 0.9288081421875001 0.4186644609375 0.9195064437499999 0.40138623124999995 0.9188740171875001 0.3760719953125 0.9149983109375001 0.36887273125000003 0.9132710609375 0.355693653125 0.9029911593750001 0.3481433453125
0 0.808612765625 0.3520905328125 0.815344790625 0.39450747656249996 0.82510195 0.42680057031249996 0.82944413125 0.4243708953125 0.8298090703125001 0.42032584375 0.8274644828125 0.385009178125 0.8299627953125001 0.37180765625 0.8234529937499999 0.34922004375000004 0.8184070296874999 0.33827267656250004 0.8106295187500001 0.3453412984375 0.808612765625 0.3520905328125
0 0.734994709375 0.35440680625 0.7346599421875 0.36480516406249996 0.7417267375 0.39682375 0.75360218125 0.416783721875 0.75551740625 0.41561837500000004 0.7536433640625 0.398493225 0.7591105390624999 0.390281696875 0.7520464625 0.376810078125 0.750858403125 0.35133835156250004 0.7439123015625 0.3447329828125 0.7389266875 0.346492225 0.734994709375 0.35440680625
0 0.6601803015625001 0.3744421234375 0.6676422093750001 0.4087689640625 0.6837884765625 0.43823645000000006 0.6886273015625 0.4325311390625 0.6883337187499999 0.42463899843749997 0.6787947078125 0.38435478437500004 0.6787192734375 0.3684715234375 0.675502090625 0.365119346875 0.6695945390625 0.3614926671875 0.6624302921874999 0.3628784203125 0.6601803015625001 0.3744421234375
0 0.60359619375 0.3774380484375 0.60133111875 0.38582510000000003 0.6005147953125001 0.40267574375 0.602490365625 0.4142170078125 0.605094284375 0.42325205156249995 0.6136057546875 0.43591377812500004 0.6164127390624999 0.43378104687499996 0.6139103484375 0.419162115625 0.6146251421875 0.407895359375 0.6196972015625 0.397375578125 0.62003196875 0.38697722031250004 0.6230872734374999 0.38320667343750003 0.62020485625 0.369456140625 0.61787943125 0.3651365828125 0.609955128125 0.3682591359375 0.60359619375 0.3774380484375
0 0.4785717015625 0.3944670296875 0.48527355468750005 0.43053066875 0.4966221828125 0.44741297187500007 0.4927725703125 0.418746559375 0.4946988046875 0.392937409375 0.49158315156250004 0.38400135 0.485032165625 0.37970423124999997 0.4815817453125 0.381166525 0.4785717015625 0.3944670296875
0 0.43000241875 0.41340031406250005 0.4291559203125 0.42389765468749996 0.434439196875 0.45785100468750006 0.44334578125 0.4728209859375 0.451138378125 0.4689290125 0.4480076390625 0.45681629843750005 0.4496292796875 0.44775881249999994 0.442005490625 0.40630924999999996 0.43801316718749994 0.401517221875 0.434942775 0.4021111171875 0.43000241875 0.41340031406250005
0 0.36913648125 0.431532525 0.37993219218749996 0.4668043046875 0.3862499421875 0.47591589062499995 0.39021209218749997 0.4743546140625 0.39082535625000003 0.46867174375 0.38710745 0.44077475 0.388085653125 0.43104682812500006 0.3871637203125 0.42566090624999997 0.38381483125 0.42153931250000004 0.3721465265625 0.4182320203125 0.3699829796875 0.4210351859375 0.36913648125 0.431532525
0 0.3275544828125 0.4387806828125 0.334008015625 0.47648213906250003 0.338643775 0.481944603125 0.3455446140625 0.47902001250000004 0.343730921875 0.4746014734375 0.3438736375 0.4507270890625 0.34100630625 0.440153209375 0.333928503125 0.43277842343749995 0.32945461875 0.43443868124999996 0.3275544828125 0.4387806828125
0 0.27775459687500004 0.441259253125 0.2752411984375 0.45128412031250004 0.2833767171875 0.4926347 0.2884226796875 0.50358206875 0.29357017343749997 0.5089455484375 0.2959066078125 0.48862130625000005 0.2885311421875 0.44553392656249996 0.28556228125 0.44054393437500006 0.2806932859375 0.4398959390625 0.27775459687500004 0.441259253125
0 0.201243115625 0.4544687953125 0.2062067109375 0.5019971546875001 0.215609940625 0.5136915 0.221487315625 0.510964875 0.2212760984375 0.46649174374999997 0.2190522046875 0.45658829843750004 0.20888892343749998 0.4466307546875 0.2049267703125 0.4481920296875 0.201243115625 0.4544687953125
0 0.1481848609375 0.4718856859375 0.148478446875 0.47977782500000005 0.152692996875 0.504399184375 0.158265778125 0.5184242234374999 0.1653586703125 0.5289756624999999 0.1701371453125 0.510563740625 0.160846459375 0.46864170781250003 0.1589161484375 0.46663040312500004 0.1508601421875 0.4689835390625 0.1481848609375 0.4718856859375
0 0.0905772921875 0.4750795734375 0.0884288328125 0.481059390625 0.088635971875 0.49771207031250003 0.0964628203125 0.527993859375 0.109448175 0.5389953249999999 0.11181478281249999 0.5250243875 0.1055231296875 0.49444565156250003 0.0994084421875 0.47416629062500004 0.09478776562499999 0.47188048125000004 0.0905772921875 0.4750795734375
0 0.034260671874999996 0.5074347875 0.0370566453125 0.5299458593749999 0.0438861265625 0.5389584625 0.0486234203125 0.5388370390625 0.051678725 0.5350664921875 0.0529162609375 0.4990569515625 0.050428957812499994 0.487614671875 0.0386138625 0.480361309375 0.0347985015625 0.4858686546875 0.034260671874999996 0.5074347875
0 0.9198037734375 0.5229472937499999 0.9194991796875 0.53969895625 0.9259225375 0.5710471078125 0.9354272968749999 0.5771575640625 0.9384112453125001 0.585324209375 0.9377074609375 0.5719471656249999 0.9342117812499999 0.563879503125 0.9404651046874999 0.5324640265625 0.9365743109375 0.522088109375 0.9365441375 0.5157348046875 0.929451246875 0.505183365625 0.9234421671874999 0.5071405718750001 0.9198037734375 0.5229472937499999
0 0.8346642031249999 0.52590234375 0.8425212265625 0.5625374375 0.8468071343749999 0.5752216046874999 0.8519546281249999 0.580585084375 0.8554050500000001 0.5791227906249999 0.8563942609374999 0.54475106875 0.8526351734375 0.5351445703125 0.8547534578124999 0.5228114484375 0.8518559531250001 0.5058842640625001 0.8435365359375 0.506698565625 0.838520746875 0.5021045 0.8346642031249999 0.52590234375
0 0.7548792671875 0.55087355625 0.7627020390625 0.5533348890625 0.767616296875 0.5635128390624999 0.7740355796875 0.5670405390625 0.777278859375 0.5489255656250001 0.7706373531249999 0.5255685359375 0.777771425 0.5178294765625 0.7684134593749999 0.5156650890625001 0.755251140625 0.49436425 0.7511010125 0.510269953125 0.7566175265624999 0.5394088328125 0.7548792671875 0.55087355625
0 0.6805835250000001 0.5183456359374999 0.686788734375 0.5576849109375 0.6936785624999999 0.579404121875 0.6958722828125 0.5829542625 0.7042067859375 0.5853166140625 0.705508746875 0.5898341375 0.7057419828125 0.585019665625 0.7102007796875001 0.5801827546875 0.7022161296875 0.5705987015625 0.7003119156250001 0.5471202468749999 0.7009402640625 0.544614028125 0.7077244859375 0.544096675 0.7009814484375 0.52632353125 0.694005175 0.5133648578125001 0.6841354749999999 0.511299453125 0.6805835250000001 0.5183456359374999
0 0.6147319703125 0.5382370875 0.61514625 0.571542446875 0.62074920625 0.5919207875 0.6324024234375 0.592051428125 0.63170965 0.5540305812499999 0.63463325 0.5494906171875 0.63061075 0.538345284375 0.62147093125 0.528189775 0.6163686984375001 0.532356253125 0.6147319703125 0.5382370875
0 0.560224965625 0.5471903859375 0.56467683125 0.594817728125 0.5673822828125 0.5982688875 0.5792687375 0.5935850578124999 0.57952806875 0.5673034390625 0.5763520671875 0.5456607671875 0.5735149140625 0.541440190625 0.560939759375 0.535923628125 0.560224965625 0.5471903859375
0 0.5028481390625 0.53875020625 0.5084099125 0.5774190453125 0.517083259375 0.59720349375 0.5214556124999999 0.6011271218750001 0.5264110546875 0.5930145765625 0.517763803125 0.551762978125 0.5115475828125 0.53706750625 0.506283471875 0.534111259375 0.5028481390625 0.53875020625
0 0.4529643015625 0.5568089140625 0.45460510625 0.5787485343750001 0.46137831875 0.60287498125 0.4663941078125 0.60746904375 0.47060458125000004 0.6042699515625001 0.46870036875 0.580791496875 0.4714620890625 0.569128809375 0.46935481562500003 0.5568181296875 0.46151695468750004 0.5511801453125 0.455887903125 0.5522689515625 0.4529643015625 0.5568089140625
0 0.3855172046875 0.5642907046875 0.38433593906249996 0.5851864015625 0.38723344375 0.6021135859375 0.40095275468749997 0.6328454015625 0.3996206203125 0.6219745734375 0.40464741875000004 0.6019248359375 0.40071136406249996 0.5820189640625 0.3923014265625 0.5637733515625001 0.3885725109375 0.5605201578125001 0.3855172046875 0.5642907046875
0 0.330942921875 0.61300165 0.337497984375 0.64511921875 0.342528859375 0.652889934375 0.34988108281249997 0.6371597546875 0.3450381828125 0.6150446125 0.34456763437500004 0.596853096875 0.3419938859375 0.5941713546875 0.3367297734375 0.5912151109375 0.332899328125 0.5935458046875 0.330942921875 0.61300165
0 0.2765716984375 0.6505448171875 0.28282909843750004 0.64694979375 0.284465828125 0.6410689609375 0.28498856875 0.6163261765625 0.2797354671875 0.5887261296874999 0.269880853125 0.589837378125 0.267484071875 0.5974550125 0.2765716984375 0.6505448171875
0 0.2178642015625 0.6213608640625 0.22199230937499997 0.6547427625 0.22855838125 0.66221653125 0.23516563750000002 0.651399803125 0.23349465781249998 0.6231068796875 0.23007033593749998 0.6031020234375 0.2221309453125 0.603047925 0.2192073453125 0.6075878890624999 0.2178642015625 0.6213608640625
0 0.1670227171875 0.6097328390625 0.16901744999999999 0.6522712078125 0.1762420484375 0.6635920640624999 0.18314288437499998 0.660667475 0.1857125546875 0.6355287625 0.18278487968749998 0.612248271875 0.176467128125 0.6031366859375 0.1699463171875 0.605192875 0.1670227171875 0.6097328390625
0 0.106085421875 0.639802240625 0.1122906296875 0.679141515625 0.11780306250000001 0.6804599453125 0.1244254078125 0.67281986875 0.1259867 0.6510557718750001 0.12839856875 0.6466147890625 0.1252376546875 0.6281487703125 0.12035356875 0.624324125 0.11242926718749999 0.627446678125 0.106085421875 0.639802240625
0 0.0549684890625 0.6345866375 0.05279393125 0.662033603125 0.05402453593749999 0.6784883171875 0.0577685390625 0.6849181609375 0.0650644921875 0.6843018265625 0.0703697890625 0.6689675765625 0.07152087968750001 0.6417185734374999 0.0696920984375 0.63412338125 0.06518804218749999 0.6294303375 0.055976865625000004 0.6312120203125 0.0549684890625 0.6345866375
0 0.1287920484375 0.8373129140625 0.1333111921875 0.8451826109375 0.13728843125 0.8467979874999999 0.1425484671875 0.8219337781249999 0.13780709687499998 0.7942347515625 0.12858083125 0.7928397796875 0.12454732500000001 0.8063382499999999 0.1287920484375 0.8373129140625
0 0.07846534375 0.8367138125 0.0845347703125 0.8474632156249999 0.092297196875 0.8372179421875 0.08660371875 0.797779684375 0.0876120953125 0.7944050671875 0.0831080390625 0.789712021875 0.0746569171875 0.78975690625 0.07164687187499999 0.8030574093749999 0.07846534375 0.8367138125
0 0.9580120078125001 0.64114985625 0.9624899687499999 0.6673100484375001 0.96986135625 0.6825769765625 0.9727941046874999 0.685135575 0.974841903125 0.634878975 0.972558653125 0.6303872265625 0.9639607390625 0.6264860390625 0.9591219171875001 0.63219135 0.9580120078125001 0.64114985625
0 0.8881734281250001 0.79217489375 0.8962074171875001 0.8391093609375 0.9102052234375 0.8745566640625 0.9111683421875 0.861652090625 0.9088127406250001 0.850979228125 0.9099528250000001 0.8483740296875 0.9152018484375001 0.848153621875 0.9099075640625 0.8388440703125 0.9126802953125001 0.802537584375 0.9085562656249999 0.7969761375 0.90954955625 0.7904248671875 0.899487803125 0.7748834375 0.8901600078125 0.7790723546875 0.8881734281250001 0.79217489375
0 0.8672886468750001 0.6547236703125 0.8661787390625 0.663682175 0.8784533765625 0.7137708515625001 0.8870512890625 0.7176720359375001 0.889417896875 0.7037010984375 0.892093175 0.700798953125 0.8882174671874999 0.6935996890625 0.889808934375 0.6781888984375 0.885872878125 0.658283025 0.8823922859375 0.6533920156249999 0.8713523296875 0.6475785046875 0.8672886468750001 0.6547236703125
0 0.819966278125 0.801393484375 0.8163992390624999 0.8052630125 0.8146458937500001 0.81355108125 0.8166063796874999 0.8219156921874999 0.8152330609374999 0.8293353609375 0.8198839093749999 0.8379744765625 0.8215096281250001 0.8567374421875 0.8380359203125 0.8853365296875 0.843913296875 0.8826099062500001 0.8435895390624999 0.8683644609375 0.845854615625 0.859977409375 0.8395931359375 0.8357519812499999 0.846083775 0.8273424875 0.841812953125 0.8178349718750001 0.8420009265624999 0.8034905453125001 0.832789753125 0.805272228125 0.827393934375 0.8015465624999999 0.819966278125 0.801393484375
0 0.7875037109374999 0.6796948796875 0.7832932359375 0.6828939765625 0.781144778125 0.688873790625 0.782096884375 0.7006130171875 0.7793049890625 0.7059224000000001 0.7876847546875 0.717814709375 0.7912106062500001 0.7322356765625 0.7963581015625001 0.73759915625 0.8083803375 0.761505196875 0.8097687421875 0.7572621796875 0.8065022203125001 0.7165595953125 0.8000376796875001 0.703501940625 0.7977987 0.6904218421875 0.7875037109374999 0.6796948796875
0 0.7129678 0.7044456859375 0.718322434375 0.7264618453125 0.717607640625 0.7377286015625 0.72364689375 0.7421247015625 0.7309016640625 0.759798859375 0.7405532140625 0.7698553875 0.7355786078125 0.7469708265625 0.7393788828125001 0.738286828125 0.7379301296875 0.7298232359375 0.7284514671875 0.7022456312500001 0.7277778546875 0.6952218890624999 0.7190331515625 0.687374634375 0.7142958578124999 0.6874960578125 0.7129678 0.7044456859375
0 0.7382661171875 0.8275300421875 0.7346277234375 0.8433367609375001 0.7378489828125 0.874509390625 0.7566101796875 0.8883681203125 0.7582318203125 0.8793106343750001 0.7567528953125 0.8644937374999999 0.76294995 0.8481921031249999 0.7573922546875 0.83734371875 0.7468338578125 0.8250779234375001 0.7419648609375 0.8244299296875001 0.7382661171875 0.8275300421875
0 0.6741418125 0.8606005718749999 0.6824502203125 0.884430071875 0.6873493921875 0.891431371875 0.68999449375 0.88217591875 0.6832172062499999 0.8302290187500001 0.6724406609375 0.8259543453125 0.6694004437500001 0.83290154375 0.6741418125 0.8606005718749999
0 0.6339951125 0.6847457984374999 0.6350638375 0.694077790625 0.6484483812499999 0.7352079640625 0.65809993125 0.7452644890625 0.66231040625 0.742065396875 0.6675896046875 0.74819829375 0.6675292578125 0.735491684375 0.6641803687500001 0.731370090625 0.6623515890625 0.7237748984375 0.6673934765625 0.7069018125000001 0.66214445 0.7071222203125 0.6562218140625 0.7003188875 0.6526507015624999 0.6763679625 0.650720390625 0.67435665625 0.637167034375 0.6785680171874999 0.6339951125 0.6847457984374999
0 0.569182109375 0.7076159375 0.5840455812500001 0.7635630078125 0.586487621875 0.7654753296875 0.5903029828124999 0.759967984375 0.59114948125 0.7494706437499999 0.596763446875 0.7452051859375 0.6015158265625 0.7482604140625 0.6020124703125 0.7449847796875 0.5999353703125 0.7390274046875 0.5925941546875 0.7301137828125001 0.585643978125 0.6956879609375 0.5775276234375 0.6853344875 0.5738137953125 0.6852579484375 0.569182109375 0.7076159375
0 0.6033115765625 0.8297870093749999 0.6028752796875 0.8457692531250001 0.6063448609375001 0.8753040656250001 0.6111726765625 0.89424255625 0.617272278125 0.9113452640625 0.6221714484375 0.9183465625 0.619127153125 0.8974733078125 0.619431746875 0.8807216453125 0.620673359375 0.872532559375 0.6237286625 0.8687620125000001 0.6174219234375 0.8350066249999999 0.6136779203125 0.828576778125 0.6062351765625 0.825247046875 0.6033115765625 0.8297870093749999
0 0.5338175515625 0.8376647296874999 0.5473639734375 0.8859176234374999 0.556093590625 0.8905882281249999 0.5595440125 0.8891259328125001 0.560420684375 0.8849819 0.55076505625 0.84710491875 0.549022721875 0.8307491875 0.54001460625 0.8213630953125 0.5333922640625001 0.8290031718750001 0.5338175515625 0.8376647296874999
0 0.5254324875 0.6898468046875 0.522904 0.696695021875 0.5298129953124999 0.7494113390625 0.5393781015625 0.76822840625 0.5430919296875001 0.7683049468750001 0.5418915015625 0.7582035359375 0.54389316875 0.74827765 0.5376426999999999 0.69940841875 0.5341470187499999 0.69134075625 0.5293946375 0.688285528125 0.5254324875 0.6898468046875
0 0.473653146875 0.7443762734375 0.479489340625 0.759940146875 0.48425680625 0.7661720265625 0.4931593125 0.7533215531249999 0.48992704375 0.7467927249999999 0.4863861 0.72919510625 0.486969190625 0.71715893125 0.48258175156250005 0.71005865 0.47372042812500004 0.7046186296875 0.470623940625 0.726679671875 0.473653146875 0.7443762734375
0 0.47818554999999996 0.8523998796875001 0.47943124218750005 0.872031246875 0.48608783437499997 0.8985649296875 0.4882815546875 0.90211506875 0.49481745312500003 0.9032355328125 0.4980648109375 0.9129410124999999 0.5003600609375 0.9109072640625 0.49686438125 0.9028396031250001 0.49809090781250004 0.8914738640625 0.493612946875 0.86531366875 0.487893371875 0.8473425609374999 0.482132615625 0.8476619515625 0.47818554999999996 0.8523998796875001
0 0.42455522031250004 0.8572091437499999 0.4253193515625 0.8832927968750001 0.430045634375 0.907815175 0.4319759453125 0.9098264796875 0.43516295468750005 0.9068253515625001 0.43953123125 0.8829285265625 0.4395875 0.8678146828125 0.436573378125 0.8532947312499999 0.4336045171875 0.8483047390625 0.42886722343750006 0.8484261640625 0.42455522031250004 0.8572091437499999
0 0.4152070390625 0.7222957953125 0.4127951703125 0.7267367765625 0.41941058125 0.77156095625 0.4217510921875 0.779057165625 0.4312709375 0.788344275 0.4350712109375 0.779660275 0.4413587875 0.78241855625 0.4438159171875 0.78750753125 0.44301060156250005 0.7797143734375 0.4359177109375 0.7691629359375 0.426758728125 0.728010321875 0.424433303125 0.7236907625 0.41930089531250003 0.7215039359375 0.4152070390625 0.7222957953125
0 0.35048048125000003 0.7364053953125 0.35387870781249997 0.7778773984375 0.35829631875 0.7913309828124999 0.36319549218749997 0.79833228125 0.3672893484375 0.797540421875 0.369919365625 0.7851083171875 0.3617385859375 0.73422778125 0.356722796875 0.7296337171875 0.352628940625 0.730425578125 0.35048048125000003 0.7364053953125
0 0.36520939218750004 0.8718677546875 0.36790383437499996 0.8999627125 0.3731418484375 0.9243861078125001 0.37989589375 0.91751545 0.38137074375 0.90451189375 0.37466889062500003 0.8684482546875 0.36914136875 0.8639531734375 0.3667144140625 0.865217503125 0.36520939218750004 0.8718677546875
0 0.3013142453125 0.8723033625 0.30788439375 0.9075975843749999 0.3155191921875 0.9244033437500001 0.32048971875 0.91946745 0.3228000578125 0.9206103562499999 0.3236767296875 0.916466321875 0.3177198421875 0.8754892296874999 0.312380296875 0.8566497234374999 0.307876240625 0.8519566765625 0.3032706515625 0.8528475171875 0.3013142453125 0.8723033625
0 0.295740240625 0.7501731625 0.29436692343750004 0.7575928328125 0.29776515 0.7990648359375 0.30899715781250003 0.818354371875 0.312402315625 0.8073621203125001 0.30997128281249997 0.7808059968750001 0.3109193140625 0.7647247687500001 0.3080368953125 0.7509742375 0.30493633125 0.7452148281250001 0.29993562812499996 0.743797415625 0.295740240625 0.7501731625
0 0.2457686890625 0.8782779734374999 0.2459456546875 0.8885773484374999 0.2519738984375 0.9176172484375 0.25830673437499996 0.9299054874999999 0.26674276875 0.9266839499999999 0.2618807046875 0.8735717031249999 0.2566015046875 0.8674388046875 0.25148418437500003 0.868428628125 0.2457686890625 0.8782779734374999
0 0.2239586890625 0.7508642078125 0.22333033906250002 0.7533704265625001 0.23431402499999998 0.7742977796875 0.23833652343749998 0.7854431125 0.24202425624999999 0.8069868015624999 0.2458848765625 0.8110094140624999 0.24971532343749997 0.8086787187500001 0.2500802640625 0.804633665625 0.2430395671875 0.751147928125 0.23906232656249998 0.7495325546875 0.22986623750000001 0.7544908890625 0.2239586890625 0.7508642078125
0 0.18471355625000002 0.8026494484375 0.1881227890625 0.81947765 0.1975411046875 0.8343486468749999 0.20165004843749998 0.8367334390625001 0.20368189062500003 0.8331608578124999 0.20177767812499997 0.8096824046875 0.19405235781250002 0.7738167296875 0.1866096140625 0.770486996875 0.18343769062499998 0.776664778125 0.18471355625000002 0.8026494484375
0 0.19745180625 0.9233938937499999 0.1993560203125 0.9468723484374999 0.20751763437499998 0.9667557796875 0.21261986875 0.9625893015625 0.21526497187500002 0.953333853125 0.21365434374999998 0.9377475375 0.21474916406250003 0.92561238125 0.21158825 0.9071463625 0.2088827984375 0.903695203125 0.2017336375 0.9082576078125 0.19745180625 0.9233938937499999
0 0.1454732875 0.9254989765625 0.14434829375 0.9312808296874999 0.15208869687499998 0.9703231562499999 0.159166503125 0.9776979421875 0.1662854890625 0.9667822312500001 0.1609720421875 0.9264755750000001 0.157491446875 0.9215845640625 0.14993208593750001 0.9206620640625 0.1454732875 0.9254989765625
0 0.0839749234375 0.9183169515625 0.083538625 0.9342991953125 0.09062050625 0.969494434375 0.0942478921875 0.978331515625 0.099000271875 0.9813867437500001 0.10303377968750001 0.9678882734375 0.09603834375 0.9239324953124999 0.09267436875 0.9166342500000001 0.0872785515625 0.9129085859374999 0.0839749234375 0.9183169515625