0 0.03135660625 0.8187621609375 0.0376828390625 0.8179070734374999 0.03691705 0.8145121296875001 0.018959715625 0.8145867140625 0.019468528125000002 0.8364473609375 0.025858525 0.835029690625 0.044566676562500004 0.8357807984375001 0.028851059374999998 0.8239111953125 0.03135660625 0.8187621609375
0 0.017192709375 0.7386688640625 0.0176422203125 0.757981684375 0.0336259609375 0.7591935999999999 0.052821096874999994 0.753975246875 0.0196501046875 0.7387800171875 0.017192709375 0.7386688640625
0 0.043392128125 0.6778259703125 0.024954526562500003 0.6737584937500001 0.0157061640625 0.6748008265625 0.0163024046875 0.7004177953124999 0.0226278171875 0.70227925625 0.028134153125 0.6986924984375 0.04923963125 0.6956211171875 0.043392128125 0.6778259703125
0 0.048665268750000004 0.6131879140625001 0.044736365625 0.6102205140625 0.0141767828125 0.6090923796875 0.014573710937500001 0.6261460234375 0.0163306828125 0.626085903125 0.037544379687500004 0.6216879750000001 0.0473042765625 0.6170889796875 0.048665268750000004 0.6131879140625001
0 0.0604565609375 0.5453422031249999 0.044253959375 0.5394420625 0.037486596875 0.5329225609375 0.030232246875 0.5323725234375 0.012419259375 0.5335819890625 0.01283741875 0.5515478328125 0.0388640984375 0.5543830453124999 0.0618258109375 0.5541219125 0.055932453125 0.549670809375 0.0604565609375 0.5453422031249999
0 0.049881350000000005 0.47046161406250003 0.014700048437499998 0.46712673281250006 0.011509878125000001 0.4678859109375 0.0110277265625 0.4737961140625 0.01123284375 0.48260875781249996 0.0401838171875 0.4870781125 0.0697964171875 0.481982253125 0.060577615625000004 0.47994851406250005 0.049881350000000005 0.47046161406250003
0 0.0391438078125 0.3975708484375 0.0191287734375 0.40005752968749997 0.0162444609375 0.4098494796875 0.0380075078125 0.4114995921875 0.0542101109375 0.417399734375 0.05873421875 0.4130711265625 0.0715490125 0.40937113125 0.0509763734375 0.3931290046875 0.0391438078125 0.3975708484375
0 0.0497822921875 0.31829233281249997 0.038661403125 0.3267923953125 0.02286273125 0.3287228390625 0.022013887500000003 0.33912794062499996 0.043634896875 0.342519146875 0.06430749687500001 0.3447539546875 0.073031059375 0.34007638125 0.08027715468749999 0.32794564375 0.05878465468750001 0.322979165625 0.0497822921875 0.31829233281249997
0 0.028527318750000003 0.25928639375 0.0279681890625 0.2661402171875 0.0319692390625 0.26822325468749997 0.073693209375 0.26804995625 0.09746656249999999 0.25783972187500004 0.0633757078125 0.25392014218750003 0.0339795453125 0.256362909375 0.028527318750000003 0.25928639375
0 0.09023195625 0.193546365625 0.09143061875 0.191635121875 0.078994590625 0.1906922015625 0.0454530859375 0.1928206609375 0.035801409374999996 0.19609311093749998 0.037332984375 0.202883 0.0462812390625 0.20823310468749998 0.0628084984375 0.21015360625 0.0924211 0.20505774687499997 0.11009291406249999 0.20573027812500003 0.09023195625 0.193546365625
0 0.1598283015625 0.54153134375 0.1509341578125 0.535517965625 0.1168515578125 0.544279159375 0.11500358125000001 0.554149684375 0.1241141640625 0.55750996875 0.1613681328125 0.5610020062500001 0.1885834078125 0.5597286328125 0.1844921734375 0.5587510531250001 0.1821407 0.54922949375 0.1598283015625 0.54153134375
0 0.1261436859375 0.4749092046875 0.1217819078125 0.4772479921875 0.12434981875 0.48411645625000005 0.1363529703125 0.490365565625 0.169894475 0.48823710625 0.184294953125 0.49066372812500003 0.18178115 0.483131990625 0.16874166562499998 0.4768043046875 0.1261436859375 0.4749092046875
0 0.1968310140625 0.42687874375 0.209862246875 0.42052565625 0.20386067031250002 0.4174011015625 0.20418532968749997 0.41342146093750004 0.2105656703125 0.41190309999999997 0.2099081015625 0.407181609375 0.17478091093749998 0.40318345312500004 0.1663278984375 0.4045446609375 0.159344096875 0.40067825468749996 0.1358953984375 0.4069088484375 0.1335521796875 0.41006806406249996 0.1374810859375 0.41303546406249997 0.174905640625 0.42721845312499995 0.1968310140625 0.42687874375
0 0.159579753125 0.3272847421875 0.144746396875 0.3301643078125 0.134824171875 0.3367531265625 0.1355358515625 0.3408113453125 0.144646434375 0.34417162968750004 0.18184629375 0.3483269390625 0.2012578671875 0.340455490625 0.2069806421875 0.3342156390625 0.1877231421875 0.32741649375000004 0.159579753125 0.3272847421875
0 0.1537615953125 0.270784 0.1901415609375 0.2722076390625 0.20213645625 0.2657759734375 0.20147888749999998 0.2610544828125 0.1707134765625 0.2547175390625 0.145138 0.26145425312500004 0.14568735 0.267502290625 0.1537615953125 0.270784
0 0.228646503125 0.203050521875 0.175189928125 0.1936583421875 0.151849453125 0.1985623890625 0.150488459375 0.20246345468750002 0.1584003765625 0.20773498125 0.1936357875 0.21040659062499997 0.228646503125 0.203050521875
0 0.0752963109375 0.1333615171875 0.058227956250000004 0.13807375156249999 0.039357478125 0.1393124640625 0.0377259375 0.1465298953125 0.0456378546875 0.1518014234375 0.082891825 0.15529346093750002 0.10006839999999999 0.1492546796875 0.1025198375 0.1447689171875 0.09662648125 0.1403178171875 0.0752963109375 0.1333615171875
0 0.20702740312499998 0.1546949890625 0.23189945625 0.1565808328125 0.2126960671875 0.1491184125 0.2287821953125 0.1436643296875 0.1904836328125 0.12741294375 0.1721083953125 0.135362965625 0.15411192499999998 0.138670078125 0.15035360312499998 0.146393628125 0.15433661875 0.14869775624999998 0.1657904171875 0.1488988265625 0.18302935625 0.154877546875 0.1953571640625 0.157147015625 0.20702740312499998 0.1546949890625
0 0.292280234375 0.4134272078125 0.272589859375 0.41193424843750004 0.2645779765625 0.420670040625 0.2724357859375 0.42660484218750006 0.2897288328125 0.4319202890625 0.3105096546875 0.43282855 0.32746979062500003 0.4294428625 0.3267040015625 0.42604791875 0.30913215156249996 0.41136806562499995 0.292280234375 0.4134272078125
0 0.27265680312499996 0.347203834375 0.3056572140625 0.3517081109375 0.33096214375 0.3482877640625 0.3078298484375 0.33785794375 0.2674127609375 0.33479345 0.26158176875 0.3423598484375 0.263438003125 0.3451700953125 0.27265680312499996 0.347203834375
0 0.28330354375 0.28060609375 0.31646628125 0.2831205484375 0.3431322046875 0.2757991390625 0.3146017921875 0.26762952812499996 0.2888557328125 0.2636752875 0.2663892609375 0.2706477328125 0.2691736109375 0.27486310468749997 0.28330354375 0.28060609375
0 0.3390538078125 0.210754415625 0.3395949015625 0.20412168125000002 0.3448848 0.20318801718750001 0.30135870468750003 0.19988779375000001 0.2676007625 0.2046693484375 0.2701145640625 0.2122010875 0.29248106875 0.21923596406249998 0.3182271296875 0.22319020312500001 0.3270589109375 0.21718608125 0.34309092812499997 0.2123952703125 0.3390538078125 0.210754415625
0 0.2703438359375 0.14548085156249999 0.2730199671875 0.15102276875 0.284203221875 0.1545402078125 0.32587308125000003 0.1550301828125 0.3504122234375 0.1482148921875 0.3549904421875 0.1432230125 0.3250990375 0.138954465625 0.2928103078125 0.1385084078125 0.2703438359375 0.14548085156249999
0 0.0491843171875 0.0699830515625 0.0498959984375 0.07404126875 0.069153496875 0.080840415625 0.0979003453125 0.0863569328125 0.11354534375 0.0735282640625 0.09963185 0.0651321796875 0.06636089218749999 0.0639442703125 0.053600209375 0.066980990625 0.0491843171875 0.0699830515625
0 0.443844265625 0.7796190390625 0.45447817031250004 0.7770884390624999 0.46227361250000004 0.7710057421875 0.47388974375000004 0.769216990625 0.46008446718749996 0.759494359375 0.43526652343750005 0.756945246875 0.4151350171875 0.7480777015625 0.4050504640625 0.756656340625 0.39550700625 0.75860224375 0.3928391296875 0.7657411 0.4138446453125 0.776677040625 0.42442443750000003 0.7748097125 0.443844265625 0.7796190390625
0 0.472505428125 0.696712171875 0.44708402343750003 0.688778290625 0.43938854374999997 0.68085366875 0.41942762031249997 0.682677078125 0.40121471093750005 0.6886372828125 0.3957624859375 0.691560765625 0.3963659453125 0.6969455296875 0.41546111718749995 0.7057344984375 0.435205603125 0.70656418125 0.45102118437499994 0.7044264640625 0.472505428125 0.696712171875
0 0.39202507343750004 0.6285231796875 0.4022802109375 0.63063549375 0.405830346875 0.6382458093750001 0.41095791562499995 0.6393019671875 0.41531969531249996 0.6369631796874999 0.4278098328125 0.6372428265625001 0.4376238375 0.63198055625 0.4626041109375 0.6325398515625 0.473562671875 0.6260296109375 0.456323734375 0.6200508921875 0.4611725 0.6117426421875 0.41852041093750003 0.6105108171875 0.3949093859375 0.6187312328125001 0.3903852796875 0.6230598390625001 0.39202507343750004 0.6285231796875
0 0.43864842812499993 0.5493244421875 0.40559390781250004 0.5454834390625 0.386506990625 0.5493752468750001 0.38891257343749996 0.5582335328125 0.4134058609375 0.5647622875 0.43822380625 0.5673114046875 0.4687104140625 0.5642839421875 0.47099952187499994 0.5617880015625001 0.447542571875 0.5553378203125 0.43864842812499993 0.5493244421875
0 0.40901419531250005 0.47799369843750006 0.39854261874999997 0.478534478125 0.3687676921875 0.4856201578125 0.3651716984375 0.491353890625 0.3729753984375 0.497951965625 0.41022936874999993 0.501444 0.4170425875 0.494619453125 0.4425639546875 0.4885460140625 0.44278039218750004 0.48589292031250003 0.40901419531250005 0.47799369843750006
0 0.4518759140625 0.4255280265625 0.44412632343749997 0.4182666765625 0.45077721249999997 0.41343195 0.45704933593749997 0.4132401375 0.453066321875 0.410936009375 0.4005461203125 0.41562972656249997 0.3892005375 0.414102109375 0.3825496484375 0.4189368359375 0.3880101296875 0.4286941265625 0.41697341562499995 0.43155754999999996 0.43797067500000003 0.42981271562499995 0.4518759140625 0.4255280265625
0 0.408075596875 0.33611548281250003 0.38042745 0.3426950421875 0.38108501875 0.34741653437500003 0.3890510453125 0.3520247890625 0.427070803125 0.35891176874999997 0.452925084375 0.3615394609375 0.4553765203125 0.3570537 0.4472399109375 0.34175449375 0.423674740625 0.3366308609375 0.408075596875 0.33611548281250003
0 0.43694350000000004 0.2762383109375 0.43224880781249997 0.269875965625 0.40181631093750003 0.2722401546875 0.390470728125 0.2707125375 0.3839821671875 0.27355744375 0.3862795328125 0.2837422765625 0.42009983906250004 0.29097822500000003 0.43248175624999996 0.29258441875 0.4505323375 0.2886140359375 0.4491630890625 0.279834325 0.43694350000000004 0.2762383109375
0 0.40412651093749996 0.2183578453125 0.433855584375 0.2246162140625 0.45506928125 0.2202182859375 0.45757482656250004 0.21506925156249998 0.4339472921875 0.19792811875 0.3915199 0.20672397187499997 0.392015140625 0.2134352859375 0.40412651093749996 0.2183578453125
0 0.474601909375 0.1469531515625 0.4809822515625 0.145434790625 0.46794276406249996 0.1391071046875 0.4328155734375 0.13510894843750001 0.3926231796875 0.142072134375 0.39202797500000003 0.14936814375000002 0.4051215703125 0.1550325546875 0.4505580078125 0.160479753125 0.4705189328125 0.15865634374999998 0.46871680781249997 0.1551828234375 0.474601909375 0.1469531515625
0 0.609390665625 0.42479091875 0.5789499124999999 0.4144743328125 0.5508065234374999 0.41434257968750005 0.5468235109374999 0.4120384546875 0.5401726203125 0.41687318125 0.528556490625 0.41866193125000006 0.52403238125 0.42299053906250006 0.5309620734375 0.4275202171875 0.5483092328125 0.432172390625 0.6002342281249999 0.43477467968749994 0.6090118984374999 0.42943383125 0.609390665625 0.42479091875
0 0.5354907640625 0.34644369531249997 0.5338051140625 0.3543244015625 0.560595765625 0.371037990625 0.566921996875 0.370182903125 0.573843434375 0.3620318078125 0.60776370625 0.3552604359375 0.590795315625 0.3459653484375 0.5764489453125 0.3428754546875 0.5354907640625 0.34644369531249997
0 0.5969262015625 0.2963769890625 0.6118136640625 0.29283415 0.59637685 0.29032895000000003 0.578534453125 0.278965465625 0.5549151718750001 0.27450510625 0.5316829140625 0.27808260625000003 0.5292314765625 0.2825683671875 0.532943940625 0.28818886250000003 0.5665478109375 0.298077903125 0.59136575625 0.30062701875000003 0.5976919875 0.29977193281250003 0.5969262015625 0.2963769890625
0 0.544959928125 0.23037083125 0.5845571171875 0.23070365312500002 0.608114034375 0.2231465125 0.5740772890625 0.218563659375 0.5469161265625 0.2191737578125 0.5414639 0.2220972421875 0.5410310234375 0.2274034296875 0.544959928125 0.23037083125
0 0.5419096125 0.15272391406250002 0.536078621875 0.1602903125 0.5440446484375 0.164898565625 0.5874084125000001 0.17018861093749998 0.615372965625 0.146948634375 0.5967189234375 0.14553425312499998 0.5725044390625 0.1483699046875 0.555381975 0.1537454109375 0.5419096125 0.15272391406250002
0 0.7130783328125 0.4319853203125 0.7115550109375001 0.4378762046875 0.717394259375 0.442990578125 0.75841480625 0.45143983906249996 0.7945700765625 0.442835796875 0.779836684375 0.43170804374999994 0.7553433984375 0.4251792859375 0.7385997015625 0.4259118796875 0.7130783328125 0.4319853203125
0 0.7604214390624999 0.35015080468750004 0.7490217453125 0.34928645937499997 0.7320075015625 0.35333541875 0.7143897953125 0.3519996140625 0.70899168125 0.35425982500000003 0.70828825625 0.3628823796875 0.7173447296875 0.3669059390625 0.7607084953125 0.3721959828125 0.77166705625 0.365685740625 0.8001351031249999 0.361837853125 0.7604214390624999 0.35015080468750004
0 0.7960025953125001 0.2974564046875 0.7904880046875 0.2883623875 0.7980670109375 0.2849327828125 0.7617411578125 0.28284587031249997 0.7394911234375 0.2871652203125 0.727055096875 0.28622229843749997 0.71942198125 0.290315178125 0.7190432140625 0.294958090625 0.7289736953125 0.3010500484375 0.7702106796875 0.3068462109375 0.7935511562500001 0.3019421640625 0.7960025953125001 0.2974564046875
0 0.8125885453125001 0.22196571875 0.7985127234375 0.2155594546875 0.7693329984374999 0.2153491265625 0.754986628125 0.21225923125 0.7352503984375 0.22411032031250003 0.7389628640625 0.22973081562500003 0.7500920078125 0.23391152656249997 0.779658753125 0.242159715625 0.786580190625 0.23400862031249997 0.8013594359375 0.23179232500000002 0.8125885453125001 0.22196571875
0 0.74508549375 0.1674616828125 0.7834840203125 0.1697057484375 0.8278217578125 0.16305686875 0.79836323125 0.153482134375 0.7786728546874999 0.1519891765625 0.7500965875000001 0.1571636125 0.7445902546875 0.1607503703125 0.74508549375 0.1674616828125
0 0.9380220140625 0.793427896875 0.9548739312500001 0.7913687578124999 0.9583075953125 0.787624846875 0.952360128125 0.7838370203125 0.9237756078125001 0.7763306812499999 0.9040852328125 0.774837721875 0.8768158500000001 0.7767743703125001 0.8723999593749999 0.779776428125 0.8729493093749999 0.78582446875 0.8788426656249999 0.79027556875 0.9012632843749999 0.796647171875 0.92722578125 0.7979483171874999 0.9380220140625 0.793427896875
0 0.9395254 0.711089621875 0.9473749515625001 0.7043436515625 0.9385890265624999 0.697003725 0.9214583078125 0.689698459375 0.8852406734375 0.6862849984375 0.8736786515625001 0.6874104765625 0.8692627625 0.6904125359375 0.8708484484374999 0.6965391515625 0.8867263937500001 0.706418934375 0.9002528640625 0.7067771578125 0.9237639265625001 0.7125640640625 0.9395254 0.711089621875
0 0.9554799875000001 0.6305562015625 0.9426569375 0.621575421875 0.91128806875 0.6098537140625 0.8911107078124999 0.614330215625 0.8787828984375 0.6120607484375 0.86771611875 0.6198975359375 0.8700134828125 0.6300823703125 0.8981568734375 0.630214121875 0.9269578296875001 0.635067365625 0.9437015265625 0.6343347703125 0.9554799875000001 0.6305562015625
0 0.9332427875 0.570808409375 0.9610532671875 0.5622390312500001 0.9433814515625001 0.561566496875 0.9242321718750001 0.5534408046875 0.8991977890625 0.5535447828125 0.8822917625000001 0.556267196875 0.8778217640625 0.5599325312500001 0.8784252218749999 0.5653172953125 0.89250104375 0.5717235578125 0.9060816265625 0.571418509375 0.927411796875 0.578374809375 0.9332427875 0.570808409375
0 0.9223300828125 0.5639746046874999 0.9236910765624999 0.5600735390625 0.9198162812499999 0.556442865625 0.9040006999999999 0.55858058125 0.906622721875 0.564785775 0.9148051859375 0.5667409359375 0.9223300828125 0.5639746046874999
0 0.8722200453125 0.5007786953125 0.8758242921875 0.5077257375 0.8971003515625 0.5153453109374999 0.9272081953125 0.5169607625 0.9510897671875 0.50542398125 0.9238662390625001 0.4940165796875 0.8964886390625001 0.4972797703125 0.8819799406250001 0.4961796953125 0.8722200453125 0.5007786953125
0 0.86497853125 0.4361615171875 0.8644915453124999 0.44213097812499996 0.86842045 0.4450983796875 0.91920089375 0.448948640625 0.9520848296875 0.44209868906249994 0.9411721234374999 0.435264884375 0.8915903437500001 0.429503378125 0.8736479812500001 0.43214721562499997 0.86497853125 0.4361615171875
0 0.8762204734375001 0.362267765625 0.8757334890624999 0.36823722812500004 0.8950450984374999 0.3743731015625 0.9066071171875001 0.3732476234375 0.9239542734375 0.377899796875 0.9463666359375 0.3715906265625 0.9257398890624999 0.3560117703125 0.914448415625 0.3538208796875 0.8762204734375001 0.362267765625
0 0.9249328265625 0.289212959375 0.9072069031250001 0.2892037015625 0.87552163125 0.2941424078125 0.8769449890625 0.30225884375 0.90754806875 0.31058560625 0.9188936515625 0.312113225 0.954940703125 0.30483573124999996 0.9458301203125 0.301475446875 0.94735344375 0.2955845625 0.9249328265625 0.289212959375
0 0.9594152843750001 0.224422484375 0.928703984375 0.217422265625 0.8959282671875 0.22294566875 0.8942967265625 0.2301631015625 0.9154104593750001 0.2397724953125 0.9337939515624999 0.24450324375000002 0.9384803875 0.2381848171875 0.9618749765624999 0.23261749687500002 0.9643264140625 0.228131734375 0.9594152843750001 0.224422484375
0 0.89665278125 0.1629367453125 0.8972562406250001 0.16832150937499998 0.9104039453125001 0.17332265 0.951803259375 0.17712899375 0.9646180531249999 0.17342899843749998 0.967394146875 0.164963596875 0.944261853125 0.1545337765625 0.9138834640625 0.1562346921875 0.89665278125 0.1629367453125
0 0.8689212265625 0.9630202718750001 0.8738516265625 0.9752507546875 0.9433771890625 0.9732277687499999 0.9310472515624999 0.96839815 0.9172419749999999 0.9586755203124999 0.874427559375 0.9594335140625001 0.8689212265625 0.9630202718750001
0 0.957825971875 0.883002278125 0.898638371875 0.8671691765625 0.8750814546875001 0.8747263171874999 0.874540359375 0.8813590515625 0.8853989546875001 0.8888561312500001 0.9097840234374999 0.896711434375 0.9201473796874999 0.8974972031249999 0.9474708703125 0.8948972828124999 0.954013540625 0.8913891046875 0.957825971875 0.883002278125
0 0.7452447328125 0.9579913093749999 0.72021035 0.9580952875 0.7116491171875 0.9607830421875001 0.710125796875 0.9666739265625001 0.714000590625 0.9703046000000001 0.7456540515625 0.9789809234375 0.7812561828125 0.9779450078125 0.78457963125 0.9743212734375 0.7828316156249999 0.970184478125 0.7627001078125 0.9613169359375 0.7452447328125 0.9579913093749999
0 0.5692038078125 0.9429646843749999 0.55775000625 0.9427636140625 0.543898878125 0.9463850328125 0.543195453125 0.9550075859374999 0.5541622671875001 0.9611781203125 0.567580521875 0.9628628906250001 0.5796918921875001 0.9677854515625001 0.591037471875 0.9693130703125 0.6100161703125 0.9667478109375001 0.6101702437500001 0.952077215625 0.5692038078125 0.9429646843749999
0 0.46819883593749995 0.95401369375 0.47293938124999996 0.9470319921874999 0.45913410781249997 0.9373093625 0.4286933546875 0.926992778125 0.42324112812500003 0.9299162624999999 0.40660565000000004 0.9293223078124999 0.40213564999999996 0.9329876421875 0.40072054843749993 0.9375519796875 0.4093441453125 0.9468817265625 0.4228706171875 0.9472399515625 0.447039246875 0.957748346875 0.46819883593749995 0.95401369375
0 0.325286178125 0.9291420640625001 0.307173234375 0.921094946875 0.276570153125 0.9127681828125 0.265882140625 0.91596205625 0.2544283390625 0.9157609875 0.2475069015625 0.9239120828124999 0.2552564921875 0.9311734312500001 0.264637621875 0.9312173484375 0.2774606703125 0.940198128125 0.303477278125 0.940836 0.3184188515625 0.9366298875 0.325286178125 0.9291420640625001
0 0.40170079062499997 0.8488444234375001 0.40437692187499996 0.8543863406250001 0.43912534531249997 0.8630274109375 0.4608883921875 0.8646775234374999 0.46175414375 0.8540651484374999 0.4512202046875 0.8425884265624999 0.4107490078125 0.8401872078125001 0.4064413359375 0.841862721875 0.40170079062499997 0.8488444234375001
0 0.2958404890625 0.8555001890625 0.3093669609375 0.8558584124999999 0.3066367203125 0.8509797671875001 0.3256154171875 0.8484145078124999 0.31715415 0.837094940625 0.3010597671875 0.829868253125 0.28655106875 0.828768178125 0.26135435625 0.830861978125 0.25246846875 0.8375293703125 0.25880295625 0.8493550578125 0.26698542187499996 0.8513102187499999 0.2744562078125 0.8492071625 0.2958404890625 0.8555001890625
0 0.6258477171875 0.86215866875 0.5882608375 0.8499655031250001 0.546041625 0.8434274875 0.53502895625 0.8506010015625 0.53536186875 0.8593021343749999 0.5579448109375 0.86368391875 0.5781304296875 0.8718881875 0.590512346875 0.8734943828124999 0.610852034375 0.8670280578125 0.6254148421875 0.867464859375 0.6258477171875 0.86215866875
0 0.7821524203125 0.8890363156250001 0.7781611515625 0.8740514140625001 0.758354303125 0.8612042296875 0.7116109828125 0.8589948234375001 0.70714098125 0.8626601578124999 0.7063293390625 0.8726092609375 0.7103664625 0.8742501140625001 0.7497554703125 0.8899168046874999 0.7580461546875 0.8905454171875 0.7730959484375 0.8850127578125001 0.7821524203125 0.8890363156250001
0 0.7351101156250001 0.7626722671875 0.7273146703125 0.768754965625 0.718258196875 0.7647314078125 0.6990630609374999 0.7699497625 0.7093805640624999 0.7840795765624999 0.749635321875 0.789133890625 0.7747238140625 0.7883666375 0.7923873734375 0.776358396875 0.7694256625 0.776619528125 0.7351101156250001 0.7626722671875
0 0.7906521953125 0.7081544609375 0.7794606875000001 0.6919562484374999 0.7322221250000001 0.6830355296875 0.7164606546875001 0.6845099734375 0.7023930875 0.6907844828124999 0.7039787734375 0.6969110984375 0.7199649359375 0.7054643359375 0.7285261703125 0.70277658125 0.7509467843750001 0.7091481859375001 0.7688891484375 0.706504346875 0.7906521953125 0.7081544609375
0 0.7818691609374999 0.6240873375 0.762070565625 0.6239209265625 0.745651525 0.6206738781250001 0.7308099140625 0.6108726703125 0.697493103125 0.6230288109375001 0.699024678125 0.6298186984374999 0.7151190625 0.6370453890625 0.737539678125 0.643416990625 0.7444070046875 0.6359291671875 0.7741819359375001 0.6288434890625 0.7818691609374999 0.6240873375
0 0.7955266328125 0.5717119296875001 0.7465941671875 0.5579911421875 0.7141972156249999 0.5588716328125 0.700949546875 0.5678778125 0.71235749375 0.58142293125 0.716286396875 0.5843903312500001 0.7955266328125 0.5717119296875001
0 0.7257541078124999 0.48771296093750005 0.7252130125 0.49434569531249994 0.7097844531249999 0.5045212718750001 0.71147835625 0.5093213390625 0.7225533890625 0.5141653234375 0.759753253125 0.5183206328125001 0.7919255093750001 0.5074124656250001 0.7593038671875 0.49826527656249997 0.7433718125000001 0.48904876562500005 0.7257541078124999 0.48771296093750005
0 0.322402771875 0.7727574109375 0.338434790625 0.7679666 0.3356504421875 0.7637512296875 0.320321846875 0.7599194828125 0.3066789015625 0.748207034375 0.27869784062499997 0.7460854609375 0.2627740390625 0.7495497234374999 0.2538340421875 0.7568803921875 0.25454571875 0.760938609375 0.265891303125 0.7624662265625 0.2738573296875 0.7670744843749999 0.29436760156249997 0.7712991109375 0.322402771875 0.7727574109375
0 0.299653825 0.6809367609375 0.2590203 0.6805253609374999 0.24942273125 0.6831345375 0.24473629375 0.6894529656249999 0.2646513640625 0.7009736046875 0.29257831562500003 0.70375845 0.327751359375 0.694412559375 0.31962300312499997 0.691794125 0.3149824203125 0.68476850625 0.299653825 0.6809367609375
0 0.25979066875 0.6071723921875 0.250580121875 0.617819428125 0.2559323828125 0.6289032625 0.3017475875 0.6297075484375 0.320834503125 0.6258157390625 0.326394946875 0.621565709375 0.3044072078125 0.6098879187499999 0.280192721875 0.61272356875 0.25979066875 0.6071723921875
0 0.32984970156250004 0.5664354312500001 0.3085653859375 0.5461350828125 0.30043702968749997 0.54351665 0.26596740625000004 0.544239984375 0.2562616203125 0.5481757093749999 0.2546300828125 0.555393140625 0.267561346875 0.5630473734375 0.27803292343749997 0.56250659375 0.2819618265625 0.5654739953125001 0.317963025 0.5715405484375 0.32984970156250004 0.5664354312500001
0 0.25698613593749997 0.48816678593749996 0.2586259296875 0.49363012656249994 0.27799165000000003 0.4991027265625 0.304936375 0.5011457218750001 0.3299083921875 0.48902424375000003 0.32085191874999996 0.485000684375 0.3002334265625 0.482102603125 0.2751449359375 0.4828698546875 0.25698613593749997 0.48816678593749996
0 0.619775046875 0.7766181546875 0.587423953125 0.7641545953125 0.5765653546875 0.7566575171875 0.55436943125 0.7603135937500001 0.5348413859375001 0.756830815625 0.5307042984375 0.7691972812500001 0.5396525515625 0.7745473875 0.5551975859375 0.7757260375 0.567200734375 0.781975146875 0.5754914203125 0.7826037609375 0.619775046875 0.7766181546875
0 0.561549965625 0.7044543578125 0.5917660265625 0.7047432609375 0.5966689015625 0.6957717390625 0.6155934890625 0.693869753125 0.6048972218750001 0.684382853125 0.580349825 0.67851736875 0.56578701875 0.6780805703125 0.5516029765625 0.673000853125 0.5279919515625 0.68122126875 0.5264686296875001 0.687112153125 0.53301955625 0.696284746875 0.5456179109375 0.695237846875 0.561549965625 0.7044543578125
0 0.6017814078125 0.63310271875 0.575485996875 0.623100440625 0.5578141828125001 0.622427909375 0.5311941140625 0.6164052718749999 0.523506890625 0.621161425 0.5197485703125 0.628884975 0.5490447671875 0.64044953125 0.5737003828125 0.644988465625 0.5843342875 0.6424578671875001 0.5999334296875001 0.6429732453125 0.6017814078125 0.63310271875
0 0.5355966343749999 0.5496573140625001 0.52370995625 0.55476243125 0.5230606421874999 0.5627217140624999 0.5349014640624999 0.57096064375 0.5744986546875 0.5712934671875 0.594567796875 0.568143509375 0.60432769375 0.5635445125 0.5638482421875 0.54846251875 0.5355966343749999 0.5496573140625001
0 0.56759149375 0.47701385781249994 0.5624639265625 0.47595770000000004 0.5257675609375 0.491194475 0.5295882468750001 0.49548842187500003 0.5438805046875 0.49924159218749997 0.5739883484375 0.5008570437500001 0.5930752640625 0.4969652375 0.594490365625 0.4924008984375 0.5750164296875 0.488254846875 0.56759149375 0.47701385781249994
0 0.1673220421875 0.9098238125 0.1375929671875 0.9035654453124999 0.12608505625 0.9040276484374999 0.11938005781250001 0.90952565 0.1288776609375 0.9209237937499999 0.144260365625 0.9240922671874999 0.15522718124999998 0.930262796875 0.1842986859375 0.9317996734375 0.17534217968750002 0.9137687937500001 0.1673220421875 0.9098238125
0 0.1780228890625 0.842562796875 0.1915952171875 0.8295769749999999 0.1887567578125 0.8260248765625 0.17086850468749998 0.8280054390625 0.12854107343750001 0.8227939718749999 0.11572628125 0.8264939671875 0.1142029609375 0.8323848515625001 0.119114090625 0.8360941015625001 0.1292610078125 0.8395329640625 0.1349920359375 0.8459738859374999 0.150374740625 0.8491423578124999 0.179446246875 0.850679234375 0.1780228890625 0.842562796875
0 0.186480484375 0.7644536765625001 0.197168496875 0.7612598046875 0.1934019203125 0.75630258125 0.1957451390625 0.75314336875 0.165087946875 0.7454798765625 0.120363190625 0.744090896875 0.1159473 0.747092959375 0.11617199375000001 0.7571206390625 0.14366606875000001 0.765211671875 0.1891025046875 0.7706588703125 0.1912833953125 0.7694894765625 0.186480484375 0.7644536765625001
0 0.1678851328125 0.6856281078124999 0.13520938124999998 0.6771441890625 0.11944790937500001 0.6786186328125 0.113995684375 0.6815421171875 0.11345458906250001 0.6881748515624999 0.1277468484375 0.6919280203125 0.1345683203125 0.6977842453124999 0.139912328125 0.6961873093750001 0.1936935578125 0.7015998453125001 0.1678851328125 0.6856281078124999
0 0.11073718437499999 0.619229065625 0.11025019843749999 0.6251985265625 0.1180538984375 0.631796603125 0.130760471875 0.6294231578125 0.1521447515625 0.6357161828125 0.1882459140625 0.6277754171875001 0.1592202640625 0.61289449375 0.1415484484375 0.6122219624999999 0.11073718437499999 0.619229065625
0 0.0832649734375 0 0.0776110921875 0.0027312937499999997 0.0523061609375 0.006151640625 0.051981503124999995 0.0101312828125 0.0640387640625 0.015717118750000002 0.100526946875 0.015814209375 0.1297525265625 0.002680490625 0.11969639531250001 0 0.0832649734375 0
0 0.9504514265624999 0.027534228124999997 0.925038278125 0.032281121875 0.9107542734375 0.041208728124999996 0.9145749578125001 0.045502675 0.9422854718749999 0.050940615625 0.9608854015625001 0.05301826875 0.9885876609375 0.0457754359375 0.992021325 0.042031525 0.9891828640625 0.0384794265625 0.9504514265624999 0.027534228124999997
0 0.9584211296875 0.121571171875 0.9700913671875 0.1191191484375 0.9633240046875 0.1125996484375 0.987097359375 0.10238941406249999 0.974931878125 0.098130125 0.953222940625 0.0958167421875 0.9261699968749999 0.0951002921875 0.90386585625 0.100082915625 0.901252090625 0.10655849843750001 0.905018665625 0.11151571874999999 0.9172382546875 0.115111734375 0.9318551703125 0.1148852609375 0.9460392125 0.119964978125 0.9584211296875 0.121571171875
0 0.8267982578125 0.09891115 0.8173630171875 0.0995305078125 0.7825063734375 0.0922159828125 0.745693534375 0.0960985328125 0.741115315625 0.1010904140625 0.7427551109375 0.10655375468749999 0.7621749375 0.1113630796875 0.78066665 0.1147672828125 0.802754353125 0.112437753125 0.8275099359375 0.10296936875 0.8267982578125 0.09891115
0 0.6068245671875 0.0855692484375 0.591604190625 0.08041095468750001 0.5656416921874999 0.07910980937499999 0.5652088156249999 0.0844159984375 0.5449773453125 0.089555775 0.548581590625 0.0965028171875 0.5597648453125 0.10002025625 0.596036590625 0.1027704421875 0.6199181640625 0.091233659375 0.6257491546875 0.0836672609375 0.6068245671875 0.0855692484375
0 0.40287319374999997 0.09311939218750001 0.448580178125 0.095250221875 0.47453442187499995 0.08387059375 0.4737686359375 0.08047565 0.4376051078125 0.076398915625 0.40629860312500005 0.0766947078125 0.391032371875 0.0848804625 0.40287319374999997 0.09311939218750001
0 0.2817563625 0.0822780546875 0.2823598234375 0.08766282187499999 0.2934889671875 0.09184353125 0.30794355625000003 0.0936068796875 0.3279585875 0.091120196875 0.34426115468749996 0.08301301875 0.3240755390625 0.07480875000000001 0.30002338281249996 0.07565457656249999 0.2817563625 0.0822780546875
0 0.222631125 0.078462453125 0.2034277359375 0.07100003437499999 0.173157565625 0.071374403125 0.160072225 0.07839076406249999 0.1668395875 0.08491026406249999 0.2017503421875 0.0915615125 0.222631125 0.078462453125
0 0.19631948125 0 0.181839853125 0.003292959375 0.1704942703125 0.0017653421875 0.163572834375 0.0099164375 0.18566879375 0.02026768125 0.197068484375 0.0211320265625 0.214245059375 0.0150932453125 0.22542005625 0.0059299093749999995 0.2257447125 0.0019502703124999999 0.221236559375 0 0.19631948125 0
0 0.2937621375 0 0.28590628749999997 0.0058444484375 0.285040534375 0.016456825 0.29087978125 0.0215712 0.31684228124999997 0.02287234375 0.33108043125000003 0.027288785937499997 0.3478699828125 0.013212146875 0.3563229953125 0.011850940625 0.332154365625 0.00134254375 0.315248340625 0.0040649546875 0.302866421875 0.0024587625 0.3008176375 0 0.2937621375 0
0 0.4342022375 0.003073603125 0.404535528125 0.008832735937499999 0.398975084375 0.013082765625000001 0.39848809687500003 0.0190522265625 0.41152758437500003 0.025379914062499998 0.4446903203125 0.0278943703125 0.45913665625 0.01697694375 0.466553334375 0.015537160937499999 0.466877990625 0.011557518749999999 0.4342022375 0.003073603125
0 0.6306190125 0.0239726453125 0.6007817171875 0.019040825 0.5653298703125 0.019022310937500002 0.55442541875 0.024869278124999998 0.5611927828125001 0.0313887765625 0.6005735328124999 0.034374693750000004 0.6306190125 0.0239726453125
0 0.7598280453124999 0.02509360625 0.7508339375 0.033087548437499996 0.75225729375 0.041203984375 0.80227195 0.041659299999999996 0.8164477359375001 0.03405824375 0.8211341750000001 0.0277398140625 0.818187496875 0.025514264062499997 0.7953881125 0.023785575 0.7598280453124999 0.02509360625