0 0.9609719609375 1 0.9607559234374999 0.9996175734375001 0.943971734375 0.9949517765625 0.9240764828125 0.9943199 0.8994317781250001 0.99499206875 0.8954686562499999 1 0.9609719609375 1
0 0.959531490625 0.92946989375 0.944321246875 0.9238419890625 0.913270290625 0.9220334765624999 0.8895414468749999 0.9296085578125 0.889615096875 0.9338279671875 0.8984006765625001 0.9359203375 0.8977241812500001 0.94273050625 0.9064821437499999 0.9432406 0.9080008484375 0.939113934375 0.9167035734375 0.936459471875 0.9390794234375001 0.942504725 0.9557807546875001 0.9424236875 0.9628727109374999 0.9386216265625 0.9635860328125 0.9339211640625 0.959531490625 0.92946989375
0 0.9667888343750001 0.8440095218750001 0.9372657906249999 0.8386017718750001 0.9190273390625 0.8417546218749999 0.9127315625 0.8456030546875001 0.9176283140624999 0.852737828125 0.9288300484375 0.8565515937500001 0.9297367015625 0.8629270796874999 0.9519284265625 0.8584238125000001 0.9575385000000001 0.860858121875 0.967083434375 0.860887159375 0.9749623609375 0.8566040453125 0.9764718609375 0.8519499546875 0.9667888343750001 0.8440095218750001
0 0.8231637765625001 1 0.8229894515625 0.9900129203124999 0.817324140625 0.984414053125 0.7862363609374999 0.9804958359375 0.7640170171875 0.9834168265625 0.760257075 0.9958431937500001 0.76350623125 0.9997206656250001 0.7674812140625 1 0.8231637765625001 1
0 0.8370028828124999 0.927075425 0.8456963999999999 0.9238935343750001 0.8415682078125 0.91522285625 0.8351251312500001 0.91063246875 0.8159247890625 0.9042452765625001 0.789641696875 0.902187571875 0.7666814125 0.908226746875 0.765922059375 0.9102900796875 0.7707359546875 0.912678015625 0.7810770671875 0.9127534265625 0.7922880078125 0.9170946203125 0.8066468359375 0.9195115968750001 0.810710584375 0.9244902921874999 0.8068217546875 0.92953269375 0.812395003125 0.9298572984375 0.8155244796875 0.9268782296875001 0.8234494375000001 0.9252322453125 0.8370028828124999 0.927075425
0 0.8376172171875 0.8341643640624999 0.8216476187499999 0.8305997906249999 0.805751671875 0.8312546265625 0.788217334375 0.8291795890625 0.7684049390625 0.8332945468749999 0.7676363796875 0.8348304546875 0.7764864031250001 0.840614809375 0.798834634375 0.845077784375 0.8029536203125 0.8532210390625 0.8132763203125 0.8522415953125 0.8394305234375 0.8469153359374999 0.84247714375 0.8391894328125 0.8376172171875 0.8341643640624999
0 0.69472188125 0.9778001749999999 0.65888465 0.975186003125 0.6486356 0.9803848546875 0.6551615328125 0.9897220750000001 0.6536520328125001 0.9943761671875 0.6990526109374999 0.9980742296875 0.7085515140624999 0.9954661390625 0.7109032234375 0.9934955499999999 0.7091635671875001 0.9849639874999999 0.69472188125 0.9778001749999999
0 0.7268264640625001 0.9032710093749999 0.6853791593749999 0.8982225296875 0.6775186453125001 0.9035604968750001 0.6593078109375 0.9082956265625001 0.6689540140625 0.9141263515625001 0.7001338578125 0.9233188312499999 0.730342603125 0.922443840625 0.7365463171875 0.913321146875 0.7364542546874999 0.9080468843749999 0.7268264640625001 0.9032710093749999
0 0.7277972359375 0.8221864984374999 0.71176319375 0.8149299421875 0.699033546875 0.8147154140625 0.6838601265625 0.8111972125 0.6791935312499999 0.8172480953125 0.666500709375 0.819143271875 0.6681943359375 0.825037703125 0.7017811265625 0.8354241515625 0.7120670015624999 0.8323350062499999 0.7248242671875 0.8341318109375001 0.731943840625 0.8319120281249999 0.7318517765625 0.8266377671875 0.7277972359375 0.8221864984374999
0 0.9574276984375001 0.763377025 0.916868634375 0.763649178125 0.9098042984375001 0.7690335171875 0.8939267624999999 0.7707432062499999 0.9083500359375 0.776852165625 0.9250513687499999 0.776771128125 0.9386692562500001 0.7823062890625 0.9537874390625 0.7826599328125 0.9640825187500001 0.7800982125 0.9824498593750001 0.7843293296875 0.9806365515625 0.77157835625 0.971804940625 0.7668488546875001 0.9574276984375001 0.763377025
0 0.8419450140625001 0.7545433640625 0.8283455390625001 0.7500630562499999 0.7909251562499999 0.7478835671875 0.779944371875 0.7567280296875001 0.7624744796875 0.7583449718749999 0.7808602312499999 0.7636309406249999 0.7841278015625 0.7685632640625 0.790515640625 0.76998909375 0.8088001234375 0.7694733734375 0.8135311625 0.767114475 0.8254738375 0.76781005625 0.8343146562499999 0.7730669859375 0.8438687953124999 0.7736234515625 0.8549232296874999 0.7689984 0.8540441953125001 0.7642051921874999 0.8419450140625001 0.7545433640625
0 0.7367758234374999 0.7442028374999999 0.7287864203125001 0.7421568374999999 0.697707846875 0.738766046875 0.67473835625 0.744277796875 0.6700441421875001 0.7487463984375 0.6636839218749999 0.7489028484375 0.6716917359375 0.7520037 0.6844029703125 0.7511633765625 0.690855253125 0.7562811875000001 0.7067327890625 0.7545715000000001 0.72274841875 0.7607732031250001 0.731497175 0.7607558703125 0.7370243921874999 0.75844334375 0.7416357484375 0.7492279046875 0.7367758234374999 0.7442028374999999
0 0.7149999234375 0.6813954843750001 0.66643304375 0.6785667859375 0.6720615296875 0.682055946875 0.6689965 0.6887269984375 0.656303678125 0.6906221765625 0.659552834375 0.694499646875 0.6643483171875 0.69583273125 0.6786058765625 0.692448021875 0.6881600171875 0.6930044875 0.705786415625 0.7003537859375 0.707341946875 0.6983368249999999 0.716099909375 0.6988469187499999 0.718534475 0.7016231656249999 0.7224877484375 0.7002727484375 0.7342555046875 0.6909472328125 0.727803221875 0.6858294203125 0.7149999234375 0.6813954843750001
0 0.840016465625 0.6896235749999999 0.8121410171875001 0.687473125 0.79788345625 0.6908578359375 0.795540953125 0.6933558515625 0.7963923687500001 0.6965667796874999 0.8148333578125 0.7050173046875 0.8291553625000001 0.7053245765625 0.84114406875 0.7086572890625 0.8586139609375 0.7070403453125 0.8609104343749999 0.7019052 0.8584574546875 0.6980741 0.840016465625 0.6896235749999999
0 0.97629185 0.7049371718749999 0.9563229468750001 0.7000858859375 0.9387886109375 0.6980108484375 0.9244850203125001 0.698758428125 0.90956016875 0.7094807328125 0.9103931718749999 0.7116368093750001 0.9223174343749999 0.7112775390625 0.929538278125 0.7148594453125 0.95425663125 0.718406684375 0.9605892328125 0.7166679578124999 0.9805121046874999 0.7188821125 0.9884002375 0.715126425 0.9851326671875 0.7101941 0.97629185 0.7049371718749999
0 0.9388898796875 0.7038125359375 0.9397597078125 0.7080783171875 0.9429812468750001 0.710373509375 0.9477399046875 0.7095968890625 0.9476202234375 0.70274035 0.942824740625 0.7014072640625 0.9388898796875 0.7038125359375
0 0.9481220468749999 0.63111254375 0.924245903125 0.63024880625 0.8909260937499999 0.63515771875 0.9004894406249999 0.6362416093750001 0.9188936046875 0.6425824296875 0.92213355625 0.6459324750000001 0.9659049515625 0.6474280890624999 0.9769962109374999 0.6449127421874999 0.96968330625 0.6360565734375 0.9481220468749999 0.63111254375
0 0.861333596875 0.6350148203125 0.8389485406249999 0.628442140625 0.807879171875 0.6255787749999999 0.794288903125 0.62162589375 0.7935663749999999 0.6257989312500001 0.808017265625 0.6334901687500001 0.8120994265625001 0.6395237171875 0.8264674624999999 0.6424681203125 0.8400945562500001 0.6485307062500001 0.8488433125 0.6485133734375 0.8662579671874999 0.643731871875 0.8653697250000001 0.6384112390625 0.861333596875 0.6350148203125
0 0.7458140859375 0.62407145625 0.7290759296875 0.622042790625 0.6846924796875 0.6310493265625 0.6777478234375 0.64329020625 0.6953281921875 0.648002375 0.702374115625 0.6415631859375 0.7452664765625 0.638265590625 0.7554879078125001 0.6314844609375 0.7530349296875001 0.6276533625 0.7458140859375 0.62407145625
0 0.6349059328125 0.603912653125 0.6014940609375 0.6035473031249999 0.5817092859375 0.609244540625 0.5809499312499999 0.6113078734374999 0.5818013484375 0.6145188015625 0.5969747671875 0.618037003125 0.599436953125 0.622395528125 0.5979826890625 0.6302141765625 0.602704521875 0.627327853125 0.603390225 0.6210451109374999 0.614453865625 0.616947484375 0.6423109015625 0.61804308125 0.6501806234374999 0.6132325421875 0.650106971875 0.6090131328124999 0.6349059328125 0.603912653125
0 0.728146096875 0.5687727484375 0.694660575 0.5641879875 0.6795884234375 0.566471475 0.6772459203125 0.5689694890625 0.6916691921875 0.57507845 0.707592759375 0.5760058921875 0.7164151640624999 0.5802079671875 0.728385459375 0.582485828125 0.7347364734374999 0.581801953125 0.741828428125 0.5779998921875 0.741773190625 0.574835334375 0.728146096875 0.5687727484375
0 0.8259839703124999 0.5692022546875 0.7957476046874999 0.5684949671874999 0.7950250765625 0.5726680046875 0.8063280796875001 0.5822834578125 0.83506415 0.5881722640625 0.8581441156249999 0.5889896296875 0.8603761453125 0.5801624999999999 0.8419535687499999 0.572766828125 0.8259839703124999 0.5692022546875
0 0.960556521875 0.57809399375 0.9342458125 0.574454009375 0.91517435625 0.575450784375 0.91524800625 0.57967019375 0.9241624749999999 0.5891465296875 0.9480386187500001 0.5900102687500001 0.9648136015625 0.5941486390625 0.9735347390625 0.5925490265625 0.9750258265625 0.586840084375 0.9725912609374999 0.5840638359375 0.960556521875 0.57809399375
0 0.97797561875 0.528000215625 0.937361315625 0.5251078109375 0.91119790625 0.5299066453125 0.9160394203125 0.5338768609375 0.9279636828125 0.533517590625 0.9439516937500001 0.538137015625 0.9488024125000001 0.5426346578125 0.967031659375 0.5389543796875 0.981372075 0.5403165046875 0.9853069359375001 0.537911234375 0.9859650203125 0.5300462140625 0.97797561875 0.528000215625
0 0.974017578125 0.48351092968750004 0.9548632671874999 0.47976086718750005 0.9238399296875001 0.47953463437500005 0.917507328125 0.4812733609375 0.9231634328125 0.4863448015625 0.9311436296875 0.487863375 0.9400028593749999 0.49417515625 0.9655081859375001 0.49724134218750005 0.9805895421875 0.49548528125 0.9845244031249999 0.49308001093750004 0.9836545750000001 0.48881422968750005 0.974017578125 0.48351092968750004
0 0.9817352343750001 0.4244218671875 0.9736905921875 0.41921130937499995 0.9593317640624999 0.4167943328125 0.9370479765624999 0.4160233390625 0.9228088296875001 0.42046290468749997 0.9277424062499999 0.4297073796875 0.9588301875 0.43362559687499996 0.9794755859375 0.43166671562500003 0.983401240625 0.42873402031249996 0.9817352343750001 0.4244218671875
0 0.843149484375 0.5138248078125 0.8103956968749999 0.5055944375 0.79927681875 0.5065275046875 0.7913886859375 0.5102831937500001 0.7938600765625 0.5151691453125 0.8058303703125 0.5174470062500001 0.814735634375 0.5263959171875 0.8274744875 0.527137871875 0.8347137421875 0.5317746296875 0.8474341828125 0.5314617296875 0.8584978234375 0.5273641046875001 0.860007325 0.5227100140625 0.843149484375 0.5138248078125
0 0.7276276515625 0.49350442499999997 0.6894202968750001 0.4918059890625 0.6736440296875 0.49931736562499995 0.6721069109375 0.502389178125 0.6785499890625 0.5069795640625 0.70648988125 0.5128219984375 0.7113406015625 0.517319640625 0.7342824734375 0.5102256125 0.7462343546875 0.51144861875 0.7525393359375 0.5081276124999999 0.7492533531250001 0.5021404375 0.7276276515625 0.49350442499999997
0 0.723640121875 0.4473256140625 0.70218013125 0.44818327187499996 0.6935694703124999 0.456111996875 0.6983741593749999 0.4579725078125 0.711872365625 0.45665112968750005 0.73659071875 0.46019836875 0.7493848109375 0.46410488125000005 0.754939646875 0.4633746328125 0.757986265625 0.4556487296875 0.754764728125 0.45335353593749994 0.723640121875 0.4473256140625
0 0.85665714375 0.45823431406250004 0.8192735859375 0.458164528125 0.8081731203125001 0.46015245 0.8027103468749999 0.466156959375 0.81391208125 0.46997072656250005 0.8425837078124999 0.472167546875 0.8536933796874999 0.47070705156250003 0.8615815124999999 0.46695136406250004 0.8638779859374999 0.46181621875 0.85665714375 0.45823431406250004
0 0.854116540625 0.403816675 0.8198808718749999 0.4018226734375 0.8033084265625 0.409287678125 0.8312667328125001 0.41618496250000003 0.859132975 0.4178079875 0.8685950515625 0.413090190625 0.8709099359374999 0.4090098984375 0.854116540625 0.403816675
0 0.764056325 0.393302365625 0.7202757234375 0.391279325 0.7131377359375 0.3924442546875 0.7100174671875 0.39595075 0.7117202984375 0.40237260781249995 0.7674527828125 0.40561865468749997 0.772183821875 0.40325975625000005 0.77131399375 0.398993975 0.764056325 0.393302365625
0 0.7526380828125 0.3315180921875 0.7334837703125 0.32776803125 0.7199579453125 0.32750713125 0.702570909375 0.3338709125 0.736935465625 0.343248878125 0.7680140390625 0.3466396703125 0.77030130625 0.340977096875 0.7662559703125 0.337053253125 0.7526380828125 0.3315180921875
0 0.8322743296875 0.33721015625 0.8116013109375 0.337586759375 0.8038144468749999 0.3471441359375 0.8062490125 0.34992038281250004 0.842946865625 0.356272909375 0.8556949265625 0.3575422890625 0.8604351703124999 0.3557108171875 0.8666849171875001 0.349225253125 0.863408140625 0.3437655046875 0.8322743296875 0.33721015625
0 0.9854167578125 0.361936384375 0.9654202375000001 0.355502821875 0.9502560234375 0.352512046875 0.9391371453125 0.353445115625 0.9209171062499999 0.3576528171875 0.9162136859375 0.36159399375 0.93145155 0.368804178125 0.9457459343749999 0.367529171875 0.9697233484375 0.374194596875 0.9737502703124999 0.3770635890625 0.9777219562499999 0.37676802343750004 0.9927388703125001 0.3713199796875 0.9918598359375 0.366526771875 0.9854167578125 0.361936384375
0 0.9809615812500001 0.2889660875 0.9443373765624999 0.2868329703125 0.9230430999999999 0.2971842984375 0.9661564109375 0.3065449328125 0.980460003125 0.305797353125 0.99463470625 0.2976658046875 0.9913671374999999 0.29273348125 0.9809615812500001 0.2889660875
0 0.8599332671875001 0.2813901 0.8511292734374999 0.2782428765625 0.8192637265625 0.27533314062500003 0.8049969609375 0.278190425 0.8050890234375 0.28346468593749996 0.8170961421875 0.2878522515625 0.8577656812500001 0.2939092125 0.8625151328125 0.29260516718749996 0.8647839859375 0.2858877421875 0.8599332671875001 0.2813901
0 0.7603870625 0.2742237421875 0.74837994375 0.26983617656250003 0.7284294546875001 0.26603974375 0.71255191875 0.26774943281249997 0.704663784375 0.27150512031249996 0.7063942359375 0.27950925625 0.7374912218749999 0.2839549 0.758969625 0.28415209375 0.7637282828124999 0.28337547500000004 0.7644323984375 0.278147584375 0.7603870625 0.2742237421875
0 0.7498625578125 0.21807509687499999 0.732272984375 0.2128355 0.70593465625 0.2076132390625 0.68536290625 0.2137915296875 0.7142002453125 0.225482021875 0.7476857671875 0.23006678125 0.75399075 0.2267457765625 0.7538986875 0.2214715140625 0.7498625578125 0.21807509687499999
0 0.8158256796875 0.215067440625 0.796077728125 0.2228743828125 0.7937904609374999 0.22853695468750002 0.8002427437499999 0.2336547671875 0.8369958359374999 0.24317185000000002 0.84495761875 0.24363557187499998 0.8504848359375 0.2413230453125 0.8582809062500001 0.23229309531250003 0.8485978796874999 0.22435266406249998 0.8158256796875 0.215067440625
0 0.96817193125 0.23974729843749998 0.9323899375 0.240297684375 0.9189837921875 0.246893325 0.924649103125 0.252492190625 0.96842970625 0.25451523125 0.9723829796875 0.2531648125 0.9785774875 0.24351469374999998 0.96817193125 0.23974729843749998
0 0.983036778125 0.1800207328125 0.971020453125 0.175105740625 0.94947760625 0.1712165625 0.9122137296874999 0.17800331875 0.91871204375 0.1857582625 0.9250906765625 0.186656665625 0.929922984375 0.19009945625 0.930097903125 0.20012055312500002 0.9356619453125001 0.19991773125 0.940310128125 0.19281199843750002 0.953817540625 0.19201804375 0.9657694234375 0.1932410515625 0.976193390625 0.19806329843749998 0.9849053218750001 0.1959362609375 0.9887205015625 0.1866744515625 0.983036778125 0.1800207328125
0 0.97249756875 0.12302966875000002 0.9310410578124999 0.1174537609375 0.9088217140625 0.1203747515625 0.9144501999999999 0.1238639140625 0.9177822125 0.13248822031250002 0.9209945453125 0.1342559875 0.9496661718749999 0.13645280937499998 0.9624602624999999 0.1403593203125 0.9711998124999999 0.1398145609375 0.9854389593749999 0.13537499687500001 0.9829307437500001 0.128379340625 0.97249756875 0.12302966875000002
0 0.836337425 0.1598848890625 0.7957507421875001 0.15857476406249998 0.7886587859375 0.16237682343749998 0.79354633125 0.1689841703125 0.8127742937500001 0.1769536421875 0.839075796875 0.1800662 0.849334053125 0.175394775 0.850806728125 0.16863097968750002 0.836337425 0.1598848890625
0 0.8434890578124999 0.1139351078125 0.8020693718749999 0.11046890625000001 0.7862746921875 0.1169254296875 0.78236745 0.12091297812499999 0.7839966328125 0.12311542812500001 0.7975869015625 0.12706831093749998 0.83903420625 0.13211679062499998 0.8445798359375001 0.1308591171875 0.8515336984375 0.1191456640625 0.848284540625 0.11526819375 0.8434890578124999 0.1139351078125
0 0.7375928968750001 0.1530798953125 0.72330771875 0.154882328125 0.700218546875 0.15353753750000002 0.689987909375 0.159791240625 0.6844330734375 0.1605214875 0.737915115625 0.17153981093749998 0.748210196875 0.16897809218749998 0.7521266453125001 0.16551796875 0.7504330203125 0.1596235359375 0.7375928968750001 0.1530798953125
0 0.7361688203125001 0.09872728750000001 0.69553610625 0.0947800296875 0.6907774484375 0.09555664999999999 0.6868702078125 0.0995441984375 0.7148745437499999 0.10907861562500001 0.7435277578124999 0.110220584375 0.7498327406249999 0.10689957812499999 0.74899053125 0.104216075 0.7361688203125001 0.09872728750000001
0 0.5985021109375 0.9789384453125001 0.5984376671875 0.9752464625 0.5904022343750001 0.9705633312499999 0.580024296875 0.968378215625 0.54658480625 0.9664305859375 0.53309580625 0.9682793921874999 0.5070244578125 0.9783524874999999 0.52310453125 0.9882461749999999 0.5421023359375 0.983029990625 0.5676444875 0.9882058812500001 0.5755602390625 0.9860324734375 0.589104478125 0.9873482234375001 0.5985021109375 0.9789384453125001
0 0.6111780671875 0.8849436796875001 0.5673790515625 0.8818657859375 0.5332170328125 0.8840911953124999 0.5348922468749999 0.8889307750000001 0.53889155 0.8902174875 0.5747840203125001 0.8959962171875 0.5876057296874999 0.9014850046875 0.6114450484375 0.9002390390624999 0.6233324859375 0.8977700625 0.61760273125 0.8884792140625001 0.6111780671875 0.8849436796875001
0 0.621831865625 0.8117995984374999 0.611444721875 0.8090870562499999 0.57803285 0.8087217062500001 0.5558871562500001 0.8158621046875 0.5567201625 0.8180181828125 0.5742544984375 0.8200932218749999 0.581539784375 0.827367109375 0.5963189234375 0.8234858875000001 0.6221172609375001 0.828149809375 0.629977775 0.8228118421874999 0.6290895328125 0.8174912093750001 0.621831865625 0.8117995984374999
0 0.6148960921875 0.733415921875 0.5790956859375 0.7329114546875 0.5466457046875 0.7420861484375 0.55152404375 0.74816606875 0.5595042390625 0.7496846421875001 0.6016556609375 0.7495052328125 0.6176252578125 0.75306980625 0.62156011875 0.7506645359374999 0.6262451265625 0.7456685078125 0.6261162390624999 0.738284540625 0.6148960921875 0.733415921875
0 0.6218635984375 0.6769176171875 0.613837371875 0.6727619140625001 0.5970531828125 0.6680961171875001 0.5851105078125001 0.667400534375 0.5755747796875 0.667898921875 0.5613540453125 0.6733933375000001 0.5630016390625 0.6766506375 0.578129028125 0.6775317078125 0.58932155625 0.6808180484374999 0.5989953765625 0.6882310546875 0.6093825203125001 0.6909435968750001 0.612631678125 0.6948210687499999 0.6269536812500001 0.6951283390625 0.6317031328125 0.69382429375 0.6299634765625 0.68529273125 0.6218635984375 0.6769176171875
0 0.626801290625 0.5496978359375 0.5893901140625 0.5480457734375 0.570429134375 0.5553716609375 0.5999061453125 0.55814228125 0.6254943265625 0.5659553015625 0.6350208484375 0.5649294890625 0.640492828125 0.5594524062499999 0.6396322062500001 0.5557140515625 0.626801290625 0.5496978359375
0 0.6163449359375 0.49745360781250003 0.6059485859375 0.49421363906250004 0.5709075328125001 0.49164583906250003 0.5542982624999999 0.49700113906250004 0.5568341 0.505579075 0.569554540625 0.505266175 0.5783677390624999 0.5089408265625 0.6213521640625 0.51091749375 0.626870175 0.5080775421875 0.6268149359375 0.504912984375 0.6163449359375 0.49745360781250003
0 0.608861553125 0.43326406562499997 0.5715240265625 0.4358314109375 0.561256565625 0.439975409375 0.5621263937500001 0.444241190625 0.5677272609374999 0.44614807343749996 0.59640809375 0.448872321875 0.6060082640625 0.4520659171875 0.6115815125 0.45239052187500006 0.6163125515625001 0.450031625 0.62169246875 0.43928027968750005 0.6192579031250001 0.43650403281249994 0.608861553125 0.43326406562499997
0 0.6089120234375 0.39058891875 0.569899284375 0.3883166859375 0.5635943015625 0.391637690625 0.565315546875 0.3991144015625 0.570074203125 0.3983377828125 0.5940332046875 0.4039483546875 0.6051612890625 0.4035427109375 0.61381798125 0.3982511171875 0.6129389468750001 0.393457909375 0.6089120234375 0.39058891875
0 0.615203034375 0.34090078125 0.6055752453125 0.33612490625 0.5626000265625 0.334675665625 0.5507125890625 0.337144640625 0.5444168125 0.3409930734375 0.5644225390625001 0.34795406406249996 0.6090085265625 0.3505509015625 0.61454495 0.34876580156250003 0.61605445 0.344111709375 0.615203034375 0.34090078125
0 0.615423659375 0.2624070265625 0.5668015421875 0.25641377187500003 0.5533953984375 0.2630094125 0.5550982296875 0.2694312703125 0.5998131046874999 0.279412075 0.6101542171875 0.2794874859375 0.6219495921875 0.27174425 0.6210797640625 0.26747846875 0.615423659375 0.2624070265625
0 0.607282190625 0.20608250625000002 0.5993019953125 0.20456393281250002 0.5738242875 0.203080025 0.5587521375 0.2053635125 0.546901525 0.2099421921875 0.5645555421874999 0.21887377031250002 0.608308525 0.21931453125 0.6106694421875 0.2178713703125 0.6097259640625 0.2093861796875 0.607282190625 0.20608250625000002
0 0.6142312859375 0.14852935 0.6086028 0.1450401875 0.5918370234375 0.1414292421875 0.5600359203124999 0.14221148749999998 0.5466942203125 0.15249911249999998 0.5603121078125 0.1580342734375 0.5921408296874999 0.15883430468749998 0.6135916140625 0.157449221875 0.6167026765625 0.1534153015625 0.6142312859375 0.14852935
0 0.5916573374999999 0.08556844218750001 0.568549753125 0.0831687984375 0.5582914984375 0.087840221875 0.5575781765625 0.0925406859375 0.560827334375 0.0964181578125 0.596784246875 0.10588886718749999 0.608717715625 0.106057025 0.6180877312499999 0.0960649671875 0.6132278046875 0.0910398984375 0.5916573374999999 0.08556844218750001
0 0.41992987812499993 0.955472684375 0.40315489531250004 0.9513343125 0.37052999531249997 0.9504879078125 0.3627155125 0.95846300625 0.35398516875 0.959535190625 0.3675478203125 0.9619057968750001 0.37626895625 0.960306184375 0.40672627187500004 0.9736717 0.41783594375 0.9722112046875001 0.4242237828125 0.9736370328125 0.4360743953125 0.9690583546875 0.43516774218750004 0.9626828671875 0.41992987812499993 0.955472684375
0 0.43197349531249996 0.870817971875 0.3937845546875 0.8701743890625 0.380286346875 0.8714957671875 0.3739905703125 0.8753442 0.3748511921875 0.8790825546875001 0.40920654218749997 0.8879330968750001 0.4195200359375 0.8864262296875 0.4315363609375 0.8913412203125001 0.449052284375 0.89236140625 0.4497011640625 0.883968959375 0.4552007609375 0.8800741546875 0.43197349531249996 0.870817971875
0 0.42095556093750003 0.786400746875 0.41710355625 0.793552853125 0.406012296875 0.7960682 0.40133649531250004 0.80159165625 0.4189628953125 0.8089409562500001 0.44359839218749997 0.807741359375 0.45011512031249995 0.8165511562500001 0.453939503125 0.8078167703125001 0.47765914218749994 0.7997142640625 0.46241207187500005 0.791976653125 0.4321665015625 0.7907419390625 0.42095556093750003 0.786400746875
0 0.4667332703125 0.7205713 0.42611896875 0.7176788984375 0.403085034375 0.7194986625 0.39913176093749997 0.7208490796875 0.3952889625 0.7285286125 0.3905211 0.72877780625 0.39531658125 0.7301108921874999 0.39938953593750004 0.7356170125 0.41042555781249995 0.729937109375 0.4343477328125 0.7334379765625 0.43675468124999994 0.7346319453125 0.436078184375 0.7414421124999999 0.45512202031250004 0.7388630609375 0.4693703734375 0.7349509234375 0.473185553125 0.7256891125 0.4667332703125 0.7205713
0 0.4583616453125 0.651061125 0.4248300921875 0.6438392359375 0.40337010156249997 0.6446968921875 0.40118410468750004 0.6561611515625 0.43950193281249994 0.6641887 0.44354726875 0.6681125437500001 0.45545311875000005 0.6666984203124999 0.46726690625 0.6600100359375001 0.463980925 0.6540228609375001 0.4583616453125 0.651061125
0 0.45897813750000005 0.5952466953125 0.4103468140625 0.5887260140625 0.4064027484375 0.5906038578125 0.409012234375 0.603401203125 0.4353689765625 0.60967831875 0.4576711765625 0.6115041625 0.462411421875 0.609672690625 0.470170665625 0.5985330359375001 0.45897813750000005 0.5952466953125
0 0.4775741125 0.5405865890625 0.4377467828125 0.5372131312499999 0.41634202968749995 0.5412353453125001 0.41162940312499996 0.544649096875 0.418905484375 0.5513955593750001 0.4618714953125 0.5523173734375 0.47773061875 0.5495528328125 0.48162865468750005 0.5450378578125 0.4775741125 0.5405865890625
0 0.4682281453125 0.487246115625 0.4458983265625 0.4838379921875 0.4204666515625 0.484991215625 0.414967053125 0.48888602031249995 0.41743844374999994 0.4937719734375 0.4413606203125 0.497272840625 0.45258997343749996 0.502668884375 0.4653288265625 0.5034108390625 0.47237475 0.49697164843749997 0.47227348124999996 0.4911699609375 0.4682281453125 0.487246115625
0 0.47260458125 0.41900532031250004 0.45182108750000005 0.413052809375 0.4343051640625 0.41203262343749997 0.4010129734375 0.41852381406249994 0.4121686765625 0.41970045 0.43142425781249993 0.4292521984375 0.4521156875 0.429930446875 0.471928084375 0.4258154875 0.47585373906250006 0.4228827921875 0.47260458125 0.41900532031250004
0 0.433292475 0.3540157453125 0.399871396875 0.3531229703125 0.3911778796875 0.356304859375 0.4056840078125 0.36716065468750003 0.4287547671875 0.36745059375 0.44711290156250005 0.37115428281249996 0.4502607890625 0.369230065625 0.45415882500000004 0.3647150921875 0.45249281874999997 0.3604029390625 0.433292475 0.3540157453125
0 0.4051636921875 0.2917850859375 0.40767190937500003 0.2987807421875 0.41329118906250006 0.3017424765625 0.4380555734375 0.3079268484375 0.4667087875 0.3090688171875 0.467330046875 0.29909409375 0.4600999984375 0.2949847609375 0.4051636921875 0.2917850859375
0 0.44483345781250005 0.24056502812499997 0.4105701703125 0.2369887484375 0.4019042703125 0.24175291875 0.41160571093750004 0.2507482 0.44032336875 0.2555821546875 0.4610240046875 0.2567878296875 0.46247826875 0.24896918124999998 0.4584329328125 0.2450453375 0.44483345781250005 0.24056502812499997
0 0.46547958906250003 0.1930814359375 0.42239389687499995 0.18530307968749998 0.40974710625000005 0.1898353875 0.41146835 0.197312096875 0.436269559375 0.2056061734375 0.460173321875 0.2080521890625 0.47044078437500003 0.20390819062499999 0.469524925 0.197005278125 0.46547958906250003 0.1930814359375
0 0.4460167046875 0.12608660625 0.405402403125 0.123194203125 0.40310593125 0.1283293484375 0.40961345156249995 0.1366117171875 0.4312023296875 0.143138025 0.43523845781250003 0.14653444375 0.45434673906249995 0.147647375 0.4590501578125 0.14370619843750002 0.45731050156249997 0.135174634375 0.4460167046875 0.12608660625
0 0.4602694984375 0.0768621921875 0.433079753125 0.06842899999999999 0.4163323890625 0.0658729078125 0.409212815625 0.0680926875 0.40854552499999996 0.0754302828125 0.4230148296875 0.0841763734375 0.4501861625 0.0915547125 0.4581387390625 0.0914910078125 0.46364754374999995 0.08812362968750001 0.4634818296875 0.078629959375 0.4602694984375 0.0768621921875
0 0.243594075 0.10323214218750001 0.23489135 0.10588660624999999 0.23256725937499997 0.109439471875 0.256618321875 0.1203243078125 0.2852807421875 0.12199370312499999 0.2883089484375 0.11321294687500001 0.27545962031250004 0.106141878125 0.243594075 0.10323214218750001
0 0.25306979687500003 0.05372949375 0.241200771875 0.057253321875 0.250124446875 0.0672570859375 0.29074795625 0.070676915625 0.2939602890625 0.07244468281250001 0.2994690921875 0.0690773046875 0.30091414843750003 0.0607312296875 0.2880832328125 0.0547150140625 0.25306979687500003 0.05372949375
0 0.30325070468750004 0.9692256046875001 0.2944467125 0.9660783796875 0.26737664843750003 0.964501728125 0.250739759375 0.96827475 0.2428884515625 0.9741401421875 0.2461744328125 0.9801273187499999 0.25258989062500004 0.9831354265625001 0.2923988078125 0.9854540328124999 0.3026938890625 0.9828923109375 0.30812904375 0.9753055249999999 0.30325070468750004 0.9692256046875001
0 0.15922528125 0.9655790890624999 0.12252742812499999 0.9592265624999999 0.09865128281249999 0.958362825 0.091540915625 0.9611100328125 0.0973167015625 0.9730380125 0.1061575203125 0.9782949421874999 0.126135628125 0.9836736531250001 0.14122619218750002 0.98244501875 0.1540018703125 0.985296678125 0.160334471875 0.98355795 0.1658340703125 0.9796631453125 0.1672515078125 0.9697347921875 0.15922528125 0.9655790890624999
0 0.1550415265625 0.8625918703125001 0.106474646875 0.859763171875 0.0683961796875 0.865448703125 0.081190271875 0.8693552140625 0.0923275625 0.869476996875 0.094743715625 0.8711983921875 0.0940396 0.8764262828125 0.104325475 0.8733371359375001 0.14031000625 0.884390125 0.14662419531249998 0.8815965468750001 0.153030446875 0.8840772265625001 0.1704174828125 0.8777134468750001 0.16785402968750002 0.867553234375 0.1550415265625 0.8625918703125001
0 0.296807303125 0.8734832375 0.28800330937499996 0.8703360124999999 0.2355199828125 0.8709674359375 0.230084828125 0.8785542234375001 0.243702715625 0.8840893859375001 0.24614648906249997 0.887393059375 0.254062240625 0.88521965 0.26926327968749997 0.8903201296875001 0.289954709375 0.8909983765625 0.2954819265625 0.8886858500000001 0.3032687921875 0.8791284750000001 0.296807303125 0.8734832375
0 0.15780719062499998 0.7932034781249999 0.15454882812499998 0.7887985796875 0.14653180625 0.7851703031249999 0.13778305156249998 0.7851876343749999 0.13057141562500002 0.78213315625 0.12107251249999999 0.784741246875 0.10193661406250001 0.7820460390624999 0.07029201874999999 0.7917945296875 0.07199485 0.7982163875 0.0863628859375 0.8011607906249999 0.09438911250000001 0.80531649375 0.1198299953125 0.8046906968749999 0.12713369375 0.8130194375 0.13743798125 0.8109851453125 0.15181522187500002 0.8144569734375 0.151649509375 0.804963303125 0.1563437234375 0.8004947 0.15780719062499998 0.7932034781249999
0 0.2857893671875 0.7890660125 0.2833179765625 0.7841800609375 0.277689490625 0.7806909 0.2657284015625 0.7789404640625001 0.2608868890625 0.7749702484375 0.24746233125 0.7805110375 0.23235335625000003 0.78068481875 0.226057578125 0.7845332515625 0.1999217875 0.7909143640625 0.20393950312500003 0.7932559296874999 0.24540522187499997 0.7993592609375 0.25966278125 0.7959745515625001 0.2731978140625 0.796762878125 0.2857893671875 0.7890660125
0 0.2740673171875 0.7098766765625 0.25100576406249997 0.7101141640625 0.23981323593749998 0.706827825 0.23433205 0.7117774812500001 0.2152974203125 0.714883959375 0.2034928390625 0.7220997703125 0.2273597765625 0.7224360812499999 0.23541362187499998 0.7281740640625001 0.244171584375 0.72868415625 0.2735473265625 0.7256530890625 0.2807221375 0.7265978640624999 0.290147390625 0.7197703640625 0.2908607125 0.7150699 0.2740673171875 0.7098766765625
0 0.1459562546875 0.7066301765625 0.13071839062499999 0.6994199921875001 0.09883443125 0.695455403125 0.0816039015625 0.710785428125 0.0904171015625 0.7144600796875 0.10556290156249999 0.716396 0.120846796875 0.726243315625 0.132725028125 0.7232469125 0.1469089390625 0.7156427937500001 0.14841843906250002 0.7109887015624999 0.1459562546875 0.7066301765625
0 0.12404039062500001 0.6358042484374999 0.0986363328125 0.63853975 0.09073899375 0.6417680125 0.09957060625 0.646497515625 0.1529513796875 0.6517141515625 0.1591458875 0.64206403125 0.1527028109375 0.6374736453125001 0.12404039062500001 0.6358042484374999
0 0.30778266875 0.636495109375 0.2982193234375 0.6354112171875 0.2545399890625 0.639189865625 0.2427354078125 0.646405675 0.2452067984375 0.651291628125 0.23811484374999997 0.6550936875 0.250890521875 0.657945346875 0.2556215609375 0.6555864484375 0.26357413749999997 0.6555227421875001 0.2796357984375 0.6643615765625001 0.2803399140625 0.6591336875 0.2882188421875 0.6548505734375001 0.31290957656249996 0.656815534375 0.31527049375 0.6553723734375 0.3134295671875 0.6410391234375 0.30778266875 0.636495109375
0 0.2962355359375 0.5673268703125001 0.23741040156249998 0.569169596875 0.23505869218750003 0.571140184375 0.2399186171875 0.5761652515625 0.2503149671875 0.5794052203125 0.25361015625 0.5859198234375 0.249702915625 0.5899073718750001 0.2529060421875 0.5911477109375001 0.25925705625 0.5904638375 0.26950610468749997 0.5852649875 0.3053157171875 0.586296878125 0.3171479171875 0.580663346875 0.31787965156250003 0.5770177359375 0.2962355359375 0.5673268703125001
0 0.1674848015625 0.5730002437499999 0.151505996875 0.5689082437499999 0.1212236015625 0.565563825 0.10134676093749999 0.5659868 0.083089896875 0.5680848000000001 0.07519255625 0.5713130609375 0.096698578125 0.573092534375 0.11347356093750001 0.5772309046874999 0.12148137656249999 0.5803317578125 0.124730534375 0.584209228125 0.159753175 0.585722175 0.1668727484375 0.58350239375 0.1715301359375 0.5769240859375 0.1674848015625 0.5730002437499999
0 0.1718244125 0.5026497421875 0.1209610609375 0.5049561890625001 0.114729728125 0.5124966046874999 0.11559035 0.516234959375 0.119598859375 0.5180490984375 0.1593525390625 0.517203146875 0.176090696875 0.5192318125 0.18710830625 0.51249705625 0.1806007859375 0.5042146875 0.1718244125 0.5026497421875
0 0.321800540625 0.5282453359375 0.3153666703125 0.524182375 0.2611897171875 0.5189193671875 0.24059955624999999 0.52404280625 0.23986782187500003 0.5276884171875 0.2502273453125 0.52881868125 0.25984592968750003 0.5330671296875 0.310041990625 0.5380982765625 0.31876312812499996 0.536498665625 0.32267036875 0.5325111171875 0.321800540625 0.5282453359375
0 0.276150334375 0.4646794953125 0.2594858265625 0.46687023906249997 0.252384665625 0.4701448734375 0.26372449531250003 0.48187003125 0.270853275 0.480177675 0.28915617031249996 0.48071680937499994 0.301144878125 0.48404952031250004 0.30905142343750003 0.481348684375 0.3160789328125 0.4738546421875 0.2944624359375 0.46574605468749997 0.276150334375 0.4646794953125
0 0.16683083125 0.44440100468750005 0.1468895484375 0.441131996875 0.11906013124999999 0.44161867812500005 0.1151068578125 0.4429690953125 0.112828796875 0.44915909374999996 0.1025060984375 0.450138534375 0.1041444859375 0.452868409375 0.112865621875 0.4512687984375 0.12406735625000001 0.4550825640625 0.1511374203125 0.45665921562499995 0.1701996703125 0.455135015625 0.1708945796875 0.4493797 0.16683083125 0.44440100468750005
0 0.1714558359375 0.3904007140625 0.14511750625 0.38517845156249997 0.11964900625 0.3842219703125 0.11728808906249999 0.3856651328125 0.11974106874999998 0.38949623125 0.142977540625 0.399279840625 0.1581509609375 0.40279804218750004 0.1732691421875 0.40315168593750006 0.178805565625 0.4013665859375 0.1795188875 0.396666121875 0.1714558359375 0.3904007140625
0 0.30863787343750004 0.41208979531249995 0.30460174375000004 0.40869337968749997 0.25840498749999996 0.40494894531250003 0.2504616171875 0.4055400765625 0.2394532140625 0.412802259375 0.247507059375 0.41854024218749997 0.2436274375 0.42411006875 0.2380818078125 0.42536774218750006 0.246052796875 0.426358890625 0.257903409375 0.42178020937499994 0.300860215625 0.42217459843749994 0.3056096671875 0.420870553125 0.3087115234375 0.4163092046875 0.30863787343750004 0.41208979531249995
0 0.30587632187499997 0.3450139296875 0.263614425 0.338864225 0.24932004062500002 0.3401392328125 0.2414227 0.34336749375000003 0.24149634999999997 0.34758690312499996 0.2535218828125 0.3530293203125 0.306078859375 0.35661730625 0.3115784578125 0.3527225015625 0.3115048078125 0.3485030921875 0.30587632187499997 0.3450139296875
0 0.1671939890625 0.3285063640625 0.13849474374999998 0.32472726406249997 0.11303545 0.324298209375 0.11874679218749999 0.33253420624999996 0.13155008906250001 0.33696814375 0.168961265625 0.33862020625 0.1744516578125 0.3341979765625 0.17360944843749998 0.331514471875 0.1671939890625 0.3285063640625
0 0.17802270781250001 0.26538338125 0.141407709375 0.263777690625 0.12317846406249999 0.26745796718750003 0.12726062656249998 0.273491515625 0.12570509375 0.2755084765625 0.12971360468749998 0.2773226140625 0.17192946874999998 0.2808351890625 0.191797103125 0.2798847875 0.1973059078125 0.27651740937499997 0.19722305 0.2717705734375 0.17802270781250001 0.26538338125
0 0.3016973328125 0.2878664171875 0.294485696875 0.2848119359375 0.2522238015625 0.27866223125 0.23086507968749997 0.2853215765625 0.24130746093750002 0.2911986765625 0.2684143484375 0.2948850328125 0.28440235937499997 0.2995044578125 0.2987243640625 0.2998117296875 0.305056965625 0.2980730015625 0.30736264375 0.2934652828125 0.3016973328125 0.2878664171875
0 0.1818147078125 0.20922701406250002 0.171436771875 0.20704189843749998 0.14120040625000002 0.2063346109375 0.127739025 0.20976569375 0.1294878875 0.218824684375 0.183701665625 0.226197396875 0.1907936203125 0.2223953359375 0.1907015578125 0.21712107343749998 0.1818147078125 0.20922701406250002
0 0.31366001093749996 0.21690612968749998 0.3112530625 0.215712159375 0.288292778125 0.2217513359375 0.276386928125 0.223165459375 0.254093934375 0.2218670390625 0.24937210156249998 0.2247533625 0.2510381078125 0.2290655171875 0.2550374125 0.23035223125 0.31001054375 0.2356616109375 0.31233463437500003 0.23210874375 0.308975003125 0.2219021578125 0.31366001093749996 0.21690612968749998
0 0.26855655624999997 0.166332165625 0.2510498390625 0.16583940625 0.2344497765625 0.17172213125 0.23132950624999998 0.1752286265625 0.2345602515625 0.1780512453125 0.2584824265625 0.1815521140625 0.295875190625 0.1821493234375 0.300532578125 0.17557101718749998 0.294885678125 0.17102700312500002 0.26855655624999997 0.166332165625
0 0.14501081875 0.151233096875 0.12108864374999999 0.147732228125 0.099674684375 0.1512270171875 0.10296066718750001 0.15721419375 0.111792278125 0.1619436953125 0.127734259375 0.163925990625 0.139732171875 0.1677861296875 0.15884045156249998 0.168899059375 0.16278451875 0.167021215625 0.1594617109375 0.158924334375 0.14501081875 0.151233096875
0 0.1520611828125 0.099481628125 0.14645111093750002 0.09704731875 0.10586442656249999 0.09573719375 0.097207734375 0.1010287875 0.1069183796875 0.1105514984375 0.1483472734375 0.114545125 0.153874490625 0.11223259999999999 0.1561341375 0.10498775 0.1520611828125 0.099481628125
0 0.17011995 0.0404679765625 0.1541411453125 0.036375978125 0.11753535468750001 0.0352977125 0.1080180390625 0.0368509515625 0.104110796875 0.0408385 0.116960125 0.04790956875 0.162351496875 0.0510802046875 0.17027645625 0.049434221875 0.1749706703125 0.044965618750000005 0.17011995 0.0404679765625