0 0.9495035515625 0.9339876734375 0.8870190062500001 0.9208990625 0.8857225421875 0.9239078421875 0.891502384375 0.925918628125 0.8929709078125001 0.9311867671874999 0.876225365625 0.9392003125 0.8938772281249999 0.9420977562499999 0.9120134828124999 0.9501372 0.9270877578125001 0.948894334375 0.9378507140625001 0.9509088218749999 0.95551791875 0.943648396875 0.95417433125 0.937126290625 0.9495035515625 0.9339876734375
0 0.9367165046875 0.85709251875 0.9161122531249999 0.8538166671875 0.8824491125 0.8615668390625 0.8995387703125 0.8701071312499999 0.9428404625000001 0.8756571421875 0.9601953328124999 0.8715316328125 0.9521502390625001 0.8622456218749999 0.9367165046875 0.85709251875
0 0.9222359703125 0.7923527234375001 0.9042717734375 0.792590196875 0.895758725 0.8080088046875 0.9150040453124999 0.814920421875 0.9195498890625 0.819313003125 0.9285944546874999 0.8185672828125 0.9591178093750001 0.8123196500000001 0.9579616203124999 0.8039165953125 0.9222359703125 0.7923527234375001
0 0.9876683249999999 0.7458424171875 0.9792484312499999 0.7403183062500001 0.914545759375 0.7294853531250001 0.910359375 0.7314887390625 0.9109687 0.7353767765625 0.9193261312500001 0.741527871875 0.9384465140625 0.7496934546875 0.9666739312500001 0.7564863328125 0.975656028125 0.7563675984375 0.9847005953125001 0.7556218765625 0.98907438125 0.751737540625 0.9876683249999999 0.7458424171875
0 0.9714827921875001 0.6682041328125 0.9414120484374999 0.6599050125 0.9345231453125 0.65902205625 0.9270720359375 0.6637819484375 0.9108886953124999 0.666152646875 0.9143879453125001 0.671046075 0.908108365625 0.6740511546875 0.9295718140625 0.6787071109375 0.968077790625 0.6823724734375001 0.9813087421875 0.6796233671875 0.9799026874999999 0.6737282453125 0.9714827921875001 0.6682041328125
0 0.96709146875 0.6022373546875001 0.9335686031250001 0.5985756921875 0.9219311078124999 0.6053389703125001 0.912949009375 0.6054577078125 0.9398174953125 0.61588635 0.9725436328124999 0.6175409265625 0.9808539375 0.6141611359375 0.9804320109375 0.60839215 0.96709146875 0.6022373546875001
0 0.94573541875 0.52647631875 0.923694428125 0.5376210796875001 0.9350667109374999 0.5435236031249999 0.9385659609375001 0.5484170328125 0.9547493015624999 0.5460463359375 0.975416015625 0.54869520625 0.9743847625000001 0.5390381843750001 0.95606110625 0.5328796875 0.94573541875 0.52647631875
0 0.98402111875 0.47232938593749996 0.9685873828125 0.4671762828125 0.9596206265625 0.45713715156249995 0.9503886609375 0.45976382187500003 0.9294096078124999 0.46024986874999996 0.9341275124999999 0.47291936874999996 0.9415008109375 0.47894432968749995 0.9612458671875 0.48084007968750003 0.985052371875 0.48198640781249996 0.9885669625 0.47672196875 0.98402111875 0.47232938593749996
0 0.9849877109375 0.402604409375 0.95786935625 0.39468369999999997 0.925268153125 0.3917751578125 0.9457945921875 0.40583586250000003 0.984847434375 0.41401624375 0.991002078125 0.41226513125 0.9914393468749999 0.40787625 0.9849877109375 0.402604409375
0 0.9850805218750001 0.341329915625 0.95402565 0.33290466093750004 0.942216096875 0.33139101875 0.9430128265625 0.33339810625 0.9223307671875001 0.34090710468749996 0.9389984984374999 0.3436784125 0.9658669859375 0.354107053125 0.981675521875 0.35549825625000003 0.9909699546875 0.352244603125 0.9935628843750001 0.34622704375 0.9850805218750001 0.341329915625
0 0.8278152453125 0.6396303140625 0.81845834375 0.6435109484375 0.7962452953125 0.6463787921875 0.7924183671875 0.654778146875 0.7884193828125 0.654900584375 0.8136944140625 0.6613150531249999 0.8491855359375 0.6652289890625 0.8582925703125 0.6638562859375 0.8582454453125001 0.6543254000000001 0.8278152453125 0.6396303140625
0 0.8211513671875 0.581627125 0.8078579484375 0.585003215625 0.804218425 0.5915216203125 0.8181211703125 0.59203356875 0.849176040625 0.6004588234375 0.8614853296874999 0.5969565984375 0.8650623875000001 0.591065175 0.8613757390625001 0.5880526953125 0.8211513671875 0.581627125
0 0.8638418953125001 0.522964846875 0.8429406531250001 0.51266604375 0.8357394125000001 0.5149180015625 0.8280537796875 0.5120279578125 0.7944684453125 0.5089932796875 0.793047046875 0.513256025 0.7987644234375 0.5158937953125 0.7983896203125 0.51965569375 0.792234978125 0.521406809375 0.8033573921875 0.5298172625 0.823836709375 0.5343470828125 0.861311434375 0.528355421875 0.8654978203124999 0.5263520359375 0.8638418953125001 0.522964846875
0 0.8686434546875 0.4499214625 0.8552404453125 0.44439365000000003 0.8288563531250001 0.4391070109375 0.8096581578125001 0.44172628124999996 0.8139541343750001 0.448626796875 0.8307939281250001 0.45967502031249996 0.8663475187499999 0.4629619734375 0.8754545515625001 0.46158927031249997 0.8768134828124999 0.4579535078125 0.8686434546875 0.4499214625
0 0.8571911671875 0.3747948109375 0.8272924828124999 0.374772609375 0.825871084375 0.3790353546875 0.8360093718750001 0.3873196734375 0.870328965625 0.39298842500000003 0.8784518671875 0.39148958437500003 0.8799982015625 0.385972871875 0.8571911671875 0.3747948109375
0 0.8634144812500001 0.31717340625 0.8117400187499999 0.31563016718750003 0.8432792828125001 0.329197425 0.8767396812499999 0.3334860703125 0.8850499859375001 0.3301062796875 0.8844406578124999 0.3262182453125 0.8634144812500001 0.31717340625
0 1 0.2946890890625 0.9999184171875 0.29275990625000003 0.98245395625 0.2879815125 0.9672700890625 0.2803204765625 0.9461036343749999 0.282687471875 0.9398240578125 0.2856925515625 0.9413550468749999 0.2903337078125 0.9564139812500001 0.2992487109375 0.99190510625 0.3031626453125 1 0.2998704625 1 0.2946890890625
0 0.8947415078125 0.2780093171875 0.8925387234375 0.270107109375 0.8762457921875001 0.2635739015625 0.8603901281249999 0.2526518140625 0.8217438749999999 0.2603982875 0.83588114375 0.26856016875 0.8166204828125 0.271806421875 0.8402395890625 0.27483370156250003 0.8507526765625 0.2793561203125 0.8626871656249999 0.2796157921875 0.8798546328124999 0.2773712328125 0.8906175890625001 0.2793857203125 0.8947415078125 0.2780093171875
0 0.7349443296875 0.5013640265625 0.7162458703125 0.4989674296875 0.7008121359375 0.49381432812500003 0.6818484671875 0.5040835312499999 0.6805520031250001 0.5070923109375001 0.6958608046875 0.51349938125 0.7154809249999999 0.5166490968749999 0.7325859265625 0.5150315203125 0.740958696875 0.511024746875 0.7349443296875 0.5013640265625
0 0.75295345625 0.43064845468749996 0.7145724109375 0.425729125 0.6911253640624999 0.43097876562500004 0.7142447328125 0.4390219109375 0.7459242749999999 0.441177334375 0.754906371875 0.44105859843750006 0.7571245 0.43880293750000005 0.75295345625 0.43064845468749996
0 0.7450004156250001 0.3604152328125 0.7202097828125 0.359142765625 0.69209195625 0.3612537890625 0.7158206515625001 0.3731849703125 0.74731279375 0.37722134375 0.761527871875 0.374598371875 0.7648550625 0.371214884375 0.7450004156250001 0.3604152328125
0 0.744170809375 0.2987149015625 0.7028373734375 0.2934171609375 0.7076330875 0.29530181093749996 0.707008415625 0.3015716421875 0.702946965625 0.3023210640625 0.717146703125 0.3098559625 0.7243950703125 0.3171348890625 0.749185703125 0.31840735468750003 0.7713362874999999 0.31616649375 0.7749758124999999 0.3096480875 0.744170809375 0.2987149015625
0 0.7626489875 0.243299203125 0.7323283765624999 0.237508015625 0.7036012234375 0.235731003125 0.7070380046875 0.241251415625 0.7288609078125 0.25230334062500004 0.7679762171875 0.2598567390625 0.779051509375 0.25873630937500003 0.78250363125 0.254098853125 0.7626489875 0.243299203125
0 1 0.22387047187500003 0.99891675 0.22278265468749997 0.987482 0.2175071140625 0.9561147921875 0.212216775 0.941649846875 0.21734767812500003 0.9541158484375 0.2322802390625 0.98198380625 0.23267715 1 0.23021914531249998 1 0.22387047187500003
0 0.5520621890624999 0.79636125625 0.5440795656249999 0.786448259375 0.5237098390625 0.7908223421875 0.5000282671875 0.7884220453124999 0.485438384375 0.7948069140625 0.49601393906249996 0.7987023515625 0.5022781765625 0.8058551406250001 0.5118071359374999 0.8102514234375 0.5308179281250001 0.809513103125 0.5404093546875 0.8132824015625 0.5619506078125001 0.80715350625 0.5606694875 0.8000044171875 0.5520621890624999 0.79636125625
0 0.5512157125 0.724826371875 0.5328295890625 0.7192948593749999 0.5242694171875 0.72518258125 0.49910397968750003 0.7276720140624999 0.517912028125 0.7389725125 0.5323616343750001 0.743999478125 0.550997628125 0.7470230578125 0.570383221875 0.7425228390624999 0.5718670859375 0.737633109375 0.567258775 0.7338675109375 0.5512157125 0.724826371875
0 0.5643766515624999 0.6579144968749999 0.524214746875 0.6508619437500001 0.5273391937499999 0.6595172734375 0.5101717234375001 0.661761834375 0.51932588125 0.669920015625 0.542820053125 0.6742012625 0.5511150140625001 0.680979340625 0.5628621 0.6831199640625 0.5665487484375 0.68613244375 0.5715318640625 0.68613614375 0.57615551875 0.679743875 0.586121746875 0.679751275 0.588589740625 0.67498768125 0.5850904906250001 0.6700942515625 0.5643766515624999 0.6579144968749999
0 0.58757808125 0.59994906875 0.5559610078125 0.5971666625000001 0.54660410625 0.6010472984375 0.5235318625 0.6025350390625 0.5252502531250001 0.6052952453125 0.55329026875 0.613969075 0.5769718421875 0.61636936875 0.601028215625 0.6150077656249999 0.6047926734375 0.60723539375 0.58757808125 0.59994906875
0 0.605604071875 0.5390681140625 0.5958877124999999 0.5365527812499999 0.56291170625 0.5374061375 0.5626618375 0.5399140703125 0.585531340625 0.55046515 0.5907489796875 0.5581187843750001 0.62624010625 0.562032721875 0.6346753421875 0.557398965625 0.63228515625 0.55137770625 0.605604071875 0.5390681140625
0 0.6144586171875 0.48020636874999995 0.5660642203124999 0.4657487546875 0.5619403015625 0.4671251578125 0.5677826109375 0.4685089609375 0.57318765 0.474281646875 0.564689946875 0.4795423859375 0.5769838921875 0.486198028125 0.59635414375 0.49185567812500003 0.6239722343749999 0.49476052031249995 0.6307515484375 0.4867395734375 0.625346509375 0.48096688906249996 0.6144586171875 0.48020636874999995
0 0.6457458203125 0.4162725765625 0.6209705265625 0.40484224218750003 0.606271053125 0.40232320781249997 0.5833237421875 0.40255698124999995 0.5730923046874999 0.415215384375 0.57462329375 0.419856540625 0.5992889953125 0.42238297343750003 0.636076584375 0.4232881296875 0.644324421875 0.4205353234375 0.6457458203125 0.4162725765625
0 0.6486182046875 0.34742685624999997 0.6377303125 0.3466663375 0.60962783125 0.3386194921875 0.6041449812499999 0.3436316578125 0.592085559375 0.3446259515625 0.58930523125 0.352524459375 0.60553569375 0.35968465 0.6174077140625001 0.36057130625 0.650321253125 0.3603449328125 0.6542106453125001 0.3513185921875 0.6486182046875 0.34742685624999997
0 0.6203107812499999 0.271409846875 0.5952549359375 0.2828031828125 0.5967234593749999 0.288071321875 0.61584384375 0.2962369046875 0.644758396875 0.29613296718750004 0.6569427515624999 0.2938847078125 0.6585515515625 0.2877410125 0.6203107812499999 0.271409846875
0 0.6320874546875 0.21323024375 0.598502121875 0.2101955625 0.585208703125 0.21357165312499998 0.5909260796875 0.216209421875 0.5950346546875 0.2249908890625 0.5927540609374999 0.22787353124999998 0.6111401843750001 0.23340504375 0.654629278125 0.2370741046875 0.6678602296875 0.23432499999999998 0.6685473656250001 0.22742818437499998 0.6320874546875 0.21323024375
0 0.4940353734375 0.458421728125 0.48345981718750003 0.45452629218749996 0.478054778125 0.44875360468750003 0.47393085937499996 0.45013000937500003 0.4475467671875 0.4448433703125 0.4172732828125 0.4485830703125 0.4168360125 0.4529719515625 0.4241468453125 0.45962389375 0.4732283796875 0.46718469375 0.490270915625 0.46619409999999994 0.497534621875 0.4633151578125 0.4940353734375 0.458421728125
0 0.46210376875000003 0.37876525625 0.44813855625 0.37888029218749997 0.430658753125 0.38425976875 0.46127635468749995 0.39707390781249996 0.4663690609375 0.405981509375 0.472148903125 0.40799229531250003 0.5000946703125 0.39760435312500003 0.49986014531249995 0.3899544171875 0.46210376875000003 0.37876525625
0 0.51508894375 0.32713735625 0.49393783124999996 0.31934648593750004 0.4710529859375 0.31895327500000004 0.452401653125 0.3260875640625 0.43751477968749997 0.3254494796875 0.45085532187500005 0.331604275 0.4495588578125 0.3346130546875 0.4553387015625 0.33662384218749997 0.47902027187499996 0.3390241375 0.512183678125 0.33628983125 0.5166199328125 0.3317785125 0.51508894375 0.32713735625
0 0.510869678125 0.26944749687499997 0.48553217968749995 0.26366001250000004 0.4528685109375 0.2613784515625 0.47364481875 0.272931225 0.5107918671875 0.2802323515625 0.5149782515625 0.2782289625 0.5154779890625 0.273213096875 0.510869678125 0.26944749687499997
0 0.5141015203125 0.206997746875 0.49898012031250005 0.198709728125 0.4767824125 0.19141970156250002 0.459068084375 0.1891492421875 0.481297571875 0.21612802343749998 0.5228184078125 0.2195448125 0.5310662453125 0.21679200625 0.5268952031249999 0.20863752343750003 0.5141015203125 0.206997746875
0 0.2960533078125 0.42479134375000005 0.28049463750000003 0.42089220781250003 0.256438265625 0.422253809375 0.24073932031249998 0.429766509375 0.27313777968749997 0.4447138703125 0.3130026921875 0.444743471875 0.3193447359375 0.4411114078125 0.318922809375 0.43534242343749996 0.2960533078125 0.42479134375000005
0 0.33133949375 0.36073511406250003 0.31460929531250004 0.3585907921875 0.29936296093750003 0.35155674062500003 0.2885375375 0.3501692375 0.249344421875 0.3534006890625 0.2753537109375 0.36244922812499997 0.28450786875 0.3706074109375 0.326028703125 0.3740242015625 0.335198203125 0.3720245140625 0.3360102734375 0.36387373125 0.33133949375 0.36073511406250003
0 0.3306972890625 0.297153834375 0.3188877359375 0.29564019375 0.2987832203125 0.2873484765625 0.264401159375 0.282306709375 0.27091526250000003 0.2869515671875 0.264198415625 0.294345528125 0.26572940625 0.298986684375 0.2867555828125 0.3080315234375 0.32637062656250004 0.31056905625 0.33671165468750003 0.30681455625 0.33714892343749997 0.30242567343750004 0.3306972890625 0.297153834375
0 0.31715180625 0.22302887343750002 0.30318659375 0.22314391093750002 0.27581837343750004 0.2177311359375 0.2615408265625 0.2209810890625 0.270382646875 0.2322741875 0.2838481234375 0.237175015625 0.2889408296875 0.24608261874999998 0.318042784375 0.24409773124999998 0.3291805421875 0.24235031875000002 0.333616796875 0.2378389984375 0.31715180625 0.22302887343750002
0 0.3052469078125 0.1624489734375 0.28654845 0.160052378125 0.257321559375 0.1632912296875 0.2977179890625 0.17799371718749998 0.334068309375 0.18328775625 0.3356771078125 0.1771440609375 0.33113126406250004 0.172751478125 0.3052469078125 0.1624489734375
0 0.08044265 0.73816565 0.10253076406249999 0.736551775 0.1088103453125 0.7335466937499999 0.11035667656249999 0.7280299828125 0.10673249375 0.72439051875 0.08151993125 0.7173490671875 0.0628214734375 0.71495246875 0.0347661140625 0.7164365109374999 0.0292780875 0.7185357265625 0.029341307812500002 0.7200872640625 0.031126590625 0.722954915625 0.0465603265625 0.72810801875 0.055901882812500005 0.7343852515625 0.08044265 0.73816565
0 0.12491605937500001 0.6419202125 0.11427803750000001 0.638651759375 0.0797710421875 0.6348639609375 0.062478640625000005 0.6383624859375 0.052996804687499996 0.6434970875 0.0591985734375 0.6512768624999999 0.073710646875 0.65567684375 0.09672042656249999 0.6548160875 0.1094516390625 0.6570828468750001 0.1260097796875 0.650950253125 0.1285402421875 0.645559675 0.12491605937500001 0.6419202125
0 0.121054728125 0.570633903125 0.10291847031250001 0.5625944578125 0.07153592343750001 0.5674619859375001 0.0579926359375 0.573346009375 0.06838079062499999 0.57912239375 0.083939459375 0.58302153125 0.11174495 0.5840454234375 0.13812904374999999 0.5893320625 0.14201843593750002 0.580305725 0.1329892125 0.5708935765625001 0.121054728125 0.570633903125
0 0.13922056875 0.5183531203125 0.12384930000000001 0.512573034375 0.100417596875 0.5076648031250001 0.08109446875000001 0.511538040625 0.06442673593750001 0.508766734375 0.089014628125 0.5220780203125 0.0931856703125 0.5302325015625 0.114352125 0.5278655046875 0.1270208734375 0.5307592484375 0.1412984203125 0.5275092953125 0.142782284375 0.522619565625 0.13922056875 0.5183531203125
0 0.0997929265625 0.5139346375 0.1004022546875 0.517822675 0.10697882343750001 0.521840546875 0.11497679375 0.5215956734375 0.118491384375 0.5163312328125 0.10404177968749999 0.5113042671875 0.0997929265625 0.5139346375
0 0.14976324531250002 0.46255531093749996 0.135985434375 0.460789396875 0.11089780468749999 0.452493978125 0.0834517734375 0.45786605468749997 0.10385328125 0.4731807265625 0.1323305671875 0.47746567031250003 0.1535594859375 0.47447169375 0.158120671875 0.4687064078125 0.14976324531250002 0.46255531093749996
0 0.16849129062499998 0.40463167968749997 0.1521358921875 0.3987254578125 0.10471027968749999 0.3945518453125 0.09332265625 0.3988071921875 0.1229561296875 0.4114951953125 0.17117846718750002 0.417675890625 0.17536485468750002 0.41567250468749994 0.1759270546875 0.41002965468749997 0.16849129062499998 0.40463167968749997
0 0.14363599062500002 0.3239772140625 0.132685634375 0.323843678125 0.1107071109375 0.33436145625 0.13062422499999998 0.3445341234375 0.1476667609375 0.3435435296875 0.15830478125 0.346811984375 0.177440509375 0.3448196984375 0.1780027109375 0.33917685 0.14363599062500002 0.3239772140625
0 0.161442375 0.2653004609375 0.144837109375 0.2619021734375 0.12274899531250001 0.2635160484375 0.12317092031250002 0.269285034375 0.1140638890625 0.2706577375 0.1465872828125 0.2843511328125 0.1574751734375 0.28511165312500003 0.1875612578125 0.283252903125 0.1902791203125 0.2759813765625 0.161442375 0.2653004609375
0 0.153551803125 0.19444025468749998 0.12359065312499999 0.1950450375 0.11835767187499999 0.1975492703125 0.11988866093749999 0.202190428125 0.1408523703125 0.21186224999999997 0.1441642171875 0.218636628125 0.16219088125 0.217772171875 0.183607203125 0.21289724375 0.183310209375 0.2058742890625 0.153551803125 0.19444025468749998
0 0.177872290625 0.1404083609375 0.149707340625 0.132988496875 0.12626029375 0.1382381359375 0.12741648125 0.1466411921875 0.138788765625 0.1525437140625 0.1782164078125 0.156962196875 0.191384890625 0.1548400734375 0.19286875781249999 0.1499503453125 0.177872290625 0.1404083609375
0 0.0778089375 0.8946507031250001 0.0378344359375 0.885717203125 0.03612076875 0.8864671421875 0.0372514890625 0.914217021875 0.052737748437499996 0.9162019078125001 0.072920075 0.9137087749999999 0.0823547828125 0.8990432859374999 0.0778089375 0.8946507031250001
0 0.0910223515625 0.822050484375 0.091647021875 0.8157806515624999 0.07087071406249999 0.8042278796875 0.032858825 0.8064133390625001 0.0336016671875 0.82464399375 0.04554965625 0.8282870171875001 0.05539095000000001 0.8295483828125001 0.079572259375 0.8269328125 0.0910223515625 0.822050484375
0 0.23005157031249998 0.927191003125 0.2224908703125 0.9230469921875001 0.19905916562499998 0.9181387640625 0.182141565625 0.917875390625 0.161771840625 0.9222494734375 0.15942878124999998 0.9257591 0.1637247578125 0.9326596140625 0.19312370625 0.9376976796875001 0.2262246453125 0.93559035625 0.23047349687500002 0.9329599875 0.23005157031249998 0.927191003125
0 0.3888256046875 0.9541986390625 0.3896376765625 0.9460478562500001 0.3772812640625 0.940019196875 0.3665183078125 0.9380047109375 0.3265909296875 0.9386020953124999 0.3242325265625 0.9522695890625 0.341572053125 0.9583019484375 0.35245994375 0.9590624671875 0.36464430000000003 0.956814209375 0.377500446875 0.957827003125 0.3888256046875 0.9541986390625
0 0.521149603125 0.9565737828125 0.505466 0.9539286140625001 0.5008576890625 0.9501630140625 0.47058420312499993 0.9539027140625 0.455994321875 0.9602875828125 0.45924370156250005 0.9676889453124999 0.478426553125 0.97522754375 0.5028577296875001 0.9701040421875 0.5155889453125 0.972370803125 0.5252581796875 0.96535525 0.52471131875 0.9608402312500001 0.521149603125 0.9565737828125
0 0.6710986812499999 0.9821229375 0.6660059765625 0.9732153359375 0.6552430203124999 0.9712008515624999 0.6457765281250001 0.9661775828125 0.6156904437499999 0.9680363328125001 0.59735144375 0.97203570625 0.6025066171875 0.9803163265625001 0.6157846921875 0.9870981046875 0.6402629937500001 0.9915054874999999 0.6538062796874999 0.9856214640625 0.6626009765624999 0.9873836765625 0.6710986812499999 0.9821229375
0 0.5362236359375 0.8753023499999999 0.53247451875 0.872916853125 0.49415594062499996 0.8673705421875001 0.4823310453125 0.8760147703125 0.4813315734375 0.886046503125 0.501998290625 0.888695371875 0.5360208937500001 0.8873411687500001 0.5394730171875 0.8827037109375 0.5362236359375 0.8753023499999999
0 0.6740017500000001 0.8929614812500001 0.6507574453125 0.8861723015624999 0.636979634375 0.8844063890625 0.6206713625 0.888031053125 0.610814725 0.896927553125 0.6281542531250001 0.9029599125000001 0.6247645953125 0.906970384375 0.6374958109375 0.9092371453125001 0.658599796875 0.9074971312500001 0.6652388359375 0.9108880218750001 0.673236803125 0.9106431484374999 0.6811876484375 0.9008673890625 0.6740017500000001 0.8929614812500001
0 0.4142862640625 0.8587111703125 0.40519457656249996 0.8499260046874999 0.36453293593749997 0.8478893187500001 0.32724561093750004 0.8520000281250001 0.3267458734375 0.8570158921875001 0.34046121875 0.8594087890625 0.35841007343750003 0.869329184375 0.37028209375 0.8702158421874999 0.39058935 0.8664687437499999 0.41249006406250005 0.866735815625 0.4142862640625 0.8587111703125
0 0.24745180000000003 0.8325753265625 0.20329091250000003 0.8256452109374999 0.18254638437499998 0.8337811921875 0.1762514640625 0.846944140625 0.1854209640625 0.8449444546875 0.1985741046875 0.8529802015625 0.206447140625 0.8539892921875 0.24601505937499998 0.846995940625 0.25007650937500003 0.8462465203124999 0.251013515625 0.8368417718750001 0.24745180000000003 0.8325753265625
0 0.248136740625 0.745669528125 0.24187250625 0.7385167390625 0.2073501671875 0.7448868078124999 0.185886721875 0.7402308515625 0.20038345156249998 0.754788703125 0.22375268906249998 0.760323915625 0.2623211359375 0.763362296875 0.2743958984375 0.7522101343750001 0.257306240625 0.7436698421875 0.248136740625 0.745669528125
0 0.2726753125 0.6694409453125 0.25816324062499996 0.6650409625 0.212393553125 0.6642545421875 0.1991472609375 0.6771615171875001 0.219813978125 0.6798103875 0.23616937500000001 0.685716609375 0.2582574921875 0.684102734375 0.265818190625 0.6882467421875 0.2822513984375 0.6833681140625 0.2847818578125 0.6779775375 0.2726753125 0.6694409453125
0 0.27179662968749996 0.5982293140625 0.2562226171875 0.604488046875 0.240289146875 0.604350809375 0.2217156234375 0.600700246875 0.2281047921875 0.60659906875 0.254785878125 0.6189086609375 0.2599410484375 0.6271892796875 0.28202916562499997 0.625575403125 0.2983374390625 0.6219507390625 0.3009303671875 0.61593318125 0.27179662968749996 0.5982293140625
0 0.2660329828125 0.5460365828125 0.21785776874999999 0.5493867734375 0.289918396875 0.5764025515625 0.29410478125 0.574399165625 0.3071012078125 0.5640001234375001 0.296228659375 0.5530817359375 0.2660329828125 0.5460365828125
0 0.29691804843749997 0.490980775 0.29754271875 0.48471094375 0.28081251875 0.48256661875000006 0.2643168453125 0.48807223437499997 0.232200034375 0.49030569375 0.26047457500000004 0.5066294578125 0.29602816875000004 0.5099164093749999 0.30722839375 0.5075420140625 0.309633921875 0.5034054046875001 0.29691804843749997 0.490980775
0 0.6936668015625 0.8256330999999999 0.68654336875 0.8171002078124999 0.672218696875 0.8108192750000001 0.6456472046874999 0.8074135874999999 0.630869921875 0.8156794046875 0.6158581125 0.8162952890625 0.612530921875 0.8196787765625 0.6267306593749999 0.8272136765625 0.6532396859375 0.8312463484375 0.6731721421875 0.8312611499999999 0.681419978125 0.8285083421874999 0.69230786875 0.8292688625 0.6936668015625 0.8256330999999999
0 0.7018346328125 0.7536561640625 0.663703453125 0.7462289015625 0.6486916468749999 0.746844784375 0.6431463296875 0.752483934375 0.6350858921875 0.7533557890625 0.6664377578125 0.7688039984375 0.69307171875 0.7715827046875 0.7136913109374999 0.7647006890625 0.7103794640625 0.7579263093749999 0.7018346328125 0.7536561640625
0 0.6935692578125 0.68655785625 0.6713715515625001 0.6792678296875 0.6487837 0.685897571875 0.6532670781250001 0.6909171390625 0.6704816703125 0.6982034625 0.7135334953125 0.7062614093749999 0.7204377453124999 0.6969864984374999 0.713626646875 0.6853186906250001 0.6935692578125 0.68655785625
0 0.71857688125 0.6256291453125 0.686412946875 0.6183317203125 0.6783525109374999 0.619203575 0.6549525890625 0.6339840999999999 0.6652158109374999 0.641014453125 0.6999726734375 0.6422943203125 0.7041590578125 0.6402909328125 0.71387541875 0.642806265625 0.7272937703125 0.638176209375 0.726996778125 0.63115325625 0.71857688125 0.6256291453125
0 0.7204497937500001 0.56681515625 0.69708055625 0.56127994375 0.677273034375 0.5600111765625 0.6681035343749999 0.5620108625 0.6894267046875 0.5780786546875001 0.7150140687500001 0.5813582078125 0.7340873296875 0.579992903125 0.7365553234375 0.5752293125 0.7204497937500001 0.56681515625
0 0.4115727765625 0.7710621828125 0.39140579531249997 0.763397446875 0.379955703125 0.7682797765625 0.3475265578125 0.7736481515625 0.387985453125 0.7877236562500001 0.3958584890625 0.78873275 0.408167778125 0.785230525 0.42292971875 0.7871225749999999 0.43222415156249994 0.7838689203125 0.43045863593749994 0.7715778281250001 0.4115727765625 0.7710621828125
0 0.42905915781250004 0.6904273859375001 0.41490654375 0.692423371875 0.40119119999999997 0.690030475 0.37719729375 0.6907650953125 0.36555979843749997 0.697528375 0.38296179375 0.7029337499999999 0.38602377187500003 0.7122160640625 0.41437612343749997 0.7177549765625 0.4308717984375 0.7122493624999999 0.44249394999999997 0.7156439531250001 0.4501949265625 0.7083761265625 0.4497730015625 0.702607140625 0.42905915781250004 0.6904273859375001
0 0.4578308171875 0.641738309375 0.4318686515625 0.64222065625 0.41520091875 0.6394493484375 0.38886395 0.643693596875 0.388911075 0.65322448125 0.4036105484375 0.655743515625 0.41313950781250003 0.660139796875 0.43700848125 0.6606591421875 0.4664227703125 0.6555393406250001 0.46421998750000004 0.6476371328125 0.4578308171875 0.641738309375
0 0.43883469843749995 0.5723021984375001 0.3983451171875 0.5785424328125 0.40670254687499996 0.5846935281250001 0.4249637359375 0.5914790078125 0.46211078437499997 0.5987801328125 0.4746074734375 0.59339695625 0.47535707812499994 0.58587315625 0.46509385625000005 0.5788428046874999 0.43883469843749995 0.5723021984375001
0 0.4525002921875 0.5051672984375 0.44751717968750004 0.505163596875 0.438644671875 0.5141862374999999 0.4196963453125 0.514297571875 0.42024320625 0.5188125921875 0.43745779999999995 0.52609891875 0.46593508593750005 0.530383865625 0.479962765625 0.5296418453125 0.48427408437499997 0.5263844921875 0.4525002921875 0.5051672984375
0 0.7404250078125 0.9865636203125 0.7363524875 0.9919058953125001 0.7918029109375 0.991260671875 0.78822541875 0.9869753296875 0.77752493125 0.9843338625 0.748610378125 0.9844377984375001 0.7404250078125 0.9865636203125
0 0.8063441390625 0.9251636624999999 0.811577121875 0.9226594296874999 0.8111551921875 0.9168904437500001 0.7997829109375 0.9109879234375 0.7592462046875 0.9076972671875 0.742828340625 0.902418028125 0.7395636171875 0.905174534375 0.7500613625 0.9198548234375 0.7473435 0.92712635 0.7748366546875001 0.9312851578125001 0.7897859984375 0.9312962578124999 0.796252978125 0.9264102296875001 0.8063441390625 0.9251636624999999
0 0.820869359375 0.8393967953124999 0.7787391968749999 0.83209196875 0.748715578125 0.8333237359375 0.750371503125 0.836710925 0.7459977171875 0.8405952624999999 0.7554642078125 0.8456185265625 0.75010629375 0.8493767265625 0.7519496171875 0.8508829671875 0.7954387109375001 0.8545520296875001 0.8225724078125 0.8523148687500001 0.8244935421875 0.8430362578124999 0.820869359375 0.8393967953124999
0 0.8183838265625001 0.774309275 0.786329484375 0.77591575 0.7594303124999999 0.7858028453125 0.8107299765624999 0.791107984375 0.8154632218750001 0.79361961875 0.8228518625 0.7894867078125001 0.8368795406249999 0.7887446890625001 0.8375042109375 0.7824748546875 0.8328958999999999 0.77870925625 0.8183838265625001 0.774309275
0 0.8235214624999999 0.7127387781250001 0.806853728125 0.7099674734375 0.7771271046875 0.7182221921874999 0.80958803125 0.7325425703125 0.8306920171875 0.73080255625 0.842189234375 0.7354511125000001 0.8506244734375 0.7308173578125 0.8511866765624999 0.7251745078125 0.8235214624999999 0.7127387781250001
0 1 0.1628289921875 0.9873866515625 0.158440853125 0.9771858984374999 0.15078351875 0.9626113593750001 0.14701051874999999 0.9385549859375001 0.14837212187499998 0.9636897390625 0.16619842499999998 0.9978843984375001 0.173121140625 1 0.1726244515625 1 0.1628289921875
0 1 0.0941243515625 0.991243165625 0.08972126875 0.95198758125 0.09357970625 0.9578298921874999 0.094963509375 0.9697490359375 0.1053810515625 0.9901658843750001 0.110537853125 1 0.11013439375 1 0.0941243515625
0 0.908576296875 0.079125790625 0.8684768609375 0.07144625624999999 0.85605798125 0.06604457968750001 0.85163706875 0.0603980296875 0.8475131499999999 0.061774434375 0.85357464375 0.0809660421875 0.8695552390625 0.0906341625 0.8873945015625001 0.09165065624999999 0.90967001875 0.08815583125000001 0.9121380140625 0.0833922375 0.908576296875 0.079125790625
0 0.7760465078125 0.048804559375 0.7506465437500001 0.04364405625 0.7435077703124999 0.045269034375 0.763034740625 0.06936147031249999 0.7937926203125001 0.0707637734375 0.80093139375 0.0691387953125 0.8014311281250001 0.0641229296875 0.7760465078125 0.048804559375
0 0.6819448890625 0.032933540625 0.667682684375 0.026025626562499998 0.6418454515625001 0.02525400625 0.6532023921875 0.0413143953125 0.69348923125 0.047112981250000005 0.6991594828125 0.0402198671875 0.6908645203125 0.0334417875 0.6819448890625 0.032933540625
0 0.47833839375 0 0.48838373593749995 0.0049497046875 0.493413971875 0.014484290624999998 0.5121595546875 0.026411771875 0.546119690625 0.025684553125 0.55442999375 0.0223047609375 0.5548672640625 0.0179158796875 0.5503214203125 0.013523296874999998 0.5053013359375 0.005213078125 0.4966940390625 0.001569915625 0.4800502421875 0 0.47833839375 0
0 0.1885694859375 0.02303635625 0.16557505156250002 0.01373924375 0.12742852968750001 0.01646985 0.12416380625000001 0.01922635625 0.12674139375 0.023366665624999998 0.1514542203125 0.035423984375 0.169231015625 0.037067460937500005 0.19611484375 0.037338234375 0.20042616406249997 0.03408088125 0.1885694859375 0.02303635625
0 0.19380466406250002 0.10054110624999998 0.1981784515625 0.09665676875 0.196834859375 0.09013466249999999 0.1767928140625 0.0812159609375 0.1513303828125 0.0766824421875 0.1306012 0.07466055625 0.11847931249999999 0.07628183125 0.13900575312500002 0.0903425359375 0.1315546453125 0.095102428125 0.1420677328125 0.0996248484375 0.153939753125 0.1005115046875 0.16809236562500002 0.09851551875 0.18174524375 0.1015353984375 0.19380466406250002 0.10054110624999998
0 0.3456729234375 0.1168312328125 0.3118530640625 0.10614661875 0.27795539687500004 0.106246853125 0.26922316562500004 0.1038576578125 0.2678642359375 0.1074934203125 0.289437271875 0.121053278125 0.3097291875 0.127464046875 0.32763091875 0.127853559375 0.3466417109375 0.1271152375 0.34910970625000004 0.12235164531250001 0.3456729234375 0.1168312328125
0 0.5167240343749999 0.140659959375 0.5172237703125 0.1356440953125 0.4926830046875 0.1318636921875 0.4775462609375 0.13373354375 0.46014426718749996 0.12832816875 0.46431531093749995 0.13648264999999998 0.48471681718750004 0.151797321875 0.519161346875 0.156212103125 0.5302366375 0.15509167343750002 0.534797825 0.1493263875 0.5167240343749999 0.140659959375
0 0.63761675625 0.15773246406250002 0.6030472921875 0.1545716484375 0.6017508281249999 0.157580428125 0.6241205937500001 0.1731473734375 0.667297353125 0.1799513515625 0.6797940437500001 0.174568175 0.6668907703125 0.164024496875 0.63761675625 0.15773246406250002
0 0.766615090625 0.18348352031249998 0.7442299828125 0.1780744453125 0.723922725 0.18182154374999998 0.7378101296875 0.192491359375 0.756133784375 0.19864985468750002 0.7699740625 0.1997887859375 0.781111821875 0.19804137187499998 0.7825956875 0.1931516421875 0.766615090625 0.18348352031249998
0 0.85788925625 0.1977221609375 0.83862859375 0.20096841406250002 0.8559527796875 0.21715864218749997 0.8897879796874999 0.2176853875 0.8972390890625 0.212925496875 0.8861791406249999 0.20388805625 0.85788925625 0.1977221609375
0 0.8896608515625 0.1389303734375 0.8619956375 0.12649464531250001 0.8487646859375 0.1292437515625 0.848389884375 0.1330056515625 0.857294171875 0.143671765625 0.8723531046874999 0.15258676875 0.8831785296874999 0.1539742703125 0.9056414484375 0.1485984953125 0.9005487406249999 0.1396908921875 0.8896608515625 0.1389303734375
0 0.7818592296875 0.110508590625 0.776438846875 0.1148937734375 0.764566828125 0.1140071171875 0.749195559375 0.10822703281249998 0.7247643828125 0.1133505328125 0.7324500171875 0.1162405765625 0.7457752171875 0.1325532390625 0.759865365625 0.1311842359375 0.7844061296875 0.1349646375 0.7907481765625 0.131332575 0.7917476484375 0.1213008421875 0.7818592296875 0.110508590625
0 0.6801191015625 0.10127841562499999 0.6533130828125 0.0902227890625 0.6212587375 0.0918292671875 0.6208839375 0.095591165625 0.6275854437499999 0.098355071875 0.6392547171875 0.111280546875 0.670746859375 0.11531691875000001 0.6840402765625 0.11194082968750001 0.684602478125 0.10629798125 0.6801191015625 0.10127841562499999
0 0.494555915625 0.07304970625 0.46576629531249997 0.0718996765625 0.4921350453125 0.0873441828125 0.5295319640625 0.092137375 0.5369830703125 0.08737748437500001 0.5277664484375 0.07984628437499999 0.494555915625 0.07304970625
0 0.311460725 0.0400574046875 0.289809878125 0.037282398437499996 0.28667009062500004 0.0387849375 0.2899819375 0.045559315625 0.3019635484375 0.055349873437499995 0.348889425 0.06453935 0.3516072890625 0.05726782500000001 0.3445463234375 0.0481079484375 0.311460725 0.0400574046875