0 0.11495355 0.027602559375000002 0.12924835625 0.033880953125 0.159883734375 0.0371156625 0.1846396375 0.0307213859375 0.18519974687500002 0.026541378124999997 0.176769040625 0.024061521875 0.1784647390625 0.017351949999999998 0.169823990625 0.016439596875 0.1676928375 0.020453721875 0.158632009375 0.0226763734375 0.13726750000000001 0.015651509375 0.1206315015625 0.0149547421875 0.11300169062500001 0.018388278124999997 0.1115860453125 0.0230078453125 0.11495355 0.027602559375000002
0 0.0949006 0.11185785156250001 0.12347483749999999 0.1185841875 0.1421019640625 0.116311828125 0.14894625156250002 0.112795353125 0.14514329374999999 0.10550519375 0.134566059375 0.10120900937499999 0.13462069999999998 0.0948560578125 0.11185591875 0.098281209375 0.1066373171875 0.0956106171875 0.09714103125 0.095137821875 0.08865568593749999 0.09901091875 0.0864545203125 0.10354754375 0.0949006 0.11185785156250001
0 0.23655413906249997 0.035673009374999995 0.2274232953125 0.0384181609375 0.2302306921875 0.047192882812499996 0.23595476249999997 0.0520364203125 0.25410716875 0.059252021875000005 0.279959396875 0.062511584375 0.3037197390625 0.05760186874999999 0.304785315625 0.055594806249999996 0.30035223437499997 0.0530071546875 0.29007042968749996 0.0524514203125 0.2795632078125 0.0476327359375 0.2656338421875 0.0445722890625 0.262336353125 0.039455075 0.2669641 0.034644771875 0.26146544375 0.034064182812499996 0.25790327031250004 0.036867423437500005 0.2497679921875 0.0381280140625 0.23655413906249997 0.035673009374999995
0 0.221994871875 0.1276124125 0.23735525468750002 0.13188374375 0.25327574531249997 0.131975065625 0.270417215625 0.1348447765625 0.2907554109375 0.13169329999999999 0.29175097499999997 0.1302087390625 0.2838103640625 0.12407137500000001 0.26223581406249996 0.11861401406250001 0.25935840468750004 0.11036179374999999 0.24893657187499998 0.11085105937499999 0.222104153125 0.1149065078125 0.21791185937500002 0.12241225625 0.221994871875 0.1276124125
0 0.34264579687499996 0.0643614390625 0.3831428984375 0.071286890625 0.391768271875 0.0663687921875 0.4106054390625 0.06252893281250001 0.40187930312500003 0.056308628125 0.372224115625 0.045758906249999995 0.34202419375000004 0.045219640625 0.3344797703125 0.053961126562499996 0.333779634375 0.0591861375 0.34264579687499996 0.0643614390625
0 0.329507146875 0.144577753125 0.344377434375 0.152506590625 0.357015809375 0.1533111515625 0.37159066875 0.157499540625 0.377143965625 0.1517271765625 0.39006239374999996 0.1504417328125 0.3892614984375 0.1445283390625 0.35738976875 0.132684790625 0.34668788125 0.1352640609375 0.33425954999999996 0.1328919984375 0.326839778125 0.1347580328125 0.32613964375000004 0.1399830390625 0.329507146875 0.144577753125
0 0.092113771875 0.19210740312500002 0.1325254859375 0.1937249046875 0.1403653375 0.1887238671875 0.1564258546875 0.18777018750000002 0.142986584375 0.1810522359375 0.12635058593749998 0.18035546875 0.11362682500000001 0.174242959375 0.0986318828125 0.1731895765625 0.088000009375 0.17524634375 0.0703530734375 0.1702036890625 0.07024379375 0.18290959375 0.078324434375 0.1880019546875 0.092113771875 0.19210740312500002
0 0.20573447968749997 0.20622389531250002 0.21859826718750003 0.211291403125 0.255517825 0.21518964375 0.26777538125 0.206945803125 0.2854069453125 0.206158009375 0.2679000359375 0.20007035312500002 0.26538806875 0.19503607812499998 0.25924391406249997 0.193327546875 0.24096685624999997 0.19298739843749999 0.235903653125 0.19510225625 0.2241208171875 0.1938581375 0.21611019062499998 0.188243275 0.2066839203125 0.1872479796875 0.1949864703125 0.191311809375 0.19514187031250002 0.196097259375 0.20573447968749997 0.20622389531250002
0 0.3088633390625 0.221352153125 0.31650852500000004 0.22374906718749998 0.3469338609375 0.22855128125 0.3706241890625 0.224164065625 0.3759674484375 0.21995920781249997 0.38232164062499996 0.22010023437499998 0.37481648125 0.2166583171875 0.3620380828125 0.21689875937499997 0.356384025 0.211532721875 0.3403235078125 0.21248640000000002 0.3253131921875 0.205602565625 0.31660243125 0.20521271093750001 0.3107537046875 0.207244628125 0.304780328125 0.216151996875 0.3088633390625 0.221352153125
0 0.321109571875 0.28453505 0.36902644375000004 0.28959446875 0.36394786875 0.2858788734375 0.368000134375 0.279418128125 0.3809185609375 0.278132684375 0.378266565625 0.2741434140625 0.373693459375 0.2726007625 0.35899394375 0.2752878265625 0.34956767499999997 0.27429253125 0.33312634218750004 0.2661978125 0.33127524375 0.2681219328125 0.3226344953125 0.267209578125 0.3206279953125 0.2643482515625 0.3164903421875 0.2655010484375 0.3033772484375 0.27418444375 0.30903130624999997 0.27955048437499996 0.321109571875 0.28453505
0 0.1979083390625 0.270574446875 0.2253316140625 0.2739998921875 0.2400311265625 0.2713128296875 0.24273775937500003 0.2689491484375 0.24237232031249997 0.2657312015625 0.225285490625 0.25650853906250004 0.21107607343749998 0.255538096875 0.199643303125 0.251681471875 0.182011740625 0.25246926875 0.1789550375 0.257445453125 0.1808215109375 0.261351784375 0.1979083390625 0.270574446875
0 0.0645641796875 0.24907647187499998 0.08371215 0.2548075125 0.10085361562499999 0.2576772203125 0.11520306093749999 0.25760266249999997 0.13166828749999998 0.247683528125 0.13116281875 0.2455105828125 0.11923995312499999 0.24531146406249998 0.1125903328125 0.24142998906250002 0.0885191890625 0.236768803125 0.08195495625 0.2381952765625 0.0624569203125 0.23507674218750002 0.054041585937500004 0.23842733593749998 0.05655355468749999 0.243461609375 0.0645641796875 0.24907647187499998
0 0.1016237640625 0.2519297125 0.10139835156250002 0.24766676250000003 0.09853631562500001 0.24524499375 0.0936831546875 0.24579235000000002 0.092772978125 0.252584859375 0.097346084375 0.254127509375 0.1016237640625 0.2519297125
0 0.0815207390625 0.3234622734375 0.10515642656249999 0.32542801250000003 0.13905854687500002 0.3221190359375 0.129702290625 0.32060123906250004 0.1123354078125 0.31346858125 0.1096133984375 0.31000180781250003 0.0662696359375 0.30648504062500004 0.054852239062499995 0.30845886562499997 0.060801724999999994 0.317565353125 0.0815207390625 0.3234622734375
0 0.16849227656250002 0.3236371859375 0.18978677187499998 0.3311845515625 0.2202821203125 0.3354642625 0.23321592343750003 0.3400092703125 0.2345615546875 0.33591220625 0.22133232343749998 0.32762674999999997 0.218174859375 0.321464534375 0.20431550937499998 0.3178815875 0.1916617625 0.3112465765625 0.1829510015625 0.310856721875 0.1648993578125 0.314779525 0.16498474375 0.3200874734375 0.16849227656250002 0.3236371859375
0 0.28183293125 0.33984368125 0.2981888765625 0.3426304484375 0.3437184328125 0.33578014375 0.352468459375 0.3239865921875 0.335677059375 0.318504378125 0.32769718124999997 0.3245504171875 0.284508815625 0.325819096875 0.2733168359375 0.3320558734375 0.2751833078125 0.33596220312499997 0.28183293125 0.33984368125
0 0.38920020625 0.36495754375 0.422402190625 0.366873575 0.4429504296875 0.362154596875 0.44401600625000004 0.36014753437499997 0.44365056562499994 0.3569295859375 0.4290757046875 0.3527411984375 0.42727924531249994 0.34831236875 0.42990049375000006 0.3406407375 0.42476727812500004 0.34327809375 0.42314159218749997 0.3494651625 0.41151415625 0.35300649375000004 0.38395085624999997 0.3506260484375 0.37539549375000003 0.3550216453125 0.3748353859375 0.3592016515625 0.38920020625 0.36495754375
0 0.29111750937499997 0.395403040625 0.3237593875 0.40149908125 0.33910439531250003 0.39993995781249997 0.3418110328125 0.39757627812499996 0.3283717609375 0.39085832656249997 0.3126613109375 0.38919950000000003 0.304510659375 0.384629640625 0.2929378625 0.38181801875 0.2865136546875 0.3821994890625 0.27888384374999997 0.3856330234375 0.2784637625 0.3887680296875 0.29111750937499997 0.395403040625
0 0.1937981078125 0.3904262703125 0.223787990625 0.39253303906250003 0.2251336203125 0.38843597343749997 0.2153265359375 0.3783922796875 0.18760783281249999 0.371226384375 0.16475766875 0.3693435890625 0.16121086874999999 0.3779772796875 0.178437725 0.3861549421875 0.1937981078125 0.3904262703125
0 0.06118483125 0.3753641921875 0.0868270203125 0.3801912578125 0.10595961406250001 0.38009184375 0.1065197234375 0.3759118375 0.0990692046875 0.36611696718750003 0.0754335171875 0.3641512296875 0.0593576265625 0.359274459375 0.0504368234375 0.36045210625 0.0480956296875 0.36603373437500003 0.0501021296875 0.3688950609375 0.06118483125 0.3753641921875
0 0.0363265046875 0.42413912812500004 0.07631813750000001 0.4288916359375 0.1030805421875 0.4253586875 0.098857503125 0.4212035328125 0.0869346375 0.421004415625 0.0717142828125 0.415688084375 0.0675612546875 0.4110104296875 0.048864115624999996 0.4138052859375 0.034794725 0.41178984375 0.0305170453125 0.4139876390625 0.0286813203125 0.42174221406249995 0.0363265046875 0.42413912812500004
0 0.0335874578125 0.46836096875 0.05208993125 0.472964065625 0.0829353484375 0.474631275 0.0894995828125 0.4732048015625 0.0846310484375 0.46792170312500003 0.07691585 0.4660472859375 0.06904525 0.459387421875 0.044118571875 0.4551657984375 0.028843575 0.45620242031249997 0.0245658953125 0.4584002171875 0.024791310937499998 0.462663165625 0.0335874578125 0.46836096875
0 0.0170351828125 0.5264912171875 0.024260287499999998 0.532023140625 0.038189651562499996 0.5350835859374999 0.0602542953125 0.536883440625 0.07509383593749999 0.533151375 0.07157093125 0.5237712109375 0.0412156078125 0.5184464984375 0.020371940625 0.5194250296875 0.016024246875000002 0.5221453281249999 0.0170351828125 0.5264912171875
0 0.16839900000000002 0.4444430453125 0.1997652609375 0.4541136484375 0.21097261562499997 0.4537073234375 0.2193879484375 0.45035672812499994 0.217661503125 0.44540539843750004 0.20608870625 0.442593775 0.19856817499999999 0.43332140625 0.1859998140625 0.4319943453125 0.1794902203125 0.4270678671875 0.1667818328125 0.42678580625 0.155154396875 0.43032713749999996 0.1529532296875 0.43486376406250005 0.16839900000000002 0.4444430453125
0 0.2803342921875 0.4699314859375 0.3181093828125 0.47339016718750004 0.33494005 0.4666889765625 0.3369311765625 0.4637198546875 0.33120710625 0.45887631874999996 0.304273925 0.45179336562500005 0.30012089999999997 0.44711570937499995 0.2762205296875 0.4530704265625 0.26450770625 0.45130380625 0.25773343125000003 0.4542977828125 0.260105371875 0.46037705781250005 0.2803342921875 0.4699314859375
0 0.2773709703125 0.515827071875 0.29886012968750003 0.515976484375 0.30862109375 0.508528825 0.304118 0.5064636734375 0.2904840640625 0.5071436734375 0.26641292031249997 0.5024824906250001 0.2542646421875 0.4980204265625 0.2486259578125 0.49848483750000006 0.2444336640625 0.5059905875 0.2472957 0.50841235625 0.2773709703125 0.515827071875
0 0.1466087921875 0.498840871875 0.18380840468749998 0.5006491078125 0.1951557875 0.49919778125000003 0.2014946078125 0.4935083609375 0.190917371875 0.48921217656250005 0.16270857656249998 0.48570378906249995 0.1514312078125 0.48663261406249997 0.1430158734375 0.48998320937499995 0.139959171875 0.49495939531250005 0.1466087921875 0.498840871875
0 0.1409684453125 0.552824346875 0.1747459125 0.556390821875 0.1923621015625 0.5497725765625 0.16556895 0.5416446203125 0.1380756625 0.538741675 0.12794925625 0.542971390625 0.12503258125 0.5469025734375 0.1409684453125 0.552824346875
0 0.22903235312499998 0.5674217234375 0.272306103125 0.5714609921875 0.279585846875 0.5706399625 0.28321803125 0.567314221875 0.282487146875 0.5608783265625 0.227500575 0.5550724375 0.22243737187499998 0.5571872953125 0.22266278593750002 0.5614502406249999 0.22903235312499998 0.5674217234375
0 0.23112257656250002 0.6291100640625 0.24962505 0.633713159375 0.2630489453125 0.6346006609375 0.2813106296875 0.62911035625 0.24851335156249998 0.6182288687499999 0.21808801562500002 0.6134266562499999 0.2149612984375 0.6189253421875 0.21839881718749998 0.6229975546875 0.23112257656250002 0.6291100640625
0 0.152710353125 0.6197709328125 0.17334397968749998 0.620359903125 0.1825294609375 0.6112617984375001 0.1805229625 0.6084004703125 0.144949034375 0.6004051640625 0.1324506890625 0.5985556046875 0.1274574984375 0.600147959375 0.12026314375 0.6062769390625 0.1227050984375 0.6118337140625 0.152710353125 0.6197709328125
0 0.0675477484375 0.5954119234374999 0.0728209921875 0.5917295640625 0.05873622656250001 0.58388366875 0.0443167671875 0.5844807296875 0.021451228125 0.57676748125 0.0178736828125 0.5737402703125001 0.01387605625 0.573848065625 0.0133600375 0.5740017109375 0.013777628125 0.591943090625 0.022928365625 0.59546971875 0.0375732421875 0.5991356078125001 0.048780596875 0.5987292828124999 0.0675477484375 0.5954119234374999
0 0.015419934375 0.6625032859375 0.0336047 0.6644233671875 0.056354104687499997 0.6551677625 0.014987751562500002 0.6439348953125 0.015419934375 0.6625032859375
0 0.11680007187500001 0.67373764375 0.1250907515625 0.6772625031249999 0.1563716234375 0.68162515625 0.1710011234375 0.67946059375 0.1717012578125 0.6742355859375 0.160408515625 0.6693339609375 0.1208369625 0.6614464453125 0.1159137875 0.662516303125 0.1126470453125 0.6690599890625 0.11680007187500001 0.67373764375
0 0.21480854218749998 0.685462359375 0.2261012859375 0.6903639859374999 0.2453892796875 0.6950500234375 0.261449796875 0.69409634375 0.26986513125 0.6907457499999999 0.2693442890625 0.6827423546875 0.23905897812500002 0.6768951390625 0.2177098453125 0.6757007265625 0.21285668281249998 0.6762480796875 0.2113710234375 0.6813901484375 0.21480854218749998 0.685462359375
0 0.21685519375 0.7415306984375001 0.2335765796875 0.747535415625 0.25900872812500003 0.7539299859375 0.280412503125 0.7487714453125001 0.25346395 0.7358580421875 0.22082207187499997 0.7297620031250001 0.214047796875 0.7327559796875 0.2133476625 0.7379809875000001 0.21685519375 0.7415306984375001
0 0.15074665 0.741439084375 0.1715749421875 0.7346301000000001 0.17470165937499998 0.7291314140625 0.1690476015625 0.723765378125 0.1338937546875 0.7126350640625 0.1260385296875 0.7118056515625 0.1201898046875 0.7138375671875 0.1110743359375 0.7224131703125 0.11952041718749999 0.7307234796875 0.15074665 0.741439084375
0 0.01620795 0.6963596437499999 0.0165336421875 0.71035270625 0.0385108390625 0.7110421234375 0.0528449109375 0.7051371140625 0.0480463890625 0.6993315140624999 0.01620795 0.6963596437499999
0 0.0334305984375 0.7608455937499999 0.03476085625 0.750918075 0.029192185937499997 0.7508599874999999 0.023498859375 0.757677353125 0.0176367203125 0.7577454218749999 0.01810153125 0.777715571875 0.049241809375 0.77364281875 0.0439378203125 0.765664278125 0.037723653125 0.7644782453125 0.0334305984375 0.7608455937499999
0 0.0368664546875 0.8184368687499999 0.03393440625 0.8165375984375001 0.01896178125 0.8146754234375001 0.01937260625 0.832326140625 0.0214121671875 0.8327018921875 0.0439669046875 0.8308442421875 0.038888328124999996 0.8271286484375 0.0368664546875 0.8184368687499999
0 0.12204609687500001 0.795107265625 0.16224777031249998 0.7982922703125 0.16987758125000002 0.7948587359375 0.16600460781249998 0.7880910765625 0.14806224375000002 0.7793079734374999 0.12235004375 0.7750034078125 0.11143811562499999 0.7791501796875 0.1089568953125 0.7857768078125 0.12204609687500001 0.795107265625
0 0.10802968125000001 0.8402579328125 0.14873682500000002 0.84561588125 0.1654274640625 0.8399596953125 0.169915184375 0.8361943937499999 0.16862419374999998 0.8339385078125 0.1556903921875 0.8293934999999999 0.11519329062500001 0.8224680484375 0.1094845921875 0.8234549624999999 0.1008045796875 0.8347260125 0.10345657500000001 0.8387152828125 0.10802968125000001 0.8402579328125
0 0.219310859375 0.8064369890625 0.2338003328125 0.8053174265624999 0.2565804828125 0.807722725 0.2677024515625 0.80200845 0.2733411359375 0.8015440359375001 0.22176133281250002 0.7881494578125 0.21112945781249998 0.7902062234375 0.20671175156250002 0.7934490265624999 0.207512646875 0.7993624171875 0.219310859375 0.8064369890625
0 0.21256893125 0.8603041499999999 0.25242053750000004 0.8661016609375001 0.2572737 0.86555430625 0.2617614203125 0.8617890046875001 0.2353183375 0.8510485453125 0.2069695125 0.8485851609375 0.2001952390625 0.8515791359374999 0.2006306921875 0.8542745828125 0.21256893125 0.8603041499999999
0 0.48256974531249996 0 0.48853888593750006 0.004098896875 0.4985406375 0.0067446359375 0.5315325828125 0.0102281703125 0.5452365328125001 0.00902566875 0.5726990703125 0.0002677109375 0.5723303109375 0 0.48256974531249996 0
0 0.45500626093749996 0.0878829453125 0.49813998281250005 0.09296721875 0.5324775609375 0.0923536875 0.5315366375 0.0874852953125 0.527749053125 0.0860255875 0.49289063437499997 0.0786357234375 0.48095239687499997 0.07260615468750001 0.457036653125 0.0727304203125 0.44483373593750003 0.07462130624999999 0.4491421625 0.08408441093749999 0.45500626093749996 0.0878829453125
0 0.43342153124999994 0.15978895312500002 0.44335327031249994 0.16295719375 0.4765552546875 0.1648732265625 0.4996701 0.1588355671875 0.4991646328125 0.156662621875 0.48202316562499997 0.1537929109375 0.4758636390625 0.146253928125 0.46057042968750006 0.1494081984375 0.43559194999999995 0.143591425 0.4269665765625 0.148509521875 0.4270519640625 0.15381747343750002 0.43342153124999994 0.15978895312500002
0 0.4285581890625 0.2376996765625 0.464116740625 0.23986453281250003 0.4977934484375 0.23229260468750002 0.49385046250000003 0.2260474484375 0.48613526250000005 0.2241730328125 0.44415250312500004 0.2223896484375 0.4287921203125 0.21811831874999998 0.424514440625 0.22031611718750002 0.41910117031249994 0.2250434765625 0.41812097968749995 0.23235849062499997 0.4285581890625 0.2376996765625
0 0.41314150312500003 0.2933003609375 0.420506634375 0.29778727968749996 0.43651251249999995 0.303186553125 0.44829534843749996 0.304430671875 0.4578616453125 0.3043809671875 0.4728412125 0.2996038984375 0.47169024843749996 0.2963030109375 0.456765321875 0.2947271265625 0.4461180734375 0.29095344375 0.43760198125 0.2831656359375 0.4276702421875 0.2799973953125 0.425018246875 0.276008125 0.41080882812499997 0.27503768281249996 0.4058856515625 0.27610753906249996 0.40633648125 0.2846334359375 0.41314150312500003 0.2933003609375
0 0.3891285296875 0.4189991078125 0.42611810156249996 0.4223748484375 0.44609085625 0.416005425 0.41716655156250004 0.41189159374999995 0.3928699953125 0.4029674609375 0.383233684375 0.40353967031250004 0.3769648765625 0.40870659062500003 0.3772603046875 0.41244703749999995 0.3891285296875 0.4189991078125
0 0.39169347499999996 0.4711994921875 0.40155519999999995 0.474890234375 0.436048175 0.47906215156250004 0.4533843109375 0.474533909375 0.45214795937499996 0.46592506875 0.4394395734375 0.4656430109375 0.4312189078125 0.46159565156250004 0.388730678125 0.45763932343749997 0.3828119390625 0.46019373750000003 0.38239185781249996 0.4633287421875 0.39169347499999996 0.4711994921875
0 0.38950601875 0.5350856328125 0.4270556984375 0.5342813640624999 0.43789761250000003 0.5306570953125 0.4376721984375 0.5263941453125 0.43238358125 0.5242460515625 0.40424479843750005 0.520215165625 0.395168596875 0.516607365625 0.38966993906249997 0.5160267765625 0.3846067359375 0.51814163125 0.377637796875 0.5285335625 0.37964429375000003 0.531394890625 0.38950601875 0.5350856328125
0 0.383049403125 0.5773252640625001 0.42154000468749997 0.5813893859375 0.4283142796875 0.5783954109375 0.4277234234375 0.570914515625 0.4228702609375 0.5714618703125 0.39986469375 0.564793625 0.388727353125 0.564677446875 0.37931645468749997 0.5695126046875 0.37947185625 0.5742980531249999 0.383049403125 0.5773252640625001
0 0.36932841562499996 0.6262163765625 0.378194578125 0.6313916796875 0.42075281875000003 0.6348255093749999 0.43295573750000005 0.6329346218749999 0.4398000265625 0.6294181453125 0.42093211249999996 0.6215971031249999 0.376942853125 0.6169523921875 0.371164140625 0.6184618046875 0.36896297499999997 0.6229984328125 0.36932841562499996 0.6262163765625
0 0.35732535625 0.7039031296875 0.40482214687500007 0.7120975546875 0.4191562203125 0.7061925453125 0.4184253375 0.69975665 0.3754162640625 0.6877969265625 0.365134459375 0.6872411890625 0.35223140625 0.694357084375 0.3524568203125 0.6986200328125001 0.35732535625 0.7039031296875
0 0.3569736265625 0.7600346984375 0.3646888234375 0.7619091124999999 0.38982554375 0.764563234375 0.4051705515625 0.7630041125 0.41765352499999997 0.7590232218749999 0.4014222328125 0.7493610015625001 0.3579384421875 0.7468892328125001 0.3553718328125 0.7482079125000001 0.3550371390625 0.75665086875 0.3569736265625 0.7600346984375
0 0.34141691406249997 0.8166803843749999 0.346495490625 0.8203959781249999 0.36264139375000004 0.8247502499999999 0.3944123625 0.8254553984375 0.4092365296875 0.8158928796874999 0.3965127703125 0.8097803703125 0.36495184062499997 0.8075077203125 0.3433926671875 0.8078808109375 0.33969046875000003 0.8117290531249999 0.34141691406249997 0.8166803843749999
0 0.354434440625 0.8800524046874999 0.3770745640625 0.8835027046875 0.38798649375 0.8793559328124999 0.38940213749999997 0.8747363640625 0.38675014218750003 0.87074709375 0.35238181874999996 0.8596997234374999 0.340528965625 0.8589781046875 0.32970242656250004 0.8684328265625 0.333785440625 0.8736329828124999 0.354434440625 0.8800524046874999
0 0.6559548015625001 0.0269671 0.6720306921875 0.031843871875 0.7043771421875 0.0341994625 0.713352584375 0.0266688609375 0.7222033718749999 0.0260137125 0.7090595296875 0.0230362078125 0.7001387265625 0.0242138578125 0.6718291703125 0.0095670671875 0.6605518015625 0.0104958921875 0.6544076484375 0.008787360937499999 0.6419246750000001 0.01276825 0.6418700359375 0.019121203125 0.6559548015625001 0.0269671
0 0.631258728125 0.11020224218750001 0.6691738484374999 0.112615921875 0.6828077859375 0.11193592187500001 0.6896520749999999 0.10841944375000001 0.6893566453125 0.104678996875 0.656489353125 0.094320009375 0.64599750625 0.0953317765625 0.6347747781249999 0.0899076484375 0.617493284375 0.088082940625 0.61558754375 0.0963600140625 0.609528778125 0.09995943125 0.631258728125 0.11020224218750001
0 0.6295528499999999 0.1942751828125 0.6344606515625 0.18737487656250001 0.6458780453124999 0.1854010484375 0.6513613312500001 0.1801511875 0.6349199984375 0.1720564671875 0.6102187328124999 0.17209779218750001 0.6050547703125 0.163074246875 0.5999369265625 0.17154205625000002 0.5751110078125 0.17845883437500001 0.589125759375 0.18682723125 0.6190456296875 0.1894564984375 0.6295528499999999 0.1942751828125
0 0.574105265625 0.257306765625 0.6140968984375 0.2620592703125 0.6372971328125 0.2613295640625 0.641434784375 0.2601767671875 0.6464126 0.2527539609375 0.6511957484375 0.25272910625 0.646622640625 0.25118645625 0.6433951625 0.2455467421875 0.6315576875 0.250655575 0.6082720671875 0.24607733125000003 0.606055525 0.24478350624999998 0.6077512234375 0.2380739359375 0.5884085906250001 0.23974085 0.5736390609375001 0.24295041718750002 0.56845120625 0.251940725 0.574105265625 0.257306765625
0 0.572003196875 0.3265008546875 0.60429500625 0.335209396875 0.6257841671875 0.335358809375 0.6296810328125 0.3241126125 0.5927461015625 0.3143839203125 0.589308584375 0.3103117078125 0.5772456921875 0.31115759375 0.5644826640625 0.317228484375 0.56685460625 0.323307759375 0.572003196875 0.3265008546875
0 0.56301071875 0.381720065625 0.610437496875 0.39043699374999996 0.6146451640625 0.38876169531250004 0.6139689203125 0.3759728484375 0.5886767984375 0.3685332796875 0.5667521828125001 0.365688421875 0.56175899375 0.367280778125 0.552363471875 0.37794638593749996 0.56301071875 0.381720065625
0 0.5362954765625 0.4349602328125 0.5754315734375 0.44015229843750003 0.5973408171875 0.4371667046875 0.6025440453125 0.434006846875 0.5963145062499999 0.4269903640625 0.5536862499999999 0.42407903593749996 0.53748570625 0.42607771874999995 0.532927971875 0.43036551875000006 0.5362954765625 0.4349602328125
0 0.5375906203125 0.488194075 0.559305196875 0.49260643593750003 0.58479198125 0.49264805312500004 0.5908507484375 0.489048634375 0.5891243015625001 0.48409730156249997 0.56583868125 0.479519059375 0.5554714890625 0.47365537343749997 0.5429031281250001 0.4723283109375 0.5349232500000001 0.47837435156249997 0.5341531015625 0.4841218625 0.5375906203125 0.488194075
0 0.5229902046875 0.5555386046875 0.5427836671875 0.562397584375 0.5600651625 0.56422229375 0.5941773234375 0.559345815625 0.5832500234375 0.5576621359375 0.5655176984375 0.5473115296875 0.5450241 0.5456775578124999 0.524685903125 0.548829034375 0.520338209375 0.5515493328125001 0.5229902046875 0.5555386046875
0 0.5523636765625 0.62169739375 0.585495646875 0.6241359265625 0.5946264890624999 0.6213907734374999 0.5818173437499999 0.6099703125 0.5588971625 0.6086100171875 0.5411802125 0.6040898640625 0.53775806875 0.6058481015625 0.533200334375 0.6101359046875 0.5342112718750001 0.61448179375 0.5523636765625 0.62169739375
0 0.5710198875 0.6846050015625 0.56957349375 0.6775636671874999 0.5644249046875001 0.674370571875 0.5407038281250001 0.667096884375 0.51235500625 0.6646334984375 0.5102392265625 0.674478075 0.516818834375 0.6788820515625 0.5710198875 0.6846050015625
0 0.5238450593749999 0.7334596375 0.5574124859375 0.7385936171874999 0.5667533703125 0.7342809625 0.5584473156249999 0.7249256515625 0.5305885859374999 0.718804759375 0.5101650015625 0.7166482859375 0.5075437546875 0.7243199171875 0.5109812734375 0.7283921296875 0.5238450593749999 0.7334596375
0 0.4961665078125 0.77950075625 0.5378845890624999 0.7892045953125 0.551153084375 0.785306646875 0.550562228125 0.7778257515625 0.5271212078125 0.768462059375 0.5036955578125 0.76492881875 0.4928536453125 0.7685530890625001 0.49272899218750005 0.77542854375 0.4961665078125 0.77950075625
0 0.5054818375 0.8467210187499999 0.5454734703125 0.8514735265625 0.548530175 0.8464973406249999 0.5432961953125 0.837996296875 0.522787225 0.8305318734375 0.5192796921875 0.8269821593750001 0.500427153125 0.82499156875 0.49515390937500003 0.8286739296875 0.4956047375 0.8371998265625 0.5054818375 0.8467210187499999
0 0.48390562499999995 0.8947827187499999 0.509703215625 0.9043952359375 0.525989146875 0.90770450625 0.5334089171875 0.9058384734375 0.5351746281249999 0.8986064015625 0.5220854265625 0.8892759453125001 0.496147809375 0.8807084312500001 0.488222571875 0.8804015203125 0.48223381875 0.8834784359375 0.48097357656249995 0.8928834515625 0.48390562499999995 0.8947827187499999
0 0.7035342671875 0.878760628125 0.7125950953125 0.876537975 0.715441759375 0.8731292921874999 0.693136325 0.8612360390625 0.6648575171875 0.8582501515625 0.660525196875 0.8668009015625 0.6722533953125 0.8743979734374999 0.7035342671875 0.878760628125
0 0.686671190625 0.9273199765625 0.6990141359375001 0.9243840875 0.69163363125 0.9140667171875 0.6517120125 0.9087917093750001 0.6487799625 0.906892440625 0.6427912109375 0.9099693578125001 0.64009995 0.918163490625 0.6519681734375 0.9247155609375 0.686671190625 0.9273199765625
0 0.7741571359375 0.018781934375 0.782447815625 0.0223067921875 0.8091555796875 0.025126796875000003 0.8262816734375 0.0221660546875 0.8349770624999999 0.01672545625 0.8326051203124999 0.0106461828125 0.8266710078124999 0.007370146875 0.7873948828125 0.0032230828125 0.7767630078125001 0.005279853125 0.7702141499999999 0.0125367765625 0.7741571359375 0.018781934375
0 0.9836662281249999 0.0366643109375 0.97970786875 0.024588701562500002 0.9716972421875001 0.0189738390625 0.964543009375 0.016628762499999998 0.9178044218749999 0.0116937546875 0.9125030000000001 0.0148432453125 0.9096017 0.0246048796875 0.9169668296875001 0.0290917984375 0.95254075625 0.03708710625 0.9761764453125 0.0390528453125 0.9836662281249999 0.0366643109375
0 0.9056707609375 0.13122830000000002 0.9535876343749999 0.13628771875 0.992342915625 0.1324313875 0.9801946375 0.1279693234375 0.9691273078125 0.12733064375 0.9669807828125 0.1255143171875 0.9684664390625001 0.12037225 0.9577645531250001 0.12295151875000002 0.9236062687500001 0.11033664531250001 0.9169020078125 0.11280812031250001 0.9108978828125001 0.1100545875 0.8926361999999999 0.1155448921875 0.8936625093749999 0.12572123125 0.9056707609375 0.13122830000000002
0 0.7661978234375 0.1138522453125 0.7744885046875 0.1173771046875 0.8268230843750001 0.11919372343750001 0.8333719437499999 0.1119367984375 0.8206481828125 0.10582428749999999 0.8187116968750001 0.10244045937499999 0.810506403125 0.10422355000000001 0.796141584375 0.0984676578125 0.7756479859375001 0.0968336859375 0.7697992609375001 0.0988656015625 0.7606137796875 0.10796370625 0.7661978234375 0.1138522453125
0 0.8925013640625 0.1997837140625 0.895083346875 0.2042954859375 0.9025184906250001 0.208259903125 0.9112292515625 0.2086497578125 0.9179488859375 0.2120087328125 0.9277952375 0.20986902343749997 0.9464377359375 0.21342711718750002 0.9793989328125001 0.2052497484375 0.9786680515624999 0.19881385468749999 0.9648086984375001 0.195230909375 0.9574435703124999 0.190743990625 0.9320267953125001 0.19017987187500002 0.926007296875 0.1815958875 0.9154454359375 0.183130153125 0.9016560968749999 0.1790247078125 0.9003958546874999 0.188429721875 0.895052596875 0.192634584375 0.8925013640625 0.1997837140625
0 0.7644919453125001 0.197925184375 0.766218390625 0.202876515625 0.7712969671875001 0.2065921125 0.7829397765625 0.20888123281249998 0.7871628171875 0.2130363875 0.8013568624999999 0.2081763765625 0.8164218171875 0.20870726093749997 0.8232661046875 0.205190784375 0.8502385515625001 0.20009033281250002 0.846590990625 0.1975856234375 0.8062339171874999 0.18961516875 0.791534403125 0.1923022328125 0.7781805203125 0.19089223125000002 0.7644919453125001 0.197925184375
0 0.7642717234374999 0.2768560578125 0.787261915625 0.2776938515625 0.7979091640625 0.2814675328125 0.8041079546875001 0.27682311249999997 0.823520603125 0.274633696875 0.8363536437500001 0.268040303125 0.8126479421875 0.2665970640625 0.8054928531250001 0.26054264374999997 0.7968521046875 0.259630290625 0.7671576515625 0.26126397031250004 0.7601579609375 0.25999499843749996 0.7497515031249999 0.2663147140625 0.7483358578125 0.2709342828125 0.7642717234374999 0.2768560578125
0 0.8913009531249999 0.2860295984375 0.9053857171875 0.29387549218750003 0.9365265656249999 0.299283146875 0.9559784796875 0.284910328125 0.9477578125000001 0.28086296875 0.9329729109375 0.27824208281249996 0.9192382140625 0.26778368124999996 0.90696528125 0.2701970703125 0.8917056609375 0.2770641390625 0.88950449375 0.281600765625 0.8913009531249999 0.2860295984375
0 0.902482753125 0.357156190625 0.92817958125 0.3556303046875 0.9365249015625 0.3528022109375 0.9284442625 0.34770985 0.8760943093750001 0.3400627796875 0.8684798718750001 0.3493267671875 0.8742039437500001 0.354170303125 0.902482753125 0.357156190625
0 0.7196968 0.34792426875000004 0.7290530562499999 0.349442065625 0.7730969562500001 0.347733825 0.785929996875 0.34114043125000004 0.78420355 0.3361890984375 0.7918333609375 0.3327555640625 0.77954505625 0.32933849843749996 0.774481853125 0.33145335625 0.7665566140625 0.33114644531250004 0.7518963656250001 0.321650103125 0.7504107109375 0.326792171875 0.7419253609375 0.33066526875 0.7176441796875 0.3275715875 0.7150775703125001 0.328890265625 0.71475825 0.343163671875 0.7196968 0.34792426875000004
0 0.7208068359375 0.41692762187500004 0.7796356359375001 0.41784026875 0.78227225625 0.415999090625 0.77818924375 0.4107989328125 0.7683275187499999 0.40710819374999996 0.7660255921875 0.4005064171875 0.7705133125 0.396741115625 0.767511246875 0.3953643484375 0.7610870421875 0.3957458203125 0.7501051000000001 0.40041509375000006 0.7146165609375 0.3977277359375 0.7019935609375 0.40275362656249997 0.70071794375 0.40632819375 0.7208068359375 0.41692762187500004
0 0.8498118187499999 0.4173015890625 0.8651021875 0.4220954203125 0.8947420015625 0.42681469375000003 0.91459010625 0.427320721875 0.933077203125 0.42609336718749996 0.9414225234375 0.4232652734375 0.9202834281250001 0.4205033578125 0.9042075374999999 0.4156265859375 0.8967023796875001 0.41218466718749996 0.894050384375 0.40819539687499995 0.8594173812499999 0.40506847968750004 0.8519976093749999 0.4069345125 0.8463742999999999 0.4132293765625 0.8498118187499999 0.4173015890625
0 0.8349313484374999 0.4867361203125 0.885904925 0.48681935625 0.8932393078124999 0.47964537187499995 0.8929438781249999 0.47590492656250005 0.8892263078125 0.473922715625 0.8495301015625 0.4729106578125 0.8331741562499999 0.47012388749999995 0.8211966515625001 0.4762777234375 0.826430628125 0.48477876562500005 0.8349313484374999 0.4867361203125
0 0.6894935515625 0.4544231296875 0.6952876375 0.4587441671875 0.7484231125 0.4664741796875 0.7696868609374999 0.46236064062500004 0.770962478125 0.4587860765625 0.7608206984375 0.4571853375 0.7518845234375 0.4525325359375 0.702676659375 0.44521723125 0.6937558578125 0.44639488125 0.6892681390625001 0.4501601828125 0.6894935515625 0.4544231296875
0 0.7253894437499999 0.519467496875 0.7423054984374999 0.518074259375 0.74986529375 0.5151632234375 0.7403382625 0.503029528125 0.7329885078125 0.504373059375 0.714851475 0.5029879109375 0.70341870625 0.4991312875 0.6951433984375 0.501436878125 0.68702349375 0.5085279203125 0.707322425 0.5175598484374999 0.7253894437499999 0.519467496875
0 0.831157475 0.544625928125 0.8505154828125001 0.5487894640625 0.8782888249999999 0.5496024046875 0.882426478125 0.5484496109375 0.8856232078125 0.5424284218750001 0.896045040625 0.5419391578125 0.8948240625 0.53916076875 0.8859032609374999 0.54033841875 0.875326028125 0.536042234375 0.8486182624999999 0.53322223125 0.8294156546875 0.53384414375 0.827859984375 0.5395087125 0.831157475 0.544625928125
0 0.8184474249999999 0.59786293125 0.8438795718750001 0.6042575015625 0.86908630625 0.606389121875 0.8716529156249999 0.6050704437500001 0.869786440625 0.6011641125 0.8481265046875001 0.5903988 0.8335516453125 0.5862104109375 0.8185567031250001 0.585157028125 0.8127779921875 0.5866664421875 0.8113623499999999 0.591286009375 0.8184474249999999 0.59786293125
0 0.68515790625 0.57001200625 0.6886654375 0.57356171875 0.7340857171875 0.5794173140625001 0.7420809671875 0.5792017281249999 0.754128484375 0.572525390625 0.746973396875 0.56647096875 0.7516711578125 0.5611381640625 0.75737985625 0.5601512515625 0.74959464375 0.5587993375 0.7371116703125 0.5627802265625 0.694413403125 0.5603914015625 0.6894902265625 0.56146125625 0.685718015625 0.5658319984375 0.68515790625 0.57001200625
0 0.6778372359375 0.6365355015625 0.7189798328125 0.644588896875 0.7333992921875 0.6439918375 0.7417446109375 0.64116374375 0.7423047203124999 0.6369837375 0.7311520046875 0.631037109375 0.6793775328125 0.6250404828125 0.6733187671875001 0.6286399015625 0.6727586578125 0.632819909375 0.6778372359375 0.6365355015625
0 0.813397934375 0.659327303125 0.841396690625 0.66440319375 0.8666734375 0.6660123140625 0.86222498125 0.657594209375 0.850146715625 0.6526096421875 0.8131571453124999 0.6492339031250001 0.807028365625 0.6533558234375 0.807463821875 0.6560512671875001 0.813397934375 0.659327303125
0 0.7931434609375 0.7213057921875 0.829347509375 0.7245985921875 0.8480446484374999 0.72180373125 0.844887184375 0.7156415171875 0.846738284375 0.71371739375 0.8430207125000001 0.7117351859375 0.8015280468749999 0.706294296875 0.7816099296875 0.70631076875 0.7756211765625001 0.7093876859375 0.7749910546875001 0.7140901921875 0.7931434609375 0.7213057921875
0 0.6734178656250001 0.693297365625 0.6801375000000001 0.6966563421874999 0.7212800984375 0.7047097375 0.7435394078125 0.6991116374999999 0.7340277515625 0.69280839375 0.7076000421875001 0.6878983859375001 0.692379684375 0.682582053125 0.6781702671875001 0.6816116109375 0.6716060328125 0.683038084375 0.66861934375 0.68749176875 0.6734178656250001 0.693297365625
0 0.7809388796875 0.776715740625 0.79094063125 0.7793614828125001 0.8209305125 0.7814682484375 0.8348445046874999 0.77869824375 0.8344636890625001 0.7696498453125 0.7816082671875 0.7598298296875 0.77397845625 0.7632633656250001 0.773278321875 0.768488375 0.7809388796875 0.776715740625
0 0.6508581609374999 0.7629808546875 0.6530747015625 0.7642746812500001 0.6768350437499999 0.7593649640625 0.6888979359375 0.7585190796875 0.710892565625 0.7608414359375 0.71602578125 0.7582040796875 0.71501484375 0.753858190625 0.7112272578125001 0.7523984828125 0.6573062609375 0.7445855296875 0.654459596875 0.7479942109375 0.65627143125 0.7582534937500001 0.6508581609374999 0.7629808546875
0 0.6881601734375 0.8151397828125001 0.7055116828125 0.816441990625 0.72291783125 0.8113912453125 0.726550015625 0.808065503125 0.7237579937499999 0.805121234375 0.700472371875 0.8005429921875 0.663342775 0.7982122546875 0.6577194625 0.8045071171875 0.6626580125 0.8092677140625 0.6881601734375 0.8151397828125001
0 0.808865959375 0.8358331953125001 0.8321515796875 0.8404114390625 0.853990809375 0.8379483453125 0.8516188687499999 0.8318690703125 0.843538228125 0.826776709375 0.82796780625 0.82407288125 0.8166050484375 0.8196937562500001 0.7977525078125 0.817703165625 0.7935448421875 0.8193784609374999 0.7956367281250001 0.8275477406249999 0.808865959375 0.8358331953125001
0 0.7940793953124999 0.886731371875 0.7992980000000001 0.8894019656250001 0.8394996734375001 0.8925869703125 0.84891056875 0.8877518140625 0.840674528125 0.8778740031250001 0.8000373984375001 0.871993553125 0.7941886765625 0.87402546875 0.7908519187499999 0.8810916578124999 0.7940793953124999 0.886731371875
0 0.767245315625 0.9443058843750001 0.782535684375 0.949099715625 0.8188097453125 0.9518700140625 0.8285160703125 0.9507753046874999 0.8330037890625 0.9470100046875001 0.8212755921875001 0.9394129328125 0.7765708234375001 0.934162778125 0.76843554375 0.9354233687500001 0.7630922875 0.9396282296875 0.767245315625 0.9443058843750001