0 0.1638828328125 0.036302425 0.2215612015625 0.05939346875 0.2233678984375 0.05673929062500001 0.2181813984375 0.0538391453125 0.21774820312499998 0.04855831875 0.23534799374999998 0.0437418953125 0.2189051046875 0.0379829 0.20295233124999998 0.0272303359375 0.188219303125 0.025862853125 0.178239578125 0.0221146875 0.15989315625 0.0260555625 0.15997299843749999 0.0325129640625 0.1638828328125 0.036302425
0 0.161886334375 0.11191722343749999 0.1810991515625 0.1185380046875 0.21492523125 0.1168401640625 0.20007244375000002 0.105786575 0.1594468375 0.093147065625 0.141983803125 0.0941465 0.14799677656250002 0.10437959687500001 0.161886334375 0.11191722343749999
0 0.1637792140625 0.17620860625 0.1811054921875 0.1790261640625 0.1921622765625 0.16574150468749999 0.1749328375 0.1558782578125 0.1713763578125 0.150912221875 0.162536540625 0.15009173125 0.13201042031250002 0.1508864921875 0.13156022812499998 0.15910876093749998 0.1637792140625 0.17620860625
0 0.09218301718750001 0.20954497187499999 0.09925605781249999 0.21624834062499998 0.1594877546875 0.23756075625 0.16388770156250002 0.23635665156250002 0.16402445937500001 0.23253966093749998 0.157128096875 0.225248003125 0.1402520125 0.2142081796875 0.1143594359375 0.2029361546875 0.1056962953125 0.201527375 0.09685648125 0.2007068859375 0.091926496875 0.20367585625 0.09218301718750001 0.20954497187499999
0 0.093317790625 0.28644552343749996 0.12070363125000001 0.2994686484375 0.1271667953125 0.3014794796875 0.13522005937499998 0.29819571875 0.15122975156250001 0.2986738875 0.14877325937500002 0.29340682500000004 0.15537318125 0.2916006671875 0.1355904109375 0.2835160484375 0.099227996875 0.273489421875 0.08598823125 0.27387303749999997 0.0862447515625 0.279742153125 0.093317790625 0.28644552343749996
0 0.0852763875 0.3501990671875 0.11684557656250001 0.359377675 0.1292987890625 0.35488980625 0.13796192812500002 0.356298584375 0.11405272500000001 0.3417840921875 0.082876809375 0.3346576125 0.0742535921875 0.33647753593749996 0.0735868015625 0.342059390625 0.0852763875 0.3501990671875
0 0.091734415625 0.42618277656250003 0.11501081875000001 0.419272934375 0.10516785312500002 0.411707778125 0.102711359375 0.40644071562499995 0.08670166875 0.405962546875 0.067312175 0.3999300546875 0.06650862656249999 0.40932889687499996 0.0829914359375 0.4183165953125 0.091734415625 0.42618277656250003
0 0.044834184375 0.47141393281250005 0.05872374375 0.4789515578125 0.065483346875 0.49006020625 0.074853196875 0.48911583125 0.095126078125 0.492206884375 0.0929431 0.4793058421875 0.0869700484375 0.47230144531249996 0.0683271859375 0.46714450156250004 0.0456377328125 0.4620150890625 0.0412777046875 0.4664478953125 0.044834184375 0.47141393281250005
0 0.030939490625 0.5378491828125 0.055555403125 0.550010525 0.0863779625 0.55831358125 0.0692453609375 0.5414046406249999 0.0331963796875 0.5269727375000001 0.0269498140625 0.527602321875 0.02571306875 0.5317203375 0.030939490625 0.5378491828125
0 0.0194567 0.5963608859375 0.0477658515625 0.6096712734375 0.0588455609375 0.6131184125 0.0584522859375 0.6110662859375 0.07974531406249999 0.607398909375 0.0642257328125 0.6019271749999999 0.040316531249999996 0.5874126828125 0.025366906249999998 0.5834047859375 0.0158203796875 0.5849374484375 0.012206984375 0.590245803125 0.0194567 0.5963608859375
0 0.22621740156249998 0.3380855828125 0.23594060468750003 0.3359646328125 0.25784350625 0.3369897953125 0.2630869234375 0.329615546875 0.2669568390625 0.33017630625 0.2438341875 0.3197660640625 0.2104183765625 0.3100129375 0.20140188281250002 0.309780734375 0.199675028125 0.3188923171875 0.22621740156249998 0.3380855828125
0 0.22184303125 0.3946176875 0.235259471875 0.393645784375 0.23997285468750001 0.3880364015625 0.22669316875 0.38519131562500003 0.1983840203125 0.3718809296875 0.1858908875 0.37314009531250003 0.1813541828125 0.37816118906249996 0.1843407078125 0.38166338906249997 0.22184303125 0.3946176875
0 0.169865621875 0.443415275 0.1880582921875 0.45679448593750005 0.19540484375 0.4558638765625 0.2022612859375 0.4599268328125 0.234007153125 0.46851715 0.23616720781249997 0.46468639375 0.23115738437500002 0.4611979609375 0.23221745 0.457668234375 0.23846401718750002 0.45703865156249995 0.2293277609375 0.44712034375 0.2104683 0.4393229859375 0.1733023390625 0.4386952046875 0.1689023921875 0.43989931093749995 0.169865621875 0.443415275
0 0.1516645390625 0.5123702546875 0.1635308015625 0.5199216437499999 0.187930115625 0.5294425687500001 0.20688641406250002 0.530194234375 0.20403664375 0.5228750484375 0.1898905671875 0.50946830625 0.1562980796875 0.5003034671875 0.147281584375 0.5000712640625 0.1452982109375 0.5033137296875 0.1516645390625 0.5123702546875
0 0.14871279843750002 0.5860696359374999 0.177472140625 0.5911577546875 0.17963219375 0.5873269984375 0.1714192484375 0.577695953125 0.1394567796875 0.5664652218749999 0.13136359687500002 0.5665202828125 0.1288501859375 0.5715276125 0.14871279843750002 0.5860696359374999
0 0.132011534375 0.6400530890625 0.1814370359375 0.6502843859375 0.153617996875 0.6319804328124999 0.122225484375 0.622213540625 0.113602265625 0.6240334625 0.1134655078125 0.627850453125 0.132011534375 0.6400530890625
0 0 0.6420587140625 0.0120638296875 0.647762690625 0.025246678124999998 0.65765346875 0.0460495921875 0.6589796578125 0.052649515625 0.6571735000000001 0.0520396390625 0.652480959375 0.039210148437499995 0.64141360625 0.0057943390625 0.6316604765625 0 0.6328833687500001 0 0.6420587140625
0 0.0945917046875 0.6721523953124999 0.0952415 0.6800736359374999 0.1097010125 0.6890750984375 0.12292378125 0.7021945781250001 0.1615430859375 0.7013447562499999 0.149460225 0.691152953125 0.1685931984375 0.69131633125 0.146433778125 0.684422053125 0.137160765625 0.678320734375 0.1257276984375 0.6760501734375 0.1087946984375 0.6752847421875 0.0988149734375 0.671536578125 0.0945917046875 0.6721523953124999
0 0.2898526203125 0.48589188749999995 0.30739549374999997 0.49134985625 0.3212850546875 0.49888748437499997 0.341438175 0.49229242968750003 0.34324487187499997 0.48963825156249996 0.3297086703125 0.48092405156250007 0.3114191625 0.47459053124999995 0.294662840625 0.47323681406249996 0.2858629453125 0.47564502500000005 0.2898526203125 0.48589188749999995
0 0.2593782828125 0.5503851359375 0.295387340625 0.5615883359375 0.3189202640625 0.5605476078125 0.29817426406249997 0.5489470234375 0.2680983359375 0.54151951875 0.25943519843749996 0.5401107406250001 0.2568818671875 0.5418893687499999 0.2593782828125 0.5503851359375
0 0.253970046875 0.6188174531249999 0.2775828109375 0.6242341296875 0.30502556875 0.626982859375 0.28441632656250004 0.6115652890625001 0.25487043125 0.6023729171875 0.24070735937499999 0.602469271875 0.236877365625 0.605137215625 0.253970046875 0.6188174531249999
0 0.2432954734375 0.6778922234375 0.2820744609375 0.6899572093749999 0.2778112703125 0.6873443234375001 0.2795780484375 0.6814614437500001 0.2836246390625 0.681433915625 0.2713651 0.6718303984375 0.26574540468749996 0.663649425 0.242132640625 0.65823275 0.220406415625 0.6566193015625 0.215693034375 0.6622286828124999 0.2432954734375 0.6778922234375
0 0.2152147828125 0.7276920328125 0.243307334375 0.7383620046875 0.2706133328125 0.7449277265625 0.26833351875 0.7390723765625 0.24939421718750002 0.7248176156249999 0.21316855937499998 0.7109740015625 0.20230544843749998 0.7101672765625 0.1981221 0.7140117953125 0.2152147828125 0.7276920328125
0 0 0.716313096875 0.0233150828125 0.72459441875 0.0381848671875 0.7221449140625 0.028968770312499996 0.705769203125 0.0022327234375 0.70066731875 0 0.7005787859375 0 0.716313096875
0 0.520643346875 0.2351129421875 0.5264796421875 0.245934328125 0.54688928125 0.24520839218749999 0.569225378125 0.25151438125 0.58444851875 0.24788829843750002 0.574998828125 0.24237526874999998 0.570302440625 0.2344815578125 0.5619527375 0.22866750156250001 0.5435264734375 0.2261509734375 0.5350000921875 0.22092520312500002 0.5131371109375 0.22312874531250002 0.513040275 0.230174434375 0.520643346875 0.2351129421875
0 0.5081563453125 0.30358421875 0.52481583125 0.311983628125 0.5341457593750001 0.307810553125 0.5588185890624999 0.3096975015625 0.5428258953125 0.29571623593749996 0.5298596453125 0.288465871875 0.5124934484375 0.2824196140625 0.4930071171875 0.28343281249999996 0.4906703859375 0.2878518546875 0.49440354375 0.292229603125 0.5081563453125 0.30358421875
0 0.4830533828125 0.365265915625 0.520379028125 0.37880850312500003 0.5189826 0.370011715625 0.5359155999999999 0.3707771453125 0.5286259624999999 0.3614333609375 0.5068198984375 0.35336250625 0.5001002140625 0.345482559375 0.48919718124999995 0.3414471328125 0.48621065625000004 0.3379449359375 0.48141743124999997 0.337096915625 0.47578074062500003 0.34241903749999997 0.4661942921875 0.34072299687499996 0.4629342515625 0.3448547796875 0.4653907453125 0.350121840625 0.4830533828125 0.365265915625
0 0.44995466874999995 0.4167007 0.4798539203125 0.42471649375 0.489577125 0.42259554374999997 0.5120499796875 0.42508454218749997 0.5109100734375 0.42215686718749995 0.48554752656250005 0.409119978125 0.4632114265625 0.4028139890625 0.43981526249999997 0.4000377265625 0.434748525 0.4068236859375 0.44995466874999995 0.4167007
0 0.42129277343749993 0.47179737812500006 0.4301725125 0.4758465703125 0.46205513906249995 0.48061989531249993 0.46276184843749996 0.47826674531249996 0.44272255937500005 0.4643130125 0.43912615937500005 0.45611827343750005 0.40571035 0.44636514375 0.3967337765625 0.4493616453125 0.3979136046875 0.455518021875 0.42129277343749993 0.47179737812500006
0 0.4018295546875 0.526519653125 0.4456982046875 0.548530475 0.4499214734375 0.5479146578125 0.4445582953125 0.5456028015625 0.4404318640625 0.5391729265625 0.44958511406249996 0.5355881390625 0.4389955171875 0.5271474359375 0.4214127203125 0.5184607640625 0.3953833859375 0.5110057265625 0.38737004062499997 0.5175181906249999 0.391496475 0.5239480640624999 0.4018295546875 0.526519653125
0 0.35984230781250004 0.5822849328124999 0.3815515375 0.597401478125 0.395224496875 0.602298690625 0.417343996875 0.605964265625 0.429540690625 0.5956072828125001 0.4289308171875 0.59091474375 0.40567140625000003 0.584321490625 0.3704489 0.5772225421875 0.3620023609375 0.578454178125 0.35984230781250004 0.5822849328124999
0 0.34427767343750004 0.647557375 0.3546107515625 0.6501289640625 0.38014997500000003 0.6625775640625 0.3863566203125 0.6587192796875 0.398143040625 0.65981326875 0.402286471875 0.652740046875 0.3880036359375 0.6431502953125 0.376747246875 0.6402914453124999 0.3450413 0.6349298296875 0.33962120625000003 0.6428923640625 0.34427767343750004 0.647557375
0 0.35737554375 0.7249636265625 0.383598553125 0.7183272781250001 0.38316535625000003 0.7130464515625 0.36628927187500004 0.702006628125 0.3384532375 0.697205771875 0.32631346250000004 0.6972883609375 0.323623375 0.7028839796875 0.35737554375 0.7249636265625
0 0.3352279828125 0.77853913125 0.366973853125 0.7871294484375 0.38039029375 0.78615754375 0.375380471875 0.7826691109375 0.3730607359375 0.773585059375 0.37579074375 0.7712181421875 0.3591312578125 0.76281873125 0.3179756171875 0.7519440875 0.3047358546875 0.752327703125 0.3027924 0.7587988718750001 0.3352279828125 0.77853913125
0 0.5136298109374999 0.5677357062499999 0.5230794999999999 0.5732487359375 0.527205934375 0.5796786093749999 0.5314292046875 0.579062790625 0.5558285187500001 0.5885837171875 0.585647928125 0.5901421078125 0.5868846703124999 0.5860240921875 0.5810882984375 0.57843140625 0.5352761921875 0.5628917515625 0.5186965484375 0.5609497453125 0.5111733171874999 0.56246864375 0.5136298109374999 0.5677357062499999
0 0.5295375296875 0.6492324453125 0.542993890625 0.6514892421875 0.56081028125 0.6493132328125 0.533737875 0.6318848296875 0.5304948296875 0.6225135171875 0.5253083296875001 0.6196133703125 0.49649207031250003 0.6247996453125 0.49529524687500004 0.6321463625 0.5295375296875 0.6492324453125
0 0.4689643375 0.6895663875 0.4878637171875 0.7005924453125 0.5098065421875 0.7048463109374999 0.529076271875 0.7011926984375 0.5432792656250001 0.704325046875 0.5315896812500001 0.6961853671875 0.533396378125 0.6935311890625 0.528209878125 0.6906310421875 0.5058737796874999 0.6843250546874999 0.47346112187499995 0.681316590625 0.46835446249999996 0.6848738484375 0.4689643375 0.6895663875
0 0.46229643437499995 0.745384925 0.48559576406250005 0.7552068796875 0.5165950015624999 0.762921646875 0.4987556875 0.748365859375 0.464376646875 0.7350967671874999 0.4599767 0.7363008734375 0.4585632765625 0.741007178125 0.46229643437499995 0.745384925
0 0.4475752671875 0.8044872265624999 0.46058143906250004 0.8149662921875 0.48058080625 0.8256913234375001 0.4972003703125 0.8308620328125 0.48083139375000006 0.801325546875 0.441522375 0.7910254250000001 0.433075834375 0.7922570609374999 0.43557224687499996 0.800752825 0.4475752671875 0.8044872265624999
0 0.697841459375 0.6334102875000001 0.7120843734375 0.6397713375 0.7354805390625 0.6425475984375 0.75198034375 0.6380322015625 0.7235913515625 0.6182644109375001 0.6852455625 0.6114802515625 0.6784689625 0.6138747 0.677802171875 0.6194565546875 0.697841459375 0.6334102875000001
0 0.6519842984374999 0.6886148078125001 0.66768055625 0.6934982546875 0.68104008125 0.7028007453125 0.6911964828125 0.7059606234375 0.729502353125 0.7095160796875 0.706163103125 0.696465425 0.698873465625 0.687121640625 0.6595644468749999 0.67682151875 0.650371275 0.6771776046875 0.6480744640625 0.68482535 0.6519842984374999 0.6886148078125001
0 0.6407796921875 0.7494544421875 0.6518594015625 0.75290158125 0.6696587968750001 0.7642286656249999 0.701797940625 0.774871109375 0.69639484375 0.7693305515625 0.7042315078125 0.763406375 0.7036216328125 0.7587138375 0.6850756078125 0.7465112015625001 0.6474365296875 0.7373738921874999 0.636790015625 0.7392075796875 0.6355532703125 0.7433255953125 0.6407796921875 0.7494544421875
0 0.6400279265625 0.822551771875 0.6534842875 0.82480856875 0.6788069109375 0.8346167578125 0.6931466625 0.8339321140625 0.686740415625 0.8216468906250001 0.6746974734375 0.8146837874999999 0.671454428125 0.8053124734375 0.6430883625 0.8022764828125 0.632048571875 0.8020580453124999 0.6269419140625 0.8056153015625 0.6400279265625 0.822551771875
0 0.6402164625 0.882433265625 0.6577593375 0.8878912359375001 0.686478759375 0.889750653125 0.6503499374999999 0.868861346875 0.616364175 0.8576443812500001 0.6136740890625 0.86324 0.6172305687499999 0.8682060359375001 0.6402164625 0.882433265625
0 0.93538565 0.37022905 0.932872240625 0.3752363796875 0.9356820890625 0.37932686718749997 0.9586280625000001 0.3903253953125 0.9761709375000001 0.395783365625 0.9896215937499999 0.3974295546875 0.9900730359375001 0.3819145046875 0.9864411703125 0.37839445625 0.96353511875 0.3706246296875 0.9419855703125 0.368422890625 0.93538565 0.37022905
0 0.9028542343750001 0.45501829843749997 0.9124806031249999 0.45994304062499997 0.9449731015625 0.46940890625 0.962259459375 0.4689977609375 0.9723360187500001 0.465700234375 0.967816309375 0.457218234375 0.9546733812499999 0.45055616093750006 0.9323772031249999 0.447478871875 0.9205508625000001 0.4431561828125 0.903481103125 0.44620774374999994 0.9000443859375 0.4509278109375 0.9028542343750001 0.45501829843749997
0 0.8933138390625001 0.5237630703125 0.9092666140624999 0.534515634375 0.9403626875000001 0.5351847109375 0.9544858390625001 0.5318596531249999 0.9455661828125 0.5245817609375 0.9313232671874999 0.5182207109375 0.9047639000000001 0.5125305390625 0.8803645828125 0.5030096140625 0.874944490625 0.51097215 0.8818807718749999 0.521492509375 0.8933138390625001 0.5237630703125
0 0.8661165328125 0.5706214421875 0.8798294171875 0.5787473546874999 0.9014588046875 0.587406496875 0.92076845625 0.5869815859374999 0.936288034375 0.5924533203125 0.9151088406250001 0.5755719109374999 0.9126124250000001 0.5670761484375 0.891809509375 0.5657499609375 0.880159846875 0.56083898125 0.8658200953125 0.561523625 0.8634833640625 0.5659426671875 0.8661165328125 0.5706214421875
0 0.9032255812500001 0.581523615625 0.9033623375 0.5777066265624999 0.8977825625 0.57275435625 0.8900427328125 0.5716328390625 0.8856827062500001 0.5760656453124999 0.8986489546875 0.5833160109375 0.9032255812500001 0.581523615625
0 0.84559899375 0.6221310578125 0.8585253234374999 0.6261527171875 0.881117940625 0.6383278234375 0.908520778125 0.6378478546874999 0.8917415312499999 0.6197623390625 0.8651422406249999 0.6108434640625 0.844162646875 0.6101055640624999 0.8387026343749999 0.6148393984375 0.84559899375 0.6221310578125
0 0.8168115921875 0.67428401875 0.83144778125 0.6826971937499999 0.8762966578125001 0.6947208859375 0.88804315625 0.69258616875 0.8618940593750001 0.6754450296875001 0.8166519078125001 0.6613692125 0.8122519609375001 0.6625733171875 0.8106618609374999 0.6678679109375001 0.8168115921875 0.67428401875
0 0.8257261124999999 0.755534790625 0.8362358703125 0.757518090625 0.8593355953125 0.751196534375 0.8420662359375 0.7381045859375 0.8254865890625 0.7361625796875 0.815860221875 0.731237840625 0.7970806031250001 0.7298978843749999 0.7954905046875 0.7351924765625 0.8257261124999999 0.755534790625
0 0.797685340625 0.8085633031249999 0.8130282421875 0.814623325 0.8345777890624999 0.8168250625000001 0.8352445796874999 0.8112432109375 0.844261075 0.8114754124999999 0.8155187265625001 0.7928841984375 0.8051856468749999 0.790312609375 0.7758962703125001 0.786989353125 0.771929521875 0.7934742875 0.797685340625 0.8085633031249999
0 0.7921004296875 0.877583909375 0.8210364515625 0.882083740625 0.8265363859375 0.8805786078125 0.8259265109375 0.8758860671875001 0.8075571625 0.863095146875 0.8056307046875 0.8560632187499999 0.78812775 0.85383395 0.7666181234375 0.8548609140625001 0.765597978125 0.8616193437499999 0.7921004296875 0.877583909375
0 0.7586565609375 0.9250718625 0.7843724625 0.9369321765624999 0.8079053843749999 0.9358914468749999 0.808355575 0.9276691796875 0.7985126109375 0.920104025 0.7614035625 0.90920185 0.748340478125 0.908997178125 0.7460037453125 0.9134162203124999 0.7586565609375 0.9250718625
0 0.9850273671875 0.309146259375 0.9921659140625 0.309986934375 0.992840865625 0.2867903671875 0.98087800625 0.2859845890625 0.9689548265625 0.28870759218750003 0.9671880500000001 0.294590471875 0.9850273671875 0.309146259375
0 0.8547544 0.164719534375 0.8612574859375 0.1699590671875 0.882886875 0.178618209375 0.8991131640625 0.1817367921875 0.919522803125 0.18101085625 0.9224294859375 0.1780556515625 0.91957971875 0.1707364609375 0.8922337984375 0.1609420390625 0.859997815625 0.1573452859375 0.855421190625 0.15913768281250001 0.8547544 0.164719534375
0 0.7070306546875 0.11201535468749999 0.7047338453124999 0.1196631 0.715500121875 0.12751551562500002 0.7254798453125 0.13126368125 0.7640023140625 0.137459553125 0.76881253125 0.1248044765625 0.75325303125 0.11610404062499999 0.7429199546875 0.1135324515625 0.7307801765625 0.11361504062500001 0.7186004796875001 0.1104689296875 0.7070306546875 0.11201535468749999
0 0.5801724625 0.0873218140625 0.5947687312500001 0.09250628749999999 0.5985018890625 0.0968840359375 0.6283212984375 0.09844242656249999 0.6435444390625 0.09481634375 0.64179465625 0.0871961296875 0.62474189375 0.07674459375 0.6002856609375 0.0774980609375 0.5884593203125 0.0731753734375 0.5778527265625 0.0782377625 0.5775392921875 0.082643040625 0.5801724625 0.0873218140625
0 0.44066741093750006 0.0375062921875 0.4439104546875 0.046877604687500005 0.4538901796875 0.0506257703125 0.46206320468750006 0.0570281140625 0.49135258125 0.06035136875 0.509738925 0.059639196875 0.5063192015625 0.050856170312500004 0.49480629374999996 0.04212820625 0.47207691875 0.033770090625 0.4579537671875 0.037095146875 0.44982066249999997 0.0339215046875 0.44066741093750006 0.0375062921875
0 0.550558996875 0.162395090625 0.553722203125 0.1653090015625 0.5895545828125 0.17710049218749999 0.602537828125 0.17084775937500002 0.605364671875 0.1614351515625 0.585975178125 0.1554026578125 0.552992565625 0.1509303578125 0.548809215625 0.154774878125 0.550558996875 0.162395090625
0 0.42129570781250003 0.122178471875 0.4423950625 0.13260247812499998 0.4553213921875 0.13662413906249998 0.4716844390625 0.1359257328125 0.48282106406249997 0.129098478125 0.46726156718749995 0.12039804218750001 0.4712682375 0.11714181093750001 0.4594418953125 0.1128191234375 0.4388156578125 0.11090464687499998 0.43305920468750003 0.10654066250000001 0.42531937500000006 0.1054191453125 0.41585269062499997 0.1134092125 0.42129570781250003 0.122178471875
0 0.6647815734375 0.1989071171875 0.6718945328125 0.20883918750000002 0.7106336 0.21767547343750002 0.747269528125 0.22006811874999999 0.74868295 0.2153618140625 0.7359332984375 0.2107518640625 0.72051055625 0.1982344375 0.7092541671875 0.1953755875 0.68902120625 0.1955132359375 0.6680016921874999 0.191546634375 0.6647815734375 0.1989071171875
0 0.8204218078125001 0.2521445859375 0.861617365625 0.2662479296875 0.8830870718750001 0.2619922671875 0.891590525 0.2504862359375 0.88239735625 0.250842325 0.8712378031249999 0.24093778281249997 0.8638513281250001 0.2386396890625 0.8244853953125 0.23861396093749998 0.8204388015624999 0.238641490625 0.8177886359375 0.247465809375 0.8204218078125001 0.2521445859375
0 0.80360343125 0.3350381375 0.8082998187499999 0.3429318484375 0.8426958546875 0.34269784531249997 0.8624786234374999 0.3507824640625 0.8512392312499999 0.33442051875 0.8297865218749999 0.32517308906250003 0.7932474296875001 0.3157347515625 0.779557471875 0.3243406359375 0.7944102609375 0.335394221875 0.80360343125 0.3350381375
0 0.7658224625 0.4036906953125 0.7789653890625 0.41035277031249995 0.822851034375 0.4188604984375 0.8379943328125 0.4087770125 0.8186048390625 0.40274452031249997 0.8039686484375 0.3943313453125 0.7824191015624999 0.39212960625000004 0.775916015625 0.3868900734375 0.7591996140624999 0.38876505625 0.755762896875 0.3934851265625 0.7658224625 0.4036906953125
0 0.7534265484375 0.4718586703125 0.769572996875 0.46851984843750005 0.7848759765625 0.47135117031249996 0.8020654984375 0.47798571718750005 0.7970157546875 0.4712685796875 0.7736365859375 0.45498922343750003 0.7702168625 0.4462061984375 0.748667315625 0.44400446093749996 0.73230426875 0.44470286875 0.7286908734375 0.450011225 0.7534265484375 0.4718586703125
0 0.7492665359374999 0.522688253125 0.7962355453125001 0.5276524890625 0.7319343296875 0.48963580625 0.7275343828125 0.4908399125 0.7130977953125 0.49857024687499996 0.7215273390625 0.51084170625 0.7492665359374999 0.522688253125
0 0.7093169484375 0.57004171875 0.707550171875 0.5759245984375 0.7232464296875001 0.5808080437500001 0.7401395078124999 0.578344771875 0.77145218125 0.581654265625 0.7472864593749999 0.5612706546874999 0.7136939718749999 0.5521058156249999 0.7024775046875 0.5524756671875 0.6993941421875001 0.556019159375 0.7093169484375 0.57004171875
0 0.3898581390625 0.1831557546875 0.39512448125 0.1925133046875 0.40773737499999996 0.20094024375 0.432666725 0.20869630625000002 0.44841989687500006 0.2033053609375 0.46297624375 0.20526113124999998 0.46680623906249996 0.2025931875 0.4545467 0.192989671875 0.42979402968749997 0.1846453203125 0.4106211359375 0.18125324375000001 0.40217459531250005 0.182484878125 0.3918415140625 0.17991328906249998 0.3898581390625 0.1831557546875
0 0.3686168921875 0.2505216171875 0.40391924218749997 0.2640779703125 0.41847558906250004 0.2660337421875 0.4248589140625 0.26158716875 0.4327754203125 0.2621203984375 0.405486415625 0.2420515828125 0.3803803875 0.2348838078125 0.35926403906250004 0.237962896875 0.3611904984375 0.244994821875 0.3686168921875 0.2505216171875
0 0.3640920484375 0.3160124953125 0.38409141562500004 0.3267375265625 0.40705438281250006 0.3242329609375 0.4036745828125 0.31867863750000003 0.3884684375 0.3088016265625 0.34854954375 0.2938089640625 0.3401828453125 0.3014980046875 0.344565796875 0.3137969921875 0.3640920484375 0.3160124953125
0 0.328704721875 0.369971615625 0.3582905390625 0.3823926890625 0.366207046875 0.3829259171875 0.3914668234375 0.3727736078125 0.382900521875 0.3643191375 0.34970131250000003 0.3572064234375 0.3453013640625 0.35841052812499996 0.3364216265625 0.3543613359375 0.3226518296875 0.356509815625 0.3216316859375 0.36326824687500003 0.328704721875 0.369971615625
0 0.3159669328125 0.42583145 0.3374196421875 0.435078878125 0.35623918125 0.43964753593749994 0.365432353125 0.4392914484375 0.347906475 0.42033038281249996 0.323900434375 0.41286158281249996 0.30529749375000004 0.41093334062500003 0.3020374515625 0.4150651234375 0.3159669328125 0.42583145
0 0.65109440625 0.2830864703125 0.669070478125 0.2938252671875 0.6809936546875 0.2911022640625 0.7131897171875 0.2914703140625 0.6768842171875 0.2711692953125 0.66949774375 0.268871203125 0.6570046109375001 0.27013036874999996 0.643154971875 0.26582144531249996 0.6336084453125 0.26735410625 0.633021496875 0.2793933625 0.65109440625 0.2830864703125
0 0.6192785625 0.35714283125 0.6332649578125 0.35763476562499996 0.646014609375 0.362244715625 0.669234096875 0.36560926562499996 0.6816873078125 0.3611213984375 0.66595113125 0.3530092484375 0.6647313828125 0.343624171875 0.6384854484375 0.3335287203125 0.62159236875 0.3359919921875 0.6110426906249999 0.3307799890625 0.6022827171875 0.336416903125 0.601615925 0.3419987578125 0.6192785625 0.35714283125
0 0.58254598125 0.398773159375 0.6076120859375 0.40271223125000005 0.6231316640625 0.408183965625 0.6492578359375 0.40859331093750006 0.65098469375 0.39948172656250003 0.637311734375 0.39458451562499997 0.6289620296875 0.388770459375 0.6060958984375 0.3842293359375 0.5768464421874999 0.38413478125 0.5774962375 0.3920560234375 0.58254598125 0.398773159375
0 0.5879097515625 0.4683155640625 0.6280223203124999 0.46921684218750004 0.6211259578125 0.46192518437499996 0.6048198265625 0.4523491984375 0.5704407890625001 0.43908010624999994 0.557417621875 0.4421041375 0.5552974890625 0.44916359375 0.5638637906249999 0.45761806250000003 0.5879097515625 0.4683155640625
0 0.562279825 0.530124765625 0.567073046875 0.5309727875 0.5772863640625 0.5238582703125 0.59553595 0.5269630859375 0.595849384375 0.5225578109375 0.580643240625 0.512680796875 0.554043953125 0.5037619234374999 0.5404109125 0.5020934140625 0.5356576078125 0.504474096875 0.562279825 0.530124765625
0 0.38144723593749996 0.015542784374999999 0.329834303125 0.0134397171875 0.3386931265625 0.0173584875 0.366529159375 0.022159345312500002 0.374799021875 0.021515996875000002 0.38144723593749996 0.015542784374999999
0 0.29996592031249997 0.06899198749999999 0.2944659859375 0.07049711875 0.293799196875 0.0760789734375 0.3036421625 0.083644128125 0.342027875 0.0936569875 0.356840740625 0.10148187500000001 0.36049405625 0.09940221875000001 0.3531245796875 0.0836010328125 0.3570913296875 0.0771160984375 0.33141535 0.06848448593749999 0.317035678125 0.0659404265625 0.3099057234375 0.06951145 0.29996592031249997 0.06899198749999999
0 0.270044540625 0.1484521640625 0.3092168046875 0.162569275 0.33832950156249997 0.1664808203125 0.337366271875 0.1629648578125 0.3422962515625 0.1599958859375 0.3341232265625 0.15359354218750002 0.3399765171875 0.150911834375 0.338483253125 0.1491607359375 0.297327615625 0.138286090625 0.2708081671875 0.1358246203125 0.26723469375 0.1443616796875 0.270044540625 0.1484521640625
0 0.2603331953125 0.2110428984375 0.29146918906249997 0.21494067656250002 0.3191854609375 0.2100554296875 0.270820028125 0.196294403125 0.2667335140625 0.19309323125 0.258856928125 0.19578870312500002 0.2452238875 0.19412019375 0.24345711093750003 0.2000030765625 0.24719026875 0.20438082343750003 0.2603331953125 0.2110428984375
0 0.2439420890625 0.2689823859375 0.25946166718749997 0.27445412187499996 0.2895945109375 0.2716072328125 0.2610288421875 0.2524277328125 0.2404026046875 0.25051325625 0.2302062828125 0.24412467656249998 0.22122970937500003 0.24712117656250002 0.2196396109375 0.2524157703125 0.2439420890625 0.2689823859375
0 0 0.7835234437499999 0.0049406 0.785776375 0.028336765625 0.7885526359374999 0.0074710046875 0.7672659484375 0 0.76433340625 0 0.7835234437499999
0 0.044301401562499995 0.85977498125 0.0814503671875 0.8739058562500001 0.092393321875 0.8811699859375001 0.0955964453125 0.8873125984374999 0.099819715625 0.8866967796875 0.0975568953125 0.8673383343750001 0.0839807703125 0.8553954312500001 0.06700785000000001 0.8514012984375 0.044928270312500004 0.8509644265625 0.04166823125 0.85509620625 0.044301401562499995 0.85977498125
0 0.1661612203125 0.9111966031250001 0.189637228125 0.92043026875 0.196807103125 0.920087946875 0.18250134375 0.8937663984374999 0.153172046875 0.8872144437499999 0.146002171875 0.8875567640625001 0.14458875 0.8922630687499999 0.1661612203125 0.9111966031250001
0 0.2537388390625 0.9423034421875001 0.26617505625 0.9513186703125 0.29088780625 0.9564343171875 0.2829483734375 0.93916929375 0.24526937499999998 0.9268032796875 0.2385326953125 0.9324264296875 0.2452523796875 0.9403063749999999 0.2537388390625 0.9423034421875001
0 0.4341822765625 1 0.4316809984375 0.9918758078125001 0.41586498125000004 0.97730625625 0.3830590453125 0.97224566875 0.37443582656249996 0.974065590625 0.373199084375 0.9781836078125 0.3767555625 0.98314964375 0.41852107656250004 0.998716828125 0.4204965828125 1 0.4341822765625 1
0 0.7359161203125 0.9604517328125001 0.730986140625 0.9634207031249999 0.7310659796875 0.96987810625 0.7486886968750001 0.9817934781250001 0.77234138125 0.9904388562499999 0.7919075531249999 0.9958830624999999 0.8038706515625 0.9963887609375 0.7867380484375001 0.9794798218749999 0.7947913125 0.9761960593750001 0.7855183 0.9700947421875 0.7742619109375 0.9672358921875001 0.760275515625 0.9667439578125 0.7477025421875 0.9615457203125001 0.7359161203125 0.9604517328125001
0 0.5928431140625 0.9191548921875 0.623392159375 0.9350919265625001 0.6560214156249999 0.9407408046875 0.66397784375 0.9445027343750001 0.6659612203124999 0.9412602671875 0.6477286296875 0.924652353125 0.6293992015625001 0.915090134375 0.612249603125 0.9116842890625 0.5938233390625001 0.9091677593749999 0.5905632984375 0.913299540625 0.5928431140625 0.9191548921875
0 0.43271734375 0.867406515625 0.431303921875 0.8721128203124999 0.45420997500000004 0.8798826468750001 0.4691196796875 0.8806618421874999 0.48485585625 0.888773990625 0.48235944374999995 0.8802782265625 0.46558019687499996 0.8621927109374999 0.433264371875 0.8521385562500001 0.4224012609375 0.8513318296874999 0.4169412453125 0.8560656640625 0.43271734375 0.867406515625
0 0.3195892546875 0.8306117796875 0.3522584328125 0.839489359375 0.35406512968750004 0.8368351796875 0.3354392625 0.8181751437499999 0.2951670140625 0.8043590578125001 0.2821438484375 0.8073830859375001 0.29259669062500004 0.8196407812500001 0.3195892546875 0.8306117796875
0 0.200277015625 0.78415391875 0.22080641875 0.7931140859375 0.24103937812499998 0.7929764375 0.229663228125 0.7804314828125001 0.2131804203125 0.7714437843749999 0.2000774140625 0.7680104109375 0.1890376234375 0.7677919734375 0.1867008921875 0.772211015625 0.200277015625 0.78415391875
0 0.115115971875 0.755085440625 0.1342489453125 0.7552488187499999 0.12059298125 0.7368485125 0.0881404015625 0.730611346875 0.0800871359375 0.733895109375 0.0890467140625 0.744401703125 0.115115971875 0.755085440625
0 0.0736188359375 0.8058571562499999 0.097921315625 0.822423771875 0.1111610796875 0.8220401562499999 0.1122211453125 0.818510428125 0.1056382203125 0.8068134921875 0.09280872812499999 0.7957461390625 0.0826523265625 0.7925862625 0.0600427140625 0.7939142515625 0.063285759375 0.803285565625 0.0736188359375 0.8058571562499999
0 0.172042571875 0.8512738140625 0.1780725390625 0.84800381875 0.189328928125 0.8508626687499999 0.20304180781249997 0.8589885796875001 0.227498040625 0.8582351140625001 0.22064160156249998 0.8541721578124999 0.21085555 0.8363326093750001 0.19704583125 0.8352523875 0.1741397796875 0.8274825625 0.1673631796875 0.8298770062499999 0.16453633750000002 0.839289615625 0.172042571875 0.8512738140625
0 0.2682034859375 0.8773320265625 0.2919360109375 0.89243480625 0.32307200625 0.8963325843750001 0.3241320734375 0.8928028578125 0.3181989421875 0.8890271609375 0.3093761203125 0.8747035765625 0.2798302265625 0.8655112062500001 0.2664137859375 0.866483109375 0.2648236859375 0.8717777015625 0.2682034859375 0.8773320265625
0 0.4414721828125 0.935742478125 0.46895486249999996 0.9417199125 0.44645908125 0.9224991156250001 0.41137333125 0.9115831765625 0.4033200671875 0.9148669375 0.41078638125 0.9236224343749999 0.4414721828125 0.935742478125
0 0.634079575 1 0.6331671437499999 0.9966694609375001 0.6234609343749999 0.985287315625 0.5800254812500001 0.9685573203125 0.5760587312500001 0.975042253125 0.5811483921875 0.984988090625 0.6114808390625 0.9982847125 0.616994075 1 0.634079575 1