0 0.4132348671875 0 0.4110081390625 0.016573734375 0.41640433750000005 0.010954178125 0.4201256171875 0.015958796875 0.4284979546875 0 0.4132348671875 0
0 0.48243519062500007 0 0.48229619062499995 0.0004581234375 0.4830622078125 0.0311437734375 0.4864991234375 0.0219137359375 0.4977228359375 0.0118399890625 0.5005889296875 0 0.48243519062500007 0
0 0.560459890625 0 0.55935188125 0.0049759171875 0.55095008125 0.020990873437499998 0.5546713624999999 0.025995490625 0.5565204359375 0.0394079390625 0.5760724734375 0.019853878125 0.5733240328125 0.007378025000000001 0.5734436265625 0.001942521875 0.5621447046875 0 0.560459890625 0
0 0.6522287984374999 0.0253082671875 0.6459517406249999 0.0144081953125 0.6301332671875 0.011688665625 0.6285473015624999 0.01687206875 0.623201440625 0.03777725625 0.626651959375 0.047100171875 0.637889275 0.055579381250000004 0.6461305203125 0.0340807578125 0.6522287984374999 0.0253082671875
0 0.69967886875 0.054198975 0.7065064296875 0.07937945468749999 0.7155599671874999 0.0449259296875 0.716710709375 0.026573153125 0.7039029046875 0.0243712203125 0.69967886875 0.054198975
0 0.7774279515625 0.0665093375 0.7798198125 0.0374229359375 0.7636704921875 0.0346465265625 0.7600787578125 0.04824966875 0.760844778125 0.07893531875000001 0.757531678125 0.0969163421875 0.77285764375 0.07772694375 0.774619640625 0.0791210828125 0.7774279515625 0.0665093375
0 0.40920394218749995 0.117746334375 0.41663290000000003 0.109202615625 0.41281094218750003 0.073626734375 0.403064859375 0.0708599640625 0.39829726249999997 0.0798612265625 0.3892069890625 0.117582075 0.3864490171875 0.14547945 0.38805046249999997 0.141389921875 0.3980673078125 0.1398383921875 0.40920394218749995 0.117746334375
0 0.481856346875 0.08929891718750001 0.48013108750000005 0.08463745781250001 0.4727756046875 0.0866465328125 0.4646445703125 0.0983431875 0.46181312343750003 0.132775209375 0.457206078125 0.1472601390625 0.46522690312500004 0.14536545 0.47359196406250004 0.132617815625 0.481856346875 0.08929891718750001
0 0.5200984609375 0.16574599375000001 0.5246088953125 0.1796159859375 0.5286744140625 0.1737676578125 0.5326664562500001 0.17445397499999998 0.5332583234375 0.1811030046875 0.53814973125 0.180852728125 0.5474372953125 0.145348225 0.54731348125 0.1365972359375 0.552278365625 0.1298123171875 0.5494428515625 0.105318153125 0.5465842000000001 0.1026442640625 0.5429867328125 0.1063906375 0.5230169828125 0.143332284375 0.5200984609375 0.16574599375000001
0 0.6267567078125 0.136597621875 0.6260410281250001 0.12119760312500001 0.620828515625 0.11048054843749999 0.616602446875 0.1108452109375 0.6118348484375 0.11984647500000001 0.602079234375 0.1574529375 0.607181534375 0.17797195625 0.6126648109375 0.184370709375 0.622434028125 0.1653172046875 0.6267567078125 0.136597621875
0 0.6849855765624999 0.1356962640625 0.67812535 0.172709290625 0.682869809375 0.185528303125 0.6877612203125001 0.18527802499999999 0.6987740421875 0.15443498125 0.6957412359374999 0.12772447343749999 0.68951914375 0.127745978125 0.6849855765624999 0.1356962640625
0 0.7426065765625001 0.2181855921875 0.7600986515625 0.1644497875 0.7585938156250001 0.1401843953125 0.7548357984375 0.1384471015625 0.7483062078125 0.146054228125 0.7403493250000001 0.1817875046875 0.7426065765625001 0.2181855921875
0 0.83394025 0.050001015625 0.8341987671875 0.0467718234375 0.8198569812500001 0.0443061671875 0.8127867671875 0.07364460625 0.8163610968749999 0.0917185109375 0.8205504296875 0.09462117187499999 0.8259466296875001 0.0890016140625 0.8361838984375 0.0678461515625 0.83394025 0.050001015625
0 0.7949177875 0.2004268578125 0.789301165625 0.2256503484375 0.7997357234375 0.20671122656250002 0.802878740625 0.22361976718749998 0.8250785374999999 0.1859703 0.8197422109374999 0.16650225624999998 0.8190632687500001 0.1478349171875 0.8117812593749999 0.1433093484375 0.8088491328125 0.1471701046875 0.8069401890625001 0.15884525625 0.7983043624999999 0.175911190625 0.7941653718749999 0.1882941625 0.7949177875 0.2004268578125
0 0.5195484046875001 0.2643887546875 0.5239948984375 0.2444201609375 0.5163183124999999 0.2354619046875 0.5091233796875 0.2429546453125 0.5011528968750001 0.260134965625 0.4971377171875 0.2812689265625 0.4980506875 0.2988852875 0.5016114171875 0.2984062390625 0.5191306953125 0.2817763453125 0.5195484046875001 0.2643887546875
0 0.5897030625 0.25026071562499996 0.5802182109375 0.2835488734375 0.5799243140625 0.30968745000000003 0.5939563390625 0.287001959375 0.60308335 0.2460137921875 0.5962693921875 0.23938626406250002 0.593139978125 0.241030678125 0.5897030625 0.25026071562499996
0 0.6557323312500001 0.2670686 0.6482435015625 0.3006999171875 0.651707621875 0.32857579062500003 0.6642484140625 0.3001778625 0.672095084375 0.274246553125 0.6683602 0.2506889796875 0.6636660796875 0.25315560000000004 0.6557323312500001 0.2670686
0 0.7183518906249999 0.33021242968750003 0.725005296875 0.331356290625 0.725165846875 0.3368399546875 0.7349949375 0.29269885 0.735165021875 0.25780928593749997 0.727144196875 0.259703975 0.7166729015625 0.28191041875 0.70882623125 0.307841728125 0.7136074296875 0.3173934171875 0.7160851046875 0.334187571875 0.7183518906249999 0.33021242968750003
0 0.794848384375 0.26588768906250004 0.78882358125 0.26812553437500003 0.7835879328125 0.2792287578125 0.7768882578125 0.3217254484375 0.7801550890625 0.3473849765625 0.7845417109375 0.35250397968749997 0.793324484375 0.32236875781249996 0.7985832671875001 0.289445259375 0.794848384375 0.26588768906250004
0 0.9074971187499999 0.059373354687500005 0.895048246875 0.05723313125 0.8904207234375001 0.066258475 0.88054129375 0.09511395 0.8912370828125 0.11222975625 0.9018321921875 0.09877430312499999 0.9079903421875001 0.0649142125 0.9074971187499999 0.059373354687500005
0 0.12520980312500002 0.3864646484375 0.1261962484375 0.3975463671875 0.13121147187499999 0.406047078125 0.1312985484375 0.4180653875 0.1432243390625 0.4048387046875 0.1495063015625 0.37972960312500004 0.16150556875 0.359968275 0.1542970328125 0.3489080625 0.1537419046875 0.3389917078125 0.146891209375 0.33563150625 0.13266189687500002 0.356100653125 0.13298300000000002 0.367067984375 0.12520980312500002 0.3864646484375
0 0.20511575468749998 0.42311763124999996 0.2169544703125 0.3978726375 0.2261454234375 0.39072305625000003 0.2272652125 0.37018253125 0.2239249078125 0.3510576453125 0.2217683359375 0.3452308234375 0.21621158437500002 0.3453667125 0.2044463453125 0.36407706093750003 0.20066519375 0.3841600421875 0.20048150781250001 0.40049665156250003 0.20511575468749998 0.42311763124999996
0 0.2863240875 0.3470365875 0.28265315 0.357317603125 0.2743982984375 0.3602632703125 0.272562828125 0.365403778125 0.2742880859375 0.37006523750000003 0.272145115625 0.3827913671875 0.27602694687499996 0.39327964843749996 0.27174100625 0.4187319109375 0.27671949218749997 0.43049994218750004 0.28535531718749996 0.41343400781249995 0.2930686421875 0.41912494218749996 0.3006676828125 0.37569165781249997 0.2958361453125 0.3508543359375 0.292114865625 0.3458497203125 0.2863240875 0.3470365875
0 0.3597918015625 0.40169634531250004 0.3686113125 0.368293796875 0.36750105624999996 0.34846109375 0.35814955 0.3501270109375 0.34787554374999996 0.374549796875 0.3415935796875 0.39965890000000004 0.3401295515625 0.4310523703125 0.3423228625 0.4336118703125 0.35236284375000004 0.4102400640625 0.3597918015625 0.40169634531250004
0 0.436621790625 0.37780380468749997 0.4376313703125 0.3670652484375 0.434869328125 0.3360364390625 0.429583340625 0.331854028125 0.42172306875 0.3392323828125 0.41263279375 0.37695323125 0.41854738437499994 0.3845173484375 0.42091484843750004 0.4111134703125 0.423576209375 0.41157101406249996 0.436621790625 0.37780380468749997
0 0.48350841093749997 0.4262394734375 0.49203402343749997 0.4189755046875 0.4959525921875 0.426196465625 0.495213778125 0.4326167234375 0.498145903125 0.428755965625 0.5011977734374999 0.3747200125 0.5044373984375 0.363273634375 0.50051883125 0.35605267343749997 0.4897999046875 0.360757140625 0.48258183906249996 0.3900701578125 0.4812280234375 0.41166166249999997 0.48350841093749997 0.4262394734375
0 0.580804615625 0.38949731718749997 0.5782398625 0.3606848546875 0.573348453125 0.36093513125 0.567484203125 0.3686566421875 0.5548331984375 0.40685654062500004 0.5483172078125 0.4330166203125 0.552506540625 0.43591928125 0.5692502671875 0.428976965625 0.577959565625 0.4053763859375 0.580804615625 0.38949731718749997
0 0.6372986921875 0.42430773125 0.6444568875 0.42008231250000005 0.64658625625 0.388803228125 0.64982588125 0.3773568484375 0.6479033359375 0.3704790484375 0.6372211484375 0.3719161921875 0.6248409078125 0.4057977859375 0.62136725625 0.4182951453125 0.6227115390625 0.437076871875 0.6318290171875 0.43646193125000005 0.6372986921875 0.42430773125
0 0.7009468937500001 0.3959665421875 0.6901680984375 0.425758609375 0.69147564375 0.44780765625 0.6963303171875 0.450824703125 0.7172497734375 0.42823209218749997 0.7146346796875 0.3841339953125 0.707747246875 0.3840411140625 0.7009468937500001 0.3959665421875
0 0.76295145 0.47428161874999997 0.7635433171875 0.4809306484375 0.771908378125 0.4681830140625 0.7811959421875 0.43267850937499996 0.78010881875 0.3910255296875 0.7727900734375 0.3897672828125 0.7650903515625 0.402629303125 0.7527971890625 0.4485292078125 0.7516773984375 0.46906973281250003 0.755472153125 0.4675397046875 0.76295145 0.47428161874999997
0 0.46081196406249997 0.587110590625 0.475816828125 0.5569538609375 0.48013950781250003 0.5282342796874999 0.4830716328125 0.5243735234375 0.4791530640625 0.5171525609375001 0.47906598906250003 0.5051342515624999 0.47534470781250004 0.500129634375 0.46971448281250006 0.50680016875 0.4624093375 0.524094878125 0.45203872343749996 0.5768725828125 0.45615457968750006 0.5863098890625 0.46081196406249997 0.587110590625
0 0.551354084375 0.5186533109375 0.543604021875 0.5162297 0.522647828125 0.54208963125 0.5225743546875 0.548624275 0.5298196265625 0.5564171671875 0.5316455640625 0.5916498875 0.54360809375 0.575155884375 0.548880478125 0.5607853406250001 0.551354084375 0.5186533109375
0 0.593040584375 0.585836796875 0.5944216046874999 0.6013511984375 0.5992626734375001 0.5858152921875 0.6134552515625 0.5686134671875 0.621499209375 0.5448985000000001 0.62132505625 0.52086188125 0.6171357234375 0.517959221875 0.6108768953125 0.5212480484375 0.59583529375 0.554672096875 0.5895533296875 0.5797812 0.58947985625 0.58631584375 0.593040584375 0.585836796875
0 0.6677886843749999 0.5386708703124999 0.6615570609375 0.57906560625 0.6657232578125 0.603788540625 0.675442134375 0.5694494046874999 0.6788654484375 0.5416664124999999 0.6767088734375 0.5358395890625001 0.6713861515625 0.5349245015624999 0.6677886843749999 0.5386708703124999
0 0.747074425 0.5424808453125001 0.7402604671875 0.5358533203125 0.7343962140625 0.5435748328125001 0.7225711031250001 0.5873727796875 0.7420033984375001 0.6179939171875 0.7462158640625 0.5990763 0.746941078125 0.5741030890625 0.7440320859375 0.55614356875 0.747074425 0.5424808453125001
0 0.4380747109375 0.6923228453125 0.4323206703125 0.690242390625 0.42625913125 0.6957475609375 0.41157536875 0.7368716203125001 0.4149292765625 0.774549459375 0.42841977499999995 0.76050056875 0.43869378125 0.7360777828125 0.440442175 0.718918965625 0.4380747109375 0.6923228453125
0 0.5141112921875 0.7479524296875 0.5166855781249999 0.7363916640625 0.515107265625 0.718660915625 0.5190857078125 0.7007942796875 0.5175944765625 0.6950818390625 0.5089450484375 0.6935948203125 0.5035121124999999 0.7024816984375 0.4916870015625 0.7462796468749999 0.49666548749999995 0.7580476796875 0.4963348515625 0.7874535796875 0.5141112921875 0.7479524296875
0 0.5623137812500001 0.7889758312499999 0.5723673640625 0.784156978125 0.574721225 0.7922001468750001 0.58224679375 0.75530150625 0.5811732734375 0.7322014796875 0.583981584375 0.719589734375 0.5809623828125 0.71143218125 0.576304996875 0.710631478125 0.5686420125 0.720226178125 0.5566196125 0.7618077828125001 0.5581244484375001 0.7860731734375 0.5623137812500001 0.7889758312499999
0 0.6364876859375 0.8126400171875 0.645086775 0.798841403125 0.649643478125 0.769070840625 0.6549158640625 0.7547002984375 0.6458215187499999 0.7334949609375 0.6395626921875001 0.7367837875000001 0.633661703125 0.747772621875 0.6208868843750001 0.7772215296875 0.62813215625 0.78501441875 0.6281824968749999 0.8003000515625001 0.6364876859375 0.8126400171875
0 0.7018706781249999 0.74858705625 0.693877059375 0.7875876515625 0.6940280796875 0.8334445468749999 0.708133578125 0.8042244125 0.7125800703125 0.7842558171875 0.7115800234375 0.7546211484375001 0.708758109375 0.7486799375000001 0.7018706781249999 0.74858705625
0 0.0376358625 0.8897348656249999 0.0372181484375 0.9071224546875 0.0405081140625 0.91096170625 0.0452389734375 0.9052277640625 0.05711442343749999 0.8767154500000001 0.061560915625000004 0.8567468546875 0.0636535484375 0.82873509375 0.061262950000000004 0.8239592484375 0.055040857812499996 0.8239807515625 0.0496446578125 0.8296003078125 0.0398387046875 0.8519211359375 0.034653396875 0.8783099890624999 0.0376358625 0.8897348656249999
0 0.1210067625 0.8986120156249999 0.12668732656249998 0.9072271140625 0.1354469640625 0.8989121656249999 0.145413471875 0.882075003125 0.1542697203125 0.8454051343750001 0.1548479828125 0.8335012109375001 0.15245738281250001 0.828725365625 0.1460012671875 0.8297978484374999 0.133607425 0.8451264890625 0.1312304265625 0.8589035984375 0.12185578749999999 0.8823897921875 0.1210067625 0.8986120156249999
0 0.20039432031249999 0.9220813234374999 0.21142074531250002 0.9097912328125 0.2279903171875 0.8788122984375001 0.2264487453125 0.8578142296875001 0.2305877375 0.84543125625 0.2242785703125 0.8334344515625001 0.213596384375 0.834871596875 0.20927370625 0.8635911796875 0.200059615625 0.8925610374999999 0.198311221875 0.90971985625 0.20039432031249999 0.9220813234374999
0 0.264363625 0.9047074640625 0.26892440156249997 0.9338630859375 0.2722375015625 0.9158820625 0.2833374 0.8970573281249999 0.286958 0.8714906812500001 0.2867103734375 0.8539887078125 0.2836544328125 0.8490984765625 0.27809768125 0.849234365625 0.26949859374999996 0.8630329796874999 0.2677869390625 0.876924475 0.25754966874999996 0.8980799375 0.264363625 0.9047074640625
0 0.27292597500000004 0.8941761734375 0.27668399374999997 0.8959134687500001 0.28094680156249996 0.8922814828125001 0.2811304859375 0.8759448734375 0.2744403453125 0.8780683343750001 0.2712374546875 0.8862473906250001 0.27292597500000004 0.8941761734375
0 0.34454466093749997 0.8486546625000001 0.336955153125 0.8517147156249999 0.3260525421875 0.87275579375 0.31993113125 0.9033485609374999 0.32808937031249996 0.9287578140624999 0.3437228390625 0.9019827953125 0.34448479062500004 0.873742259375 0.347761153125 0.859028559375 0.34454466093749997 0.8486546625000001
0 0.41122566875000005 0.8470239796874999 0.4052376046875 0.8459945046874999 0.4016401375 0.8497408765625 0.390172865625 0.9012388296875 0.3922328296875 0.935420575 0.4007951796875 0.924889284375 0.41402444687499995 0.874785465625 0.41401084531250004 0.8562325124999999 0.41122566875000005 0.8470239796874999
0 0.48457368125 0.8650901109375001 0.47858561718750003 0.8640606359375 0.4694817390625 0.8832285296875 0.46890347656250003 0.895132453125 0.4615983328125 0.9124271609375001 0.46466787500000006 0.9358703453125001 0.48355457187499995 0.9162019015625 0.48745953750000004 0.9048699062500001 0.48457368125 0.8650901109375001
0 0.5514927843749999 0.9213346343750001 0.55414054375 0.9032392249999999 0.5538425765625 0.8704516171875 0.5453904390625001 0.8711809421875 0.5323815953125 0.9016808281250001 0.5291419687500001 0.9131272078125001 0.5311651953125 0.9505762734375001 0.535932790625 0.941575009375 0.5416868312500001 0.9436554640624999 0.5514927843749999 0.9213346343750001
0 0.61213945625 0.96231503125 0.62381761875 0.9315863703125 0.6230883359375 0.8976333999999999 0.6160036156250001 0.895324175 0.6031049828125 0.91602209375 0.5955658140625 0.9343677796875 0.601283115625 0.93971555625 0.6034532921875 0.9640953328125 0.6076426234375 0.9669979921875 0.61213945625 0.96231503125
0 0.6839050906249999 0.9037242296875 0.678348340625 0.9038601203125 0.671313959375 0.9168365265625 0.66128758125 0.9587612875 0.663136653125 0.972173734375 0.6713180296875 0.9757627109375001 0.685350053125 0.9530772187500001 0.6881447640625 0.921912521875 0.6839050906249999 0.9037242296875
0 0.061200832812499995 0.3372677140625 0.05517603125 0.33950556249999997 0.0412310828125 0.3742093640625 0.0363165390625 0.396279915625 0.0469619890625 0.39811009375 0.0601817234375 0.3883795046875 0.06864339375 0.34727695000000003 0.0675834765625 0.3427298765625 0.061200832812499995 0.3372677140625
0 0.0701999609375 0.2286023765625 0.067822965625 0.242379484375 0.0731824265625 0.24002724999999997 0.072962003125 0.2596311828125 0.08571368593749999 0.2520025515625 0.0954461671875 0.2362163671875 0.09872253125 0.221502665625 0.100347109375 0.1955928609375 0.09490056875 0.1859267828125 0.081951596875 0.1913390734375 0.0787487109375 0.1995181296875 0.079771890625 0.2073325234375 0.0701999609375 0.2286023765625
0 0.014320960937499998 0.564910015625 0.0322946890625 0.527625209375 0.045216456249999995 0.48510701406249995 0.0395726296875 0.47322459375000003 0.030689175000000003 0.472788553125 0.022879242187500003 0.495452540625 0.0115453171875 0.5153282531250001 0.008071665625 0.5278256125 0.011609259375 0.5491668390625 0.0089982359375 0.5639949265624999 0.014320960937499998 0.564910015625
0 0.0990625890625 0.685326515625 0.094047365625 0.67682580625 0.0994803 0.667938928125 0.0970393609375 0.64787745 0.081158265625 0.65715049375 0.0700352328125 0.6977955031249999 0.067079971875 0.7234765375000001 0.07664236875 0.7425799171875 0.07979491718750001 0.719115228125 0.0990625890625 0.685326515625
0 0.1461452890625 0.7468904453125 0.1642564328125 0.7369095812500001 0.18034435 0.6894796484375 0.1811933765625 0.673257425 0.1769169671875 0.65833645625 0.1704608515625 0.6594089375000001 0.15939768906250001 0.6749663484374999 0.16085218437499998 0.683946109375 0.15104623125 0.7062669390625 0.1510598328125 0.72481989375 0.1461452890625 0.7468904453125
0 0.232802465625 0.7454204484375 0.2359182765625 0.72522308125 0.2416587140625 0.7087505796875 0.2538185296875 0.6944729203125 0.24643584375 0.6593760875 0.23931438593749998 0.6603341828125 0.22958190312500001 0.6761203671875 0.21977595 0.698441196875 0.22635587968749998 0.7061197015625 0.22911792343749998 0.737148509375 0.232802465625 0.7454204484375
0 0.28394426093749997 0.7640337140625 0.30515761406249997 0.715302528125 0.3090857171875 0.682150259375 0.3019139171875 0.6678227234375 0.28646413593750003 0.6782611328125 0.2828666703125 0.682007503125 0.28394426093749997 0.7640337140625
0 0.3796100390625 0.700294021875 0.3729566328125 0.6991501609374999 0.3649222078125 0.682491896875 0.3597967703125 0.683793153125 0.3532304421875 0.6946676015625 0.343474828125 0.7322740624999999 0.3497608609375 0.76609114375 0.363903096875 0.7336036859374999 0.3756315984375 0.718160659375 0.3796100390625 0.700294021875
0 0.1502517203125 0.26309799843750004 0.1527293984375 0.279892153125 0.15742351875 0.27742553281250004 0.1635952703125 0.2621183984375 0.1775170828125 0.2492348734375 0.183835784375 0.22085844843750002 0.1826887875 0.2042930671875 0.1765769078125 0.19451260312500002 0.17235083906249998 0.19487726562500002 0.16911121406250001 0.2063236453125 0.16324696249999998 0.214045159375 0.15590508281249998 0.23460718749999998 0.1502517203125 0.26309799843750004
0 0.2468594515625 0.2480617359375 0.2533251015625 0.2066160234375 0.25210462968749997 0.1965852828125 0.24638732812500003 0.191237509375 0.23172670156250003 0.21054129062500002 0.2247426609375 0.2388033296875 0.2289959359375 0.27554457499999996 0.2328641640625 0.26747990312500003 0.2406877 0.2633688703125 0.2468594515625 0.2480617359375
0 0.3276826921875 0.2139435953125 0.3182441109375 0.203591203125 0.3061945046875 0.208066896875 0.2985587265625 0.25476750312499996 0.299668984375 0.2746002078125 0.3031562390625 0.2806558046875 0.3182849171875 0.25925006562499997 0.31901013125 0.2342768515625 0.3276826921875 0.2139435953125
0 0.3586135328125 0.28909886875 0.3823916390625 0.269180146875 0.38625986874999996 0.2611154765625 0.39065602187500004 0.22586124999999999 0.38810487031249996 0.21560173906250002 0.38102015 0.21329251249999998 0.37132440624999996 0.2258113765625 0.370314828125 0.236549934375 0.3667173640625 0.24029630625 0.355199753125 0.2765086296875 0.3586135328125 0.28909886875
0 0.4489216265625 0.22169257031249998 0.44313085 0.2228794375 0.4346923140625 0.2421617171875 0.42860763906250005 0.2694871640625 0.43719719375 0.29606178125 0.44263013124999995 0.287174903125 0.4486413296875 0.2663841 0.4515965921875 0.24070306718749998 0.4489216265625 0.22169257031249998
0 0.10207059843749999 0.5663383921875 0.1195395359375 0.5344228640625001 0.12876722812500002 0.5240059609375 0.12835904843749998 0.5010203171875001 0.1348015640625 0.4813948828125 0.12286217031249999 0.47606860937500006 0.11609855312499999 0.484726715625 0.11258816406250001 0.500491396875 0.10445712656249999 0.5121880515624999 0.10258491875 0.52059588125 0.10207059843749999 0.5663383921875
0 0.184001871875 0.513332 0.1792111421875 0.5441535390625 0.1875898046875 0.5499588609375 0.1867040421875 0.56944840625 0.19792775468749998 0.559374659375 0.2075364203125 0.5348374859375 0.21014744375 0.5200094015625 0.21741585 0.5059820140625 0.2125843109375 0.48114469375 0.2068302734375 0.4790642390625 0.1965426640625 0.48493407031249997 0.1957303734375 0.49788897499999996 0.184001871875 0.513332
0 0.25045413125 0.5607665625 0.26452289218749997 0.5348137484375 0.2678359921875 0.5168327234375 0.27791271093750003 0.4901935953125 0.27422816875 0.48192165625000005 0.266946159375 0.47739608906250003 0.2508446390625 0.5062730640625001 0.2425666546875 0.5310390078125 0.243553096875 0.542120725 0.24070805 0.5579997921875 0.25045413125 0.5607665625
0 0.345023890625 0.5006402078125001 0.3416101109375 0.48804996718749993 0.333626021875 0.4866773359375 0.32349896562499997 0.4980308328125 0.31726734218749997 0.5384255687499999 0.3174782328125 0.5591948640625 0.32069472656250003 0.5695687609375 0.34203189218749996 0.5295885625000001 0.345023890625 0.5006402078125001
0 0.41401363125 0.539781315625 0.4158491015625 0.53464080625 0.4058417875 0.4958191078125 0.4009136390625 0.49933670625 0.394975915625 0.5135928640625 0.38885450312500003 0.54418563125 0.3899647609375 0.5640183359375001 0.39438811875 0.56587001875 0.4014959734375 0.5463589671875 0.41401363125 0.539781315625
0 0.10087096250000001 0.10947712031250001 0.112034803125 0.124490971875 0.116063584375 0.121909965625 0.11671532343749999 0.103471396875 0.1283064078125 0.060724429687500005 0.1264573359375 0.047311984375 0.12070329531249999 0.04523153125 0.1162064625 0.0499144953125 0.1112048421875 0.0599667359375 0.103812621875 0.065243134375 0.0983062109375 0.08066465625 0.09241882343749999 0.11020644531249998 0.10087096250000001 0.10947712031250001
0 0.1789130984375 0.1250766328125 0.1805648828125 0.1362727375 0.1861583703125 0.1328695234375 0.189017021875 0.1355434109375 0.20136052499999998 0.10492913906250001 0.20942761718749997 0.0593938984375 0.20703701875 0.054618053124999996 0.196822884375 0.053953240624999996 0.1845161203125 0.0813001890625 0.17222295625 0.12720009375000002 0.173085584375 0.1295308234375 0.1789130984375 0.1250766328125
0 0.2617092265625 0.11312192812499999 0.27518612187499997 0.080520084375 0.27603515 0.0642978578125 0.2738785765625 0.058471034374999994 0.26722517031250004 0.057327174999999994 0.26128744375 0.07158333125 0.25432653906249997 0.0780250953125 0.25515243125 0.08362314531250001 0.2416524 0.13804526718750001 0.2617092265625 0.11312192812499999
0 0.3376274578125 0.06070110937499999 0.3316393921875 0.059671634375000004 0.3237791203125 0.06704998906250001 0.32429751093750003 0.08023366562499999 0.3147255828125 0.1015035140625 0.31741415 0.1390669671875 0.336842371875 0.11076192031250001 0.34015547343749997 0.09278089687499999 0.3376274578125 0.06070110937499999
0 0.9685975625 0.06987780625 0.9571410312499999 0.0679081890625 0.951769471875 0.104085934375 0.96075360625 0.1350932375 0.9710276109375 0.11067045312499998 0.9725419796875 0.0945626140625 0.968462859375 0.08185798749999999 0.9685975625 0.06987780625
0 0.9775798015625 0.47555281093749996 0.980446425 0.41400525468750005 0.9740304265624999 0.41672624999999996 0.965100703125 0.45993076093749996 0.9773611984375 0.4762243640625 0.9775798015625 0.47555281093749996
0 0.94293625 0.65253850625 0.948048084375 0.6326842984375001 0.9474929546874999 0.6227679453125 0.9555967843750001 0.5739653828125 0.9527748703125001 0.568024171875 0.9481174890625 0.56722346875 0.941587896875 0.5748305953124999 0.928308290625 0.6096487828125 0.933607878125 0.6323841484375 0.9415184906249999 0.6402914265625 0.94293625 0.65253850625
0 0.90503765 0.8413500062500001 0.9163307671875 0.765815434375 0.914839534375 0.7601029953125 0.9095168093750001 0.7591879078125 0.9025559046874999 0.76562966875 0.8925662624999999 0.8042871078125 0.90503765 0.8413500062500001
0 0.8587563140625001 0.9654300062500001 0.8538050328125 0.9907678796875 0.856083271875 0.9947484828125001 0.8729740671874999 0.994650215625 0.8829289984375001 0.949943971875 0.8812037406250001 0.9452825125000001 0.8738849921874999 0.944024265625 0.8587563140625001 0.9654300062500001
0 0.8004635046875 0.9324927781250001 0.790818103125 0.9602972703124999 0.78594029375 0.9791005015625001 0.78773201875 0.9951461390624999 0.8027151578125 0.9950589703125001 0.8133662078125001 0.9707210421875001 0.812329425 0.9443536937499999 0.8053916531249999 0.9289751796875001 0.8004635046875 0.9324927781250001
0 0.74664439375 0.9166928625 0.7404590390625 0.91344704375 0.7348655515625 0.9168502578125001 0.7293958796875 0.9290044578125001 0.7274501953125 0.94394693125 0.720181790625 0.957974315625 0.7167081375000001 0.970471675 0.7174605546875 0.9826043703125 0.7250868015624999 0.9762769953125 0.7302936828125 0.99548030625 0.734973965625 0.9954530765625 0.738049375 0.989417659375 0.7436292609375 0.9674614937499999 0.748383253125 0.9399072765625001 0.74664439375 0.9166928625
0 0.7593049296875 0.8381197390624999 0.7600804812499999 0.8284321578125 0.772694746875 0.793499584375 0.7742322500000001 0.75557146875 0.7698456296875 0.7504524671875 0.764054853125 0.751639334375 0.7562816578125 0.7710359999999999 0.7500731671875001 0.7896104578124999 0.7491506671875 0.8123673281249999 0.755078859375 0.8384843999999999 0.7593049296875 0.8381197390624999
0 0.8055917265625 0.614740325 0.8130941593750001 0.5996619625 0.8182794671875 0.5732731078125 0.81295674375 0.5723580203124999 0.8107498312500001 0.551245565625 0.803160321875 0.5543056187500001 0.7979246718749999 0.5654088390625 0.7897337640625001 0.60219309375 0.79789200625 0.6276023453125 0.8047059624999999 0.634229871875 0.8055917265625 0.614740325
0 0.82828289375 0.40585494375 0.8193164328125 0.45232677812500005 0.827006621875 0.47983798593750004 0.8305673515625 0.4793589390625 0.8400889406250001 0.44280345624999995 0.84444835625 0.4108165515625 0.838409953125 0.39450144531250003 0.82828289375 0.40585494375
0 0.8573169234375 0.28317462031249996 0.8517601718750001 0.2833105109375 0.845859184375 0.29429934687500003 0.8419174828125 0.3088986625 0.84146303125 0.3295535734375 0.8472674093749999 0.346919659375 0.8586013359375 0.3270439453125 0.86132256875 0.30241389218750003 0.8573169234375 0.28317462031249996
0 0.8699910609374999 0.22315445 0.88042561875 0.2042153296875 0.8845510109375001 0.173279403125 0.8793752328125001 0.1592950265625 0.8717489875 0.165622403125 0.8598000625 0.2006693625 0.8699910609374999 0.22315445
0 0.9549070265624999 0.220293890625 0.952379009375 0.188214103125 0.9556186359375 0.1767677234375 0.948373365625 0.1689748328125 0.9345753671875 0.190609346875 0.9320010812499999 0.20217011093749998 0.9355754125000001 0.22024401718750003 0.9432152609375001 0.23246959375 0.9472073046875 0.23315591093750002 0.9549070265624999 0.220293890625
0 0.917596221875 0.3568282375 0.9177200359375 0.365579225 0.9319860859375 0.3418427546875 0.9317384578125001 0.3243407796875 0.935212109375 0.311843421875 0.9417049640625 0.30750361718749997 0.9342991406250001 0.2942270609375 0.9236536921875 0.292396884375 0.9175921515625 0.297902053125 0.91240684375 0.32429090625 0.905803778125 0.338432678125 0.917596221875 0.3568282375
0 0.9150396093750001 0.445868140625 0.9136082468750001 0.41506810625 0.91012099375 0.409012509375 0.904132928125 0.40798303437500005 0.8957678671875 0.4207306703125 0.8882790375 0.4543619875 0.8972128296875 0.470083659375 0.89757066875 0.47778366875 0.9015627140625 0.47846998437500005 0.9150396093750001 0.445868140625
0 0.8645866140624999 0.6445246171875 0.8740347281249999 0.6145037796875 0.8793302468749999 0.578312959375 0.8750171015625 0.5666593125 0.8673908546875 0.5729866890624999 0.85849786875 0.6129238796875 0.8645866140624999 0.6445246171875
0 0.844216825 0.77633299375 0.8374396046875001 0.766438146875 0.8289874671874999 0.7671674703125 0.8210809234375 0.8181863765624999 0.8266880125 0.8333361187499999 0.8324053156250001 0.8386838937500001 0.8351034140625 0.8358741171874999 0.8402519859375 0.812752584375 0.844216825 0.77633299375