0 0.0401703984375 0.026069290625 0.0457415203125 0.0316248671875 0.0566675453125 0.035305017187499996 0.077516321875 0.0347439734375 0.0923158140625 0.0387527203125 0.1015905171875 0.0387982484375 0.1305408421875 0.024522746875 0.129692015625 0.0219092578125 0.10947584531250001 0.0176527921875 0.09685216875 0.0087456625 0.074568290625 0.0131030796875 0.059105303124999994 0.012850271875 0.046852290625 0.01668199375 0.0415591671875 0.020680560937500002 0.0401703984375 0.026069290625
0 0.039323399999999994 0.10319495000000001 0.044894521874999996 0.108750525 0.08757990156249999 0.1150189984375 0.10290389062500001 0.11049473750000001 0.11677733593749999 0.10923606562499999 0.125110546875 0.103483390625 0.12174612968750001 0.09409100468750001 0.1070547484375 0.09379775625 0.08757929375 0.08843928281249999 0.059801515625 0.0898950546875 0.0444620828125 0.0938885296875 0.0391535140625 0.097356309375 0.039323399999999994 0.10319495000000001
0 0.07677926093750001 0.19532428125 0.0776280875 0.19793777031249998 0.0870109 0.2016987984375 0.08688734687500001 0.1974525140625 0.08065272968750001 0.19565287656250002 0.089649434375 0.1861442640625 0.1019642265625 0.1844356828125 0.10878511718749999 0.1798254546875 0.10787451249999999 0.1750888234375 0.100034909375 0.1712469203125 0.07592982499999999 0.166131075 0.059000848437499996 0.1686130703125 0.04457201875 0.1773431765625 0.0440629671875 0.1864069703125 0.07677926093750001 0.19532428125
0 0.051688178125 0.2625570234375 0.0602993875 0.26635848906250004 0.0780617453125 0.2659591984375 0.0890032125 0.2701701359375 0.11131797968749998 0.2668742875 0.133540078125 0.2603937265625 0.142043178125 0.26047969375 0.143524609375 0.25827567500000004 0.1295276109375 0.25528806249999997 0.1247744265625 0.2512844078125 0.10759834374999999 0.2452738328125 0.06674961406249999 0.24900940781249997 0.05528365 0.253331478125 0.04849365 0.259003278125 0.051688178125 0.2625570234375
0 0.0833103640625 0.340107425 0.09736914062499999 0.34521818125000003 0.101983325 0.344444765625 0.1094831546875 0.3366093859375 0.14071740625 0.3211510015625 0.13911241875 0.319108734375 0.104359309375 0.319866878125 0.052677221875 0.323107015625 0.048927306250000004 0.3270247046875 0.0553472546875 0.33519376875 0.0833103640625 0.340107425
0 0.061151259375 0.401870559375 0.06595077499999999 0.40746657343750003 0.112416959375 0.410878928125 0.120086675 0.408882190625 0.141722503125 0.40881149375000003 0.1462903546875 0.4064457234375 0.13843530625 0.402073034375 0.1382963078125 0.3972959640625 0.1001633359375 0.388130934375 0.0847466828125 0.38947048125 0.0709195703125 0.392321509375 0.062555471875 0.3970126140625 0.061151259375 0.401870559375
0 0.0947639296875 0.46815315 0.104254853125 0.4756296765625 0.1096560875 0.475346609375 0.1339767828125 0.4613137375 0.1082667125 0.454155625 0.0850258984375 0.45218405468749995 0.0711833421875 0.454504296875 0.0666309328125 0.45740085312499995 0.0676033140625 0.464260628125 0.0947639296875 0.46815315
0 0.08882397343750001 0.5295978703124999 0.12050610937499999 0.529532265625 0.1365862578125 0.52443678125 0.1333453953125 0.5192906765624999 0.11380816406250001 0.5118090609375 0.0659841015625 0.514847009375 0.062156965625000005 0.516110771875 0.063160234375 0.5240321156250001 0.08882397343750001 0.5295978703124999
0 0.0688561296875 0.58699340625 0.0766339546875 0.5887121671875 0.1138563234375 0.5931405671875 0.13752896875 0.583394415625 0.131340684375 0.5831871359374999 0.121139934375 0.5778741890625 0.1102602421875 0.5757863953125 0.0839175640625 0.5734457921875 0.07468919375000001 0.5749926203125 0.0662942046875 0.5786221515625 0.06567704375 0.583970446875 0.0688561296875 0.58699340625
0 0.123317578125 0.6527149546875 0.1353852578125 0.6425138046875001 0.1258171140625 0.6323833515625 0.0848911640625 0.6334649984375 0.0726690390625 0.6383582921875 0.0728852578125 0.645789290625 0.123317578125 0.6527149546875
0 0.070402384375 0.7198111109374999 0.0991370984375 0.7246843296875001 0.112408825 0.7293047375 0.1185816640625 0.7289812328124999 0.1361586921875 0.722212515625 0.14666771875 0.7115614546875 0.1558652015625 0.70895305625 0.15188362187499999 0.7049089625 0.11551008125 0.7030940546875 0.0916675484375 0.7070015640625 0.07464590625 0.70629884375 0.067778684375 0.709316715625 0.0663435828125 0.7131130906250001 0.070402384375 0.7198111109374999
0 0.0645859828125 0.7855021171875001 0.099524425 0.7911134015625 0.132641659375 0.7872514203125001 0.1547402046875 0.776524575 0.14921541562500001 0.7725613578125 0.1322401078125 0.7734509953125001 0.12981718281250001 0.7698568109374999 0.0890147875 0.77518474375 0.08213211875000001 0.777671828125 0.0761137234375 0.7833031890625 0.0645859828125 0.7855021171875001
0 0.0895719984375 0.8474524562499999 0.09969552968749999 0.850111475 0.13059061562500002 0.8495555203125 0.14597638125 0.847154403125 0.14975718437500002 0.844298284375 0.147287928125 0.83911174375 0.13322915156249998 0.8340009875 0.09847603906249999 0.83475913125 0.0893094453125 0.8384291015625 0.08795156875 0.8448794046874999 0.0895719984375 0.8474524562499999
0 0.08446542500000001 0.91097988125 0.1076290171875 0.910297525 0.12315378125000001 0.9126734750000001 0.147058090625 0.9108891078125 0.15625557343750002 0.9082807078125 0.1591566609375 0.9017495296875 0.1683232546875 0.8980795593750001 0.13644034375 0.891244953125 0.09633233125 0.89387851875 0.0840947625 0.8982410281250001 0.0820579453125 0.90791648125 0.08446542500000001 0.91097988125
0 0.093139628125 0.970063921875 0.1055934171875 0.9731324109375 0.14798535625 0.9693159578125 0.16242963125 0.9611166359375 0.167830865625 0.96083356875 0.172244275 0.95315994375 0.16442011406249998 0.9498488249999999 0.0926608546875 0.9536095687499999 0.087460396875 0.960792846875 0.0875993953125 0.9655699171875 0.093139628125 0.970063921875
0 0.18186511875 0 0.180848996875 0.000622409375 0.16174420625000002 0.008002790625 0.16734621562500002 0.014619934375 0.1774851890625 0.0178097390625 0.21140491875 0.014968890625 0.2489355640625 0.0034332843750000002 0.23912445624999998 0 0.18186511875 0
0 0.2844269578125 0 0.2828552921875 0.0005924359375 0.2823307953125 0.00912544375 0.2902012875 0.01402891875 0.3057414953125 0.016935654687500003 0.3335347171875 0.016010668750000002 0.3617288828125 0.002306390625 0.349336871875 0.00136104375 0.3449626296875 0 0.2844269578125 0
0 0.4191446765625 0 0.40890489375000005 0.003555165625 0.4083340640625 0.010495817187500001 0.41236197656250007 0.0161322671875 0.43179109843749997 0.019898384375 0.43865832187500003 0.016880514062499997 0.4725162734375 0.0119165234375 0.5010856375 0 0.4191446765625 0
0 0.8778417484375 0.05180773749999999 0.8771936968749999 0.056094459375 0.884292584375 0.0610383734375 0.901345115625 0.0628026609375 0.9045705328125001 0.06741797968749999 0.9092001625 0.06717535 0.9137371265625 0.063748009375 0.9708358921875 0.060755589062500004 0.9801878171875 0.0634550453125 0.983999509375 0.0616604984375 0.97926176875 0.058187628125 0.9791382140625 0.0539413421875 0.9898171296875 0.049128925000000004 0.9727646 0.047364635937499996 0.953968084375 0.038781009374999995 0.9331193078125001 0.039342053125 0.917579096875 0.036435317187499996 0.908381615625 0.039043715624999996 0.8990760234374999 0.0379366171875 0.8936902328125 0.03875046875 0.8853570218750001 0.04450314375 0.8778417484375 0.05180773749999999
0 0.9347267296874999 0.14770318437500002 0.9533379140625 0.1499173828125 0.9747729656249999 0.142946475 0.988646409375 0.1416878046875 0.9853901031250001 0.13601091406250002 0.9882911906249999 0.1294797359375 0.9766862296875001 0.12902473750000001 0.9610687984374999 0.123464071875 0.93179414375 0.12659307656250002 0.9247107 0.12217994843749999 0.906099515625 0.11996575000000001 0.9032138734374999 0.1270277140625 0.89639298125 0.1316379421875 0.8936154484375001 0.14241540625 0.906161903125 0.1486686078125 0.9347267296874999 0.14770318437500002
0 0.9073826109375001 0.21718038437499998 0.954821175 0.22745251406250003 0.9602069656250001 0.2266386609375 0.9838023874999999 0.21423858281250002 0.9859164281250001 0.20721705625000003 0.992690984375 0.20101447343749998 0.9834008375 0.2004381578125 0.9693420609375 0.19532740312500002 0.9269501218749999 0.1991438546875 0.9177526390624999 0.2017522546875 0.9078916625 0.20811659218749998 0.9073826109375001 0.21718038437499998
0 0.9135263890624999 0.29553445625 0.9467362906250001 0.29485719062500004 0.9744214031249999 0.2902167046875 0.9734026874999999 0.2817645734375 0.9237883078125 0.276390828125 0.9076000499999999 0.27777081406250004 0.90088726875 0.2860965421875 0.900995378125 0.289812040625 0.9135263890624999 0.29553445625
0 1 0.35948815 0.9980649859374999 0.35914813125 0.98613569375 0.3475466359375 0.9799319640625 0.34680856875 0.967370065625 0.34002458125 0.9588051906249999 0.337815471875 0.941891659375 0.340828253125 0.9351325453125 0.347561621875 0.9167066921875 0.3517168515625 0.9121542843749999 0.35461340625000004 0.9107346296875001 0.3589405671875 0.9147625406250001 0.36457701875000004 0.96980904375 0.3707292671875 0.9782966984374999 0.37028444843749997 1 0.3631977484375 1 0.35948815
0 1 0.42564800937499997 0.978868746875 0.41650323125 0.953452115625 0.41943004375 0.9441465250000001 0.41832294531249997 0.9272329921875 0.42133572499999994 0.9136684328125 0.43321010781249997 0.9308908515625 0.44081303906249997 0.9802735671875 0.438225 0.9948413953124999 0.4342719625 1 0.43160023125 1 0.42564800937499997
0 0.9430530265625 0.5135357515625001 0.9553832609375 0.51235795625 0.9732073953124999 0.5140818078125 0.988515940625 0.5090267609375 0.9875126703125 0.501105415625 0.9765557593749999 0.49636369374999995 0.9502748578125001 0.49614623281250003 0.9432686374999999 0.49438703281249996 0.934009378125 0.49487229062500004 0.9286853640625001 0.497809284375 0.9195959921875 0.5041331828125 0.9220343609375 0.508258153125 0.9430530265625 0.5135357515625001
0 0.9271285375 0.577098525 0.969011425 0.5823458640625 0.98209781875 0.5805968453125 0.9889495984375 0.5770481890625 0.9864340078125 0.570269290625 0.9739029984375 0.5645468734375 0.9328380484375 0.560851453125 0.9174677265625 0.56378335625 0.9137023671875 0.567170259375 0.9145820828125 0.570845321875 0.9271285375 0.577098525
0 0.9226236812499999 0.6347468703125 0.9335805921875 0.639488590625 0.9690898640625001 0.638159225 0.9836885796875 0.6352677578125 0.986682334375 0.6319212921874999 0.9857871765624999 0.6277154453125 0.9747993749999999 0.621912153125 0.9346759171875 0.624014934375 0.924722275 0.6271945578125 0.9209569156249999 0.6305814625 0.9226236812499999 0.6347468703125
0 0.9224401765625 0.7081165921875 0.9650946687499999 0.71332349375 0.9828415828124999 0.7123934171874999 0.9897242484375001 0.70990633125 0.9918537328125 0.7034155906249999 0.9815912046875 0.695979503125 0.9474707 0.6919201375 0.9235663921875 0.6937045046875 0.9152177359375001 0.69892639375 0.9177487703124999 0.706236078125 0.9224401765625 0.7081165921875
0 0.9305126640625 0.7730797109374999 0.9808059828125 0.7752283046875 0.9944632078125 0.7665386359374999 0.9912532328125 0.7624541015624999 0.980311765625 0.7582431671875 0.9408826921875001 0.75765158125 0.9293703953125 0.7603812953125 0.9240618265625 0.763849075 0.923413775 0.768135796875 0.9305126640625 0.7730797109374999
0 0.9376745468750001 0.8333061984375 0.9424122859375 0.83677906875 0.981054309375 0.83688030625 0.99707268125 0.8296616796875 0.9999737703125 0.8231305000000001 0.9928594390625 0.8176558 0.9772883406249999 0.81368749375 0.967272921875 0.8147439734375 0.9550044640625 0.8180449109374999 0.9367176109375001 0.826977209375 0.9376745468750001 0.8333061984375
0 1 0.8743764437499999 0.9913174484375 0.8708961109375 0.969727953125 0.8725591625 0.9428762234375 0.8792823515625001 0.9406540734375 0.8825883781250001 0.94233628125 0.8872845734375 0.94937339375 0.8901053437499999 0.9911945015624999 0.893229540625 0.994898084375 0.8877194953125 1 0.8862027187500001 1 0.8743764437499999
0 0.9685566234375 0.938538325 0.9338498468750001 0.940888825 0.9308715375000001 0.9447660765625001 0.932600078125 0.9510546265625001 0.936813078125 0.9524286171874999 0.9977184265625001 0.949236703125 0.9997297078124999 0.9475365124999999 0.9980629437499999 0.9433711046875001 0.988695575 0.9401408609375 0.9685566234375 0.938538325
0 0.77202171875 0.6378552296875 0.7936421015625 0.6372537484375 0.810910853125 0.6464490359374999 0.8162657546875 0.6445736125 0.8198921140625 0.6364096375 0.8229476453125001 0.6351863140625 0.8414816078125 0.6347465859375 0.8413426093749999 0.629969515625 0.8222989859375 0.6128933203125 0.7938113796875 0.6165126734374999 0.7646448343750001 0.6233571765625 0.76265435 0.6346249875 0.77202171875 0.6378552296875
0 0.7877175890625 0.6992292546875001 0.8008194281250001 0.6980110203125001 0.83023308125 0.6996590874999999 0.8493842062500001 0.6938710640625 0.8446310234375 0.6898674078125 0.8368686421874999 0.68867943125 0.8274394953125 0.6833260484375 0.7826091859375001 0.6830175296875 0.77347348125 0.687749071875 0.772100159375 0.693668590625 0.7877175890625 0.6992292546875001
0 0.7865308171875001 0.7646776296875 0.825358171875 0.7711482937499999 0.8324261703125 0.7750306375 0.83605253125 0.7668666625 0.85278073125 0.7574844546875 0.850280584375 0.7512363421875 0.8455582890625 0.7482942578125 0.8262218328125 0.747712853125 0.8098945750000001 0.74431576875 0.8014378093750001 0.7458221593750001 0.7838453375000001 0.7520600921875 0.7808824734375001 0.7564681281250001 0.7865308171875001 0.7646776296875
0 0.7953131296875 0.8274771703124999 0.8209768687500001 0.833042925 0.8488009796875 0.833179509375 0.86398596875 0.8238781796874999 0.8591710078125001 0.8177513812500001 0.8428437499999999 0.8143542968749999 0.8035382312499999 0.818008996875 0.7958530703125 0.8194749484375 0.79133155 0.8234330765625 0.7953131296875 0.8274771703124999
0 0.8011325781249999 0.8946847453125001 0.825916603125 0.8965754406249999 0.8482777015625 0.89487195 0.8543733187500001 0.891894515625 0.855005925 0.8870770078125 0.8462402734375001 0.8779676875 0.8361630765625 0.8769010249999999 0.8223050765625001 0.8786904828125 0.799311371875 0.8852114828125 0.7979226046875 0.8906002140625 0.8011325781249999 0.8946847453125001
0 0.7978157125 0.9400441468749999 0.7885873421875 0.9415909750000001 0.781751009375 0.9456704171875 0.7804240171875 0.9531822906249999 0.7844519296875 0.9588187421875001 0.7914427078124999 0.9600471562499999 0.8027081390624999 0.959456759375 0.83844883125 0.9554572890624999 0.8459332171874999 0.947091125 0.8372447859375001 0.9406357328125001 0.7978157125 0.9400441468749999
0 0.6093953625 0.5198585140625 0.6602286234375 0.5140048859374999 0.6793643031250001 0.507686078125 0.6831296625000001 0.5042991734375 0.6768332703125 0.50037639375 0.6527899625 0.497383690625 0.6120184546874999 0.5037731953125 0.602172921875 0.5106683171874999 0.6046730671875 0.5169164281249999 0.6093953625 0.5198585140625
0 0.6321746765625 0.5856456671875 0.6577457484375 0.5880267078125 0.6777302546875 0.5843213890625 0.6617730515625 0.5670834421875 0.6146897046875 0.56901938125 0.61164961875 0.5707734906249999 0.6142115421875001 0.5791447453125 0.6321746765625 0.5856456671875
0 0.6236727953125001 0.6387191328124999 0.6291666953124999 0.6416207796875 0.6376697953125 0.6417067453125 0.642237646875 0.6393409734375 0.6770370906250001 0.6401751875 0.6800926203125 0.638951865625 0.677669696875 0.6353576796875 0.6868054015625 0.6306261375 0.6850768609375 0.6243375875 0.6772063687500001 0.6194341125 0.6486569859375 0.620930321875 0.639459503125 0.6235387218749999 0.6249380078125 0.629084115625 0.6219596984375 0.6329613671875001 0.6236727953125001 0.6387191328124999
0 0.617162009375 0.707104503125 0.6234120703125 0.7094349265625 0.6573472421875 0.7071248640625 0.6989058 0.7012257078124999 0.7034427640625001 0.697798365625 0.7002327890625 0.6937138328125 0.6948006671875 0.6929353296875 0.6676863828124999 0.690635165625 0.6360351375 0.691762340625 0.6192606031250001 0.6995521921875001 0.6155570234375001 0.7050622375 0.617162009375 0.707104503125
0 0.6251418296875 0.768882909375 0.6399413218750001 0.77289165625 0.6684907046874999 0.7713954453125 0.69153074375 0.7664668046875 0.69832074375 0.7607950046874999 0.6866694484375 0.7587476484375 0.671761846875 0.751023403125 0.6524871671875 0.7525651421874999 0.6256045484375 0.7582267593750001 0.62257990625 0.7605116546875 0.6251418296875 0.768882909375
0 0.641393084375 0.8227854984375 0.6468560953125 0.824625575 0.6854363421875 0.8226036703125 0.7022263203125 0.815344603125 0.70441758125 0.8109770046874999 0.7042940265625 0.8067307203125 0.6980439656249999 0.804400296875 0.6648958421875 0.8072007078125001 0.6434607921875 0.8141716140625 0.6404670375 0.81751808125 0.641393084375 0.8227854984375
0 0.644496775 0.9028936796875 0.6546048609375 0.9050219125 0.7016727625 0.9025551890625 0.71999050625 0.8946844609375001 0.708925484375 0.886227240625 0.64796869375 0.88942185 0.6410860265625 0.8919089359375001 0.6397590359375 0.899420809375 0.644496775 0.9028936796875
0 0.62128806875 0.9551431125000001 0.6190813656249999 0.958979928125 0.6238808812500001 0.9645759390625 0.6463346453125001 0.9660571625 0.6710105609375 0.9642323578124999 0.683880734375 0.9550523406250001 0.6837262921875 0.9497444843749999 0.6766737375 0.9463929296875 0.64347928125 0.9476009812499999 0.6396830328124999 0.9499263140625 0.6265966374999999 0.9516753343750001 0.62128806875 0.9551431125000001
0 0.46438240468750003 0.6353720984375 0.4813886015625 0.63554403125 0.5037651453125 0.6343713265625001 0.5174378140625 0.6262124421874999 0.5181167531249999 0.6229872921874999 0.49791602656249995 0.6192616125 0.4716814578125 0.6206365078125 0.464798790625 0.62312359375 0.45802423281250004 0.6293261765625 0.460462603125 0.6334511468749999 0.46438240468750003 0.6353720984375
0 0.46245491562499996 0.701922484375 0.4725784453125 0.704581503125 0.5188901859375 0.702686003125 0.5357419390625 0.6975500796875 0.5402480140625 0.693061165625 0.5340442875 0.6923231000000001 0.5300472640625 0.6877482203125 0.5099083140625 0.6861456828125 0.5144143890625 0.6816567703125 0.5119760203125 0.6775318 0.4774545734375 0.6862517265625 0.46817987031249997 0.6862061984375 0.4620842515625 0.6891836312499999 0.458457890625 0.6973476046875 0.46245491562499996 0.701922484375
0 0.465944103125 0.7687205890625 0.474462646875 0.7693373421875 0.4815460890625 0.7737504671875 0.48768804218749995 0.7723653921875 0.5109442984375 0.7748677484375001 0.544894915625 0.773088471875 0.5402189546875 0.7717387437500001 0.5352649953124999 0.760834875 0.5118079609375 0.7514323078125 0.46321229375 0.75451069375 0.45639140312500004 0.759120921875 0.45810450156250004 0.7648786859375 0.465944103125 0.7687205890625
0 0.5042945140625 0.83847605 0.5302819734375 0.828608584375 0.51210261875 0.814676665625 0.4657908796875 0.816572165625 0.4644484453125 0.8235532546875 0.4684609125 0.8286589203125001 0.5042945140625 0.83847605
0 0.5177219015625 0.9015637453125 0.52764465625 0.8973225515625 0.5313791265625001 0.8928740749999999 0.5375210781249999 0.891489 0.5342184390625 0.8842197546874999 0.5163325265625 0.8803727609375 0.46542204375 0.8835724609375 0.4633543390625 0.89218634375 0.48369406406250004 0.90068909375 0.5177219015625 0.9015637453125
0 0.48775408125 0.9605465484375 0.5225380828125 0.9608499765625 0.53783118125 0.95526414375 0.5400378859375 0.95142733125 0.5352538140624999 0.946362103125 0.5080005328125 0.9392848687500001 0.4910252234375 0.94017450625 0.47878765625 0.9445370140625 0.4704235546875 0.9492281171875 0.4705934421875 0.955066759375 0.48775408125 0.9605465484375
0 0.3390698640625 0.4718290625 0.3768785046875 0.46984759531250003 0.3698568390625 0.46755761093750003 0.3705048890625 0.46327088749999995 0.375844346875 0.4608646796875 0.3718782125 0.4573513703125 0.362588065625 0.45677505625 0.35476390625 0.45346393906250004 0.3346404 0.4523921875 0.32934727656249996 0.456390753125 0.31627632499999997 0.4586705578125 0.31260363125 0.46524217500000004 0.316554321875 0.468224696875 0.3390698640625 0.4718290625
0 0.32681806875 0.52882021875 0.336879821875 0.5293560937499999 0.3563861640625 0.5357761390625 0.3677903515625 0.5293309265625 0.3816483515625 0.5275414703125 0.3876976359375 0.52297168125 0.3883611328125 0.5192157421875 0.368731234375 0.5085494140625 0.3385768640625 0.5080033578125 0.3294257140625 0.5122041125 0.31857691250000003 0.511177890625 0.311725134375 0.5147265453125 0.31422528125000004 0.5209746578125001 0.32681806875 0.52882021875
0 0.34635651875 0.5894612671874999 0.36509125625 0.59592175 0.38197390000000003 0.5918473984375 0.38106329687499996 0.5871107671875 0.388655790625 0.5824601015625 0.3854612625 0.5789063546875 0.3698747203125 0.5744072609375 0.341263559375 0.573780328125 0.31893335 0.576545390625 0.316788421875 0.582505346875 0.3199829515625 0.5860590921875 0.34635651875 0.5894612671874999
0 0.338117190625 0.6515580875 0.3652160296875 0.6533274687499999 0.377438153125 0.648434171875 0.38118806875 0.644516484375 0.3903855515625 0.641908084375 0.3825459484375 0.6380661812499999 0.35771559062499997 0.6345831296875 0.3345365546875 0.634734703125 0.3275303328125 0.6329755031250001 0.3136568875 0.6342341734375 0.3099841953125 0.640805790625 0.31091024375 0.646073209375 0.338117190625 0.6515580875
0 0.3199087765625 0.7163037453125 0.3408811078125 0.7199889875000001 0.3878409 0.7138067640625 0.39055665624999997 0.7009061578125 0.371112090625 0.6966092546875 0.353426953125 0.6996624734375 0.34413680625 0.699086159375 0.322639978125 0.7039339265625 0.31814934687499996 0.708953625 0.3199087765625 0.7163037453125
0 0.32853664843749997 0.7737954296875 0.33944722656250004 0.77694479375 0.3564843125 0.7781782984375 0.3981973125 0.7775869984375 0.3903577078125 0.7737450953125 0.3917464765625 0.7683563625 0.38545008125 0.7644335828125 0.3705733671875 0.7577709078125 0.3582276890625 0.75841791875 0.33131418125 0.763017965625 0.32680810625 0.7675068781250001 0.32853664843749997 0.7737954296875
0 0.3281214796875 0.8392033671875 0.3383067859375 0.843985528125 0.3793562921875 0.8471501640625 0.4007758984375 0.8396484718749999 0.3990473578125 0.83335991875 0.37880029843749996 0.8280418828125 0.36481874375 0.8255850562499999 0.33859961875 0.8274907375 0.3316860640625 0.8289162515624999 0.3279670375 0.8338955125 0.3281214796875 0.8392033671875
0 0.3238482875 0.904813496875 0.33403359374999997 0.9095956578125 0.380329890625 0.907169371875 0.3924902375 0.9001529343750001 0.4048050296875 0.8984443531249999 0.40003640156250003 0.8939099125000001 0.3729066734375 0.8910789609374999 0.357474575 0.8918877234375 0.346579440625 0.8892691421875 0.32656404375000003 0.891912890625 0.32045298125 0.8943595375 0.3205919796875 0.8991366078125 0.3238482875 0.904813496875
0 0.326287875 0.9620978984375 0.334914528125 0.9664301500000001 0.3813034890625 0.9671885765624999 0.388895984375 0.9625379109375001 0.3840655796875 0.9558803296875 0.3700376921875 0.9518311453124999 0.3290962984375 0.95238200625 0.32526916093749997 0.9536457687500001 0.32384950468749996 0.9579729296874999 0.326287875 0.9620978984375
0 0.1892809671875 0.2638516109375 0.208571090625 0.2628406578125 0.2217964828125 0.26586870937499996 0.24783027500000002 0.2575936015625 0.23383327656250003 0.2546059890625 0.2321201796875 0.24884822343750002 0.22029899687499999 0.2409622265625 0.1840953421875 0.24498595937499998 0.16724358749999998 0.25012188125 0.1675679171875 0.261268378125 0.1892809671875 0.2638516109375
0 0.188202303125 0.33301548593749997 0.22596461250000002 0.3294416625 0.2411496015625 0.3201403328125 0.227785209375 0.3123352109375 0.180717309375 0.3148019359375 0.1724149859375 0.32161618125 0.1718287125 0.3280260453125 0.188202303125 0.33301548593749997
0 0.20502499687500003 0.4065571421875 0.22045709531250002 0.4057483796875 0.235009478125 0.40126455625 0.25095062968750004 0.3913920015625 0.23084256875000003 0.39085103593750004 0.22147519999999998 0.38762079374999997 0.1836511140625 0.389071475 0.1767530015625 0.391027775 0.17223148125 0.394985903125 0.173172975 0.40078410625 0.20502499687500003 0.4065571421875
0 0.195041684375 0.4618346265625 0.2191004359375 0.46535811562499996 0.2277116421875 0.4691595796875 0.2315542234375 0.468426603125 0.23377637343750002 0.4651205765625 0.24832875781250002 0.460636753125 0.254347153125 0.45500539375000004 0.251893340625 0.4503496375 0.236291353125 0.4453197578125 0.1845629359375 0.44696754062500005 0.17616794687499998 0.45059707187500003 0.18644591875 0.458563946875 0.195041684375 0.4618346265625
0 0.1792253046875 0.529112896875 0.1847192046875 0.5320145453125 0.2312780546875 0.5386116125 0.257311846875 0.5303365062500001 0.2610617609375 0.526418815625 0.24939502187499998 0.5238406734375001 0.23368492500000002 0.5150952953125 0.2144102453125 0.516637034375 0.182049171875 0.5199277906249999 0.1782992578125 0.5238454796875 0.1792253046875 0.529112896875
0 0.19326985624999998 0.5868523 0.20803845937499998 0.589799475 0.242019965625 0.5890817687500001 0.24811558281249999 0.5861043375 0.2448901640625 0.5814890187499999 0.2253374875 0.5734766171875 0.19678810468750002 0.5749728265625 0.188331340625 0.5764792171875001 0.1853530296875 0.58035646875 0.19326985624999998 0.5868523
0 0.18655829375 0.6483374578125 0.19672815625 0.6525888328125 0.2393054265625 0.6551418078125 0.2615275265625 0.6486612468749999 0.2582557765625 0.6424535734375 0.2427155671875 0.6395468359375001 0.23486051875 0.6351741468750001 0.2116660375 0.634794934375 0.1985950859375 0.6370747375 0.190153765625 0.6391119140625 0.1848915296875 0.64417205 0.18655829375 0.6483374578125
0 0.19006292656249998 0.71566635 0.20017101249999997 0.71779458125 0.22336549374999998 0.7181737953125 0.2349395671875 0.7175672234375 0.261575078125 0.7034130359375 0.2568682265625 0.7010017375 0.23058732656249997 0.700784275 0.1958959921875 0.7036655625 0.1859732375 0.70790675625 0.18530974218750002 0.7116626921875 0.19006292656249998 0.71566635
0 0.200280340625 0.7746695124999999 0.21901507968749998 0.7811299953125 0.246083028125 0.7818378046875 0.26211684687500003 0.7751499640625 0.262764896875 0.770863240625 0.24399927031250002 0.7633411875 0.2146782828125 0.764877834375 0.20390670156250001 0.7665055390625 0.20014134218750002 0.7698924421875 0.200280340625 0.7746695124999999
0 0.209278875 0.84490005 0.2217326640625 0.8479685390625 0.24262777343750003 0.8489998515625 0.265760478125 0.8472559234375 0.2787387640625 0.8417914046874999 0.278615209375 0.8375451203125 0.259741471875 0.8263075687500001 0.23202547187499997 0.82988648125 0.209787928125 0.8358362578125 0.20682506250000002 0.84024429375 0.209278875 0.84490005
0 0.2444965328125 0.9132249046875 0.26221255781249997 0.9112332593750001 0.271965425 0.9011534234375 0.2609621796875 0.89481934375 0.24775222968750002 0.8923220781250001 0.22139410937499998 0.8894506890624999 0.2105916390625 0.890016821875 0.20756699687500002 0.8923017171875 0.20617822812500003 0.8976904484375 0.21570004062499998 0.906228546875 0.2444965328125 0.9132249046875
0 0.2158248140625 0.9636342625 0.22062433124999997 0.9692302749999999 0.2400071203125 0.9714040374999999 0.267754009375 0.96888669375 0.28449765312499997 0.960035271875 0.27971358125 0.9549700453125001 0.2672752375 0.9524323421875 0.23562398906249998 0.9535595171875 0.22562401406250002 0.955146784375 0.219559284375 0.9591857890625001 0.2158248140625 0.9636342625
0 0.640356490625 0.7074837171875 0.6478717640625 0.700179125 0.6524859484375 0.699405709375 0.6531803328125 0.69671134375 0.643828409375 0.6940118875 0.6230568515625 0.697226859375 0.6217761953125 0.706331090625 0.63109723125 0.707968975 0.640356490625 0.7074837171875
0 0.294130228125 0.4146456140625 0.3057351890625 0.4151006125 0.3365993859375 0.41348308749999996 0.3564140078125 0.40393912812500005 0.3679571921875 0.4022709875 0.33838909687499996 0.395315065625 0.32601252812500003 0.394900503125 0.293605121875 0.3965989046875 0.282200934375 0.40304411562500003 0.28000967499999996 0.407411715625 0.283219646875 0.4114962484375 0.294130228125 0.4146456140625
0 0.430965025 0.336772275 0.4541131734375 0.3355591328125 0.46968427031250004 0.339527440625 0.47354229531250003 0.33932525 0.47412856875 0.3329153859375 0.4793290296875 0.32573210625 0.48991527812499996 0.317734975 0.5021991796874999 0.31496482187499997 0.47423607187499994 0.31005116718750003 0.44584113125 0.3168552328125 0.43807874843750005 0.31566725625 0.417415303125 0.322597728125 0.4184494609375 0.3315806421875 0.430965025 0.336772275
0 0.43301911562499995 0.4073667546875 0.4608741140625 0.40856491093749997 0.4830498828125 0.40049199375000005 0.4852565875 0.39665518125 0.4828645515625 0.3941225671875 0.4602717875 0.3878642734375 0.4441298609375 0.390836615625 0.43235501093749995 0.384542975 0.42933036874999997 0.3868278703125 0.42314208593749997 0.386620590625 0.4200865546875 0.3878439125 0.4134818828125 0.3998851390625 0.43301911562499995 0.4073667546875
0 0.59875790625 0.3136255578125 0.602677709375 0.315546509375 0.6498073875 0.315202928125 0.658449484375 0.320065965625 0.665393928125 0.319702021875 0.656767275 0.31536977187500004 0.6558721171874999 0.311163925 0.6657794265625 0.3063919453125 0.6695138968750001 0.3019434703125 0.6530785296875 0.2948308859375 0.6423378375000001 0.2975201625 0.6230322703125 0.2980003296875 0.6038657015625 0.3032575671875 0.5986189078125 0.3088484875 0.59875790625 0.3136255578125
0 0.551166728125 0.377784721875 0.5497007390624999 0.3805195265625 0.5622317484375 0.38624194375 0.5922471218750001 0.38201093125 0.5986052921875 0.388056853125 0.614052834375 0.387778875 0.617092921875 0.386024765625 0.6309972562499999 0.38582766562500004 0.654762565625 0.379266228125 0.6653179265625 0.3702075265625 0.6567530500000001 0.36799841718750004 0.6219690515625 0.367694990625 0.6096233718749999 0.368342 0.5904413578125001 0.3730684515625 0.575749975 0.37277520468750003 0.5666297140625 0.37803753125 0.559716159375 0.379463046875 0.551166728125 0.377784721875
0 0.7475541046874999 0.3015747203125 0.753109784375 0.30659950937499997 0.7593444 0.308399146875 0.7762424875 0.30485558125 0.8056252515625 0.305442075 0.8278164640625001 0.29789994375 0.8330323671875 0.29124745 0.8391588750000001 0.2893315890625 0.8103778281249999 0.28286601562499997 0.7826772703125 0.2869757140625 0.7687266046875 0.28558045781249997 0.764205084375 0.28953858593750004 0.7534643937500001 0.29222786093750003 0.7475541046874999 0.3015747203125
0 0.7675867734375 0.3792009078125 0.78698500625 0.3819054546875 0.8077565625 0.3786904828125 0.8207348484375 0.373225965625 0.8338212437499999 0.371476946875 0.8337594671874999 0.3693538046875 0.823558715625 0.3640408578125 0.8287591750000001 0.35685757812499996 0.8394535328125 0.352575946875 0.764546078125 0.3543753 0.75261739375 0.36935352187500003 0.75425326875 0.3724573578125 0.7675867734375 0.3792009078125
0 0.7421250296874999 0.4336947984375 0.7446560640625 0.44100448124999997 0.7609678765625 0.44387078124999996 0.767279715625 0.4483243453125 0.7840851359375 0.44159606562500003 0.8096253203125 0.4429155359375 0.8362608312500001 0.42876135 0.8073098968749999 0.416457134375 0.7864920078125001 0.41807974843749995 0.7711216875 0.421011653125 0.74587494375 0.4297771078125 0.7421250296874999 0.4336947984375
0 0.7624814171875001 0.49588776562500003 0.7680062046875 0.4998509828125 0.785027846875 0.5005537015625 0.8076206109375 0.50681199375 0.8322810796875 0.5044564046875 0.8275124515625001 0.49992196250000004 0.8280678375000001 0.4924505265625 0.815428715625 0.4830126109375 0.8007527781249999 0.4832501484375 0.78518168125 0.479281840625 0.7728977796875001 0.48205199218750006 0.7637311859375 0.4857219640625 0.7607683203125 0.49013 0.7624814171875001 0.49588776562500003
0 0.7933919484375 0.495862596875 0.7932529484375 0.491085528125 0.7900120859374999 0.48593942500000004 0.7854133453125 0.48724362499999996 0.7794721703125 0.49552891250000003 0.7880833796875 0.499330378125 0.7933919484375 0.495862596875
0 0.764612728125 0.5691361734375 0.769304134375 0.5710166859375 0.8095357015625 0.572629403125 0.8441652578125 0.5676249765625 0.8393554453125001 0.56167510625 0.8399211265625001 0.5545575281249999 0.8367265953125 0.55100378125 0.8189024625 0.5492799296875 0.7888253125 0.5513878 0.7872357703125 0.5498763203125 0.7780846203125 0.554077078125 0.7680383125 0.5540719875 0.7619581390625 0.5575802046875 0.7605693718750001 0.5629689359375 0.764612728125 0.5691361734375
0 0.44959591874999993 0.5255752734375 0.47209601718750005 0.528648853125 0.47925668125 0.5357159078125 0.4870345078125 0.53743466875 0.49167958125 0.5377228265625 0.511540534375 0.5297712234375 0.5220186734375 0.51805859375 0.5219414515625 0.515404665625 0.5172346 0.5129933656250001 0.500212959375 0.512290646875 0.4822652703125 0.5063205109375 0.465398071875 0.5109256484375 0.45532087343749994 0.5098589875 0.44316052656249993 0.5168754234375 0.4424970328125 0.5206313609375 0.44959591874999993 0.5255752734375
0 0.46456651718749997 0.5885820921875 0.48009128125 0.5909580437499999 0.49632587499999997 0.5911704140625 0.5155078875 0.5864439640625 0.5177609249999999 0.5841995078125 0.51306951875 0.58231899375 0.5175601484375 0.5772992953125 0.5252453109374999 0.5758333437500001 0.45857840000000005 0.5686953078125 0.44701976875 0.569832665625 0.4417575328125 0.5748928015625 0.44271446875000003 0.581221790625 0.46456651718749997 0.5885820921875
0 0.42291224843749997 0.4583979546875 0.42454812343750004 0.46150179218750004 0.43237228437499997 0.46481290937499997 0.4533137265625 0.46743657968749996 0.47251118437499995 0.46324091406249995 0.498405978125 0.4501887359375 0.48366826406249996 0.44830313281249995 0.46641495781250003 0.43963863124999997 0.4594859578125 0.440533359375 0.45042747343749995 0.447918828125 0.42661583125 0.45288790937499995 0.42291224843749997 0.4583979546875
0 0.648220890625 0.44659002968749995 0.6611528437499999 0.4395331546875 0.6726496953125001 0.4362726546875 0.6748409578125 0.43190505625000003 0.6405559171874999 0.431043884375 0.633822340625 0.42980199218750004 0.627448725 0.42322528437500007 0.6185137968750001 0.43485703750000004 0.5933133859375 0.44521485 0.588159259375 0.4539904859375 0.6075266046875 0.4556334609375 0.648220890625 0.44659002968749995
0 0.1680887578125 0.093257075 0.1822865328125 0.10314490000000001 0.20625261875 0.103483675 0.2516846453125 0.0979131140625 0.2562524984375 0.09554734375 0.25612894375 0.09130105937500001 0.2336134015625 0.08769669375 0.22495585937499998 0.082302871875 0.18466251718749999 0.0785670109375 0.17543414531249998 0.080113840625 0.1678107609375 0.08370293437500001 0.1656195015625 0.0880705328125 0.1680887578125 0.093257075
0 0.21543648593750003 0.1800836390625 0.2408376703125 0.176626040625 0.24613079531249998 0.1726274734375 0.24824483437499997 0.16560594687500002 0.26119223125 0.1590798578125 0.2472261203125 0.157153815625 0.235482159375 0.15192174687499999 0.20702544218750002 0.15660266875 0.20204059531250002 0.14463722968749998 0.1907908515625 0.15639029843750002 0.179355775 0.161773940625 0.17875405625000002 0.16765301875 0.18275108125 0.1722278984375 0.21543648593750003 0.1800836390625
0 0.2925951515625 0.09630068124999999 0.339879271875 0.10126495312499999 0.3513452359375 0.09694288281249999 0.3690303734375 0.093889665625 0.36659200468750003 0.0897646953125 0.34859798125 0.082202203125 0.3205576515625 0.07463461875 0.2928725390625 0.079275103125 0.284554771875 0.085558565625 0.285527153125 0.0924183390625 0.2925951515625 0.09630068124999999
0 0.4408205203125 0.0911904921875 0.4732433734375 0.09002287812500001 0.4908358421875 0.083784946875 0.5031969671875001 0.08366872187499999 0.5083510921875 0.0748930859375 0.49208561250000005 0.07361914375 0.471853996875 0.06883189375 0.45180771093749994 0.0704140703125 0.4292921703125 0.0668097046875 0.4208508484375 0.0688468796875 0.41560405781250004 0.07443780312500001 0.415851165625 0.08293037187499999 0.4408205203125 0.0911904921875
0 0.5731504640625 0.0709655 0.5833203265625 0.075216875 0.5979962640625 0.0749793359375 0.61828965625 0.081889728125 0.6264838703125 0.07135998437499999 0.6503109578124999 0.0669216890625 0.6523786625 0.058307806250000004 0.6430576265625 0.056669921874999994 0.6288907406249999 0.04784366875 0.612779703125 0.051877581250000006 0.5950327890625 0.05280765625 0.5818382843750001 0.0508411765625 0.5750173937499999 0.055451403125 0.5581193078125 0.05899497031249999 0.5731504640625 0.0709655
0 0.7487063359375 0.075586475 0.7527651359374999 0.082284496875 0.7533822984375 0.076936203125 0.763351384375 0.074287365625 0.7774719375 0.0815212640625 0.7867466421875 0.0815667921875 0.795064409375 0.07528333125 0.8096167937500001 0.070799509375 0.8133667078125001 0.06688182031249999 0.8116999421875001 0.0627164109375 0.7991457671875 0.056197815625 0.7981347750000001 0.0480110765625 0.7812675765625 0.052616215625 0.7557891703124999 0.0534198859375 0.7389374140625 0.058555809375000004 0.7316846953125 0.0748837578125 0.7487063359375 0.075586475
0 0.7422264375000001 0.14503341875 0.7408376703124999 0.15042215 0.75333779375 0.1550829953125 0.7726433609375001 0.15460282812499998 0.80730380625 0.150659971875 0.8264858187499999 0.145933521875 0.830235734375 0.14201583125 0.8178128328125001 0.1400089125 0.8083682421875 0.13412474218749998 0.7943403546875001 0.13007555937499998 0.790266109375 0.1228467515625 0.7710532078125001 0.1265116328125 0.7457446875 0.1331539453125 0.739062796875 0.1425412421875 0.7422264375000001 0.14503341875
0 0.760145065625 0.22968113125 0.7827687171875 0.23700099687499998 0.7919044234375 0.23226945312499997 0.8035402734374999 0.2337860234375 0.81642589375 0.22513679375 0.828725240625 0.22289742812500002 0.8515953921875001 0.21213014375 0.8306230593749999 0.2084449015625 0.819666146875 0.20370318125 0.79895636875 0.20904129375 0.788863728125 0.207443846875 0.7620737734375 0.216290178125 0.7561325984375 0.2245754671875 0.760145065625 0.22968113125
0 0.611657753125 0.25234768125 0.622274890625 0.245412121875 0.6552994609375 0.2383654265625 0.67384886875 0.23845648281249998 0.6836480671875 0.22996900468749998 0.6525367609375 0.223093959375 0.6263948593750001 0.22765356718750002 0.6140337359375 0.22776979375 0.59411100625 0.2335982546875 0.5889723250000001 0.2429046734375 0.611657753125 0.25234768125
0 0.5757142140625 0.1590759046875 0.5866402374999999 0.1627560546875 0.620559965625 0.15991520625 0.6330137546875 0.1629836953125 0.6352667921874999 0.1607392390625 0.633584584375 0.15604304687499998 0.6503591171875 0.1482531953125 0.6540626984375 0.1427431484375 0.6330594796875 0.1379963375 0.6069175765625 0.1425559453125 0.6005285171875 0.135448453125 0.5959297765625 0.1367526515625 0.5952353921875 0.13944701875 0.5732912890625 0.15548171875 0.5757142140625 0.1590759046875
0 0.41230385468749997 0.173487421875 0.4393872484375 0.1747260171875 0.4511466546875 0.180488871875 0.45653244531250003 0.17967501875 0.4648656546875 0.1739223453125 0.4856681 0.1717689453125 0.4863161515625 0.167482221875 0.478461103125 0.1631095328125 0.47600729062499997 0.15845377656249998 0.4859454890625 0.15474336875 0.45949470156250005 0.148687265625 0.45103793437500006 0.1501936578125 0.44268927812500003 0.1554155453125 0.42179416875 0.15438423125 0.40878499531249995 0.1587871796875 0.40676362031249996 0.16899341875 0.41230385468749997 0.173487421875
0 0.2985844875 0.1693468984375 0.3204519765625 0.177237984375 0.346701990625 0.176393875 0.35353832343749997 0.1723144328125 0.36660927499999996 0.1700346296875 0.364062796875 0.16219415937499998 0.35008124218750003 0.1597373328125 0.3443865671875 0.1499354734375 0.3274267015625 0.151355896875 0.298321934375 0.16032354375 0.2961615625 0.1657527125 0.2985844875 0.1693468984375
0 0.3066421375 0.260358946875 0.35366370625 0.2562998671875 0.360700815625 0.25912063750000003 0.363926234375 0.2637359546875 0.3716577296875 0.263862359375 0.36761437343750003 0.2576951234375 0.37215133749999996 0.25426777968750003 0.3720432265625 0.25055228125 0.360330153125 0.24638178281249998 0.34690398437500003 0.2364535203125 0.3330768734375 0.2393045484375 0.3153145140625 0.23970383750000002 0.305345428125 0.24235267500000002 0.3008084640625 0.24578001875000002 0.3066421375 0.260358946875
0 0.42100955625 0.26021275 0.44889544375 0.2624724765625 0.46895717187499997 0.2614210859375 0.4790652578125 0.26354931875 0.492136209375 0.2612695140625 0.495870678125 0.2568210390625 0.49573167968750004 0.25204397031250003 0.48100940937500003 0.25068915 0.47080865781250003 0.24537620468750002 0.44443509218750005 0.2419740296875 0.4189721296875 0.2433084875 0.41292284375 0.2478782765625 0.41230568125 0.2532265703125 0.42100955625 0.26021275
0 0.3014583421875 0.3212324453125 0.30851089531250003 0.324584 0.318526315625 0.32352751875 0.32712208125000003 0.3267982 0.3433721171875 0.32754135624999997 0.37351104375 0.3275566265625 0.37732273437499997 0.3257620796875 0.366982984375 0.31567206406250004 0.3536803703125 0.309990084375 0.333448753125 0.3052028328125 0.3111031 0.3074371109375 0.3034488265625 0.3099646328125 0.298202034375 0.31555555625 0.3014583421875 0.3212324453125