0 0.9863486734375 0.12873398125 0.9790356750000001 0.1424960890625 0.973400190625 0.17245634375000002 0.9776927109375 0.197077859375 0.981752715625 0.197819115625 0.9848647140625 0.189646759375 0.991317721875 0.19161951093750001 0.9929072171875 0.1831691828125 0.9891362125000001 0.180891503125 0.9876807046874999 0.1718852328125 0.9962941984375 0.15120921874999999 0.9983136890625 0.13489146093749999 0.99555418125 0.12723630156250001 0.9911311749999999 0.125634178125 0.9863486734375 0.12873398125
0 0.905215575 0.10518058125 0.896316584375 0.1329558140625 0.8970530984374999 0.1513659359375 0.8999571062499999 0.158252884375 0.9074216109375 0.154848153125 0.9124896093749999 0.1446491328125 0.918724115625 0.144992803125 0.9171875984375 0.122463653125 0.9202291 0.11745679843750001 0.9214555921875001 0.1081456 0.9183330859375 0.0996295734375 0.9140545781249999 0.0972592390625 0.905215575 0.10518058125
0 0.9686632359375 0.24787248593750003 0.9667002281249999 0.2387735609375 0.9578577218750001 0.24113210624999998 0.95264171875 0.24653654687499998 0.9440987234374999 0.26404705625 0.938822734375 0.28930538281249996 0.9417372531250001 0.3128807171875 0.9436227562499999 0.3140195578125 0.9465197546875 0.309780915625 0.94789075 0.2997015078125 0.9534662484374999 0.289595140625 0.9575897453125 0.2760453046875 0.9628797484374999 0.27303815781249996 0.9672322546875 0.27780578437500003 0.9682437531250001 0.27242830156250003 0.9657767484375 0.2687995140625 0.9651917421875 0.26074677031250004 0.9686632359375 0.24787248593750003
0 0.8795430546875 0.2293674515625 0.874115559375 0.2442684015625 0.87274806875 0.259910603125 0.868554078125 0.2766259453125 0.8700165921874999 0.2967578046875 0.8713945937500001 0.2978039875 0.8780590953124999 0.2902802296875 0.8851500874999999 0.2693262453125 0.8934850937500001 0.2668750390625 0.8938410875 0.25661031562500003 0.89201206875 0.23005479218749997 0.8849775578125 0.22559209375 0.8795430546875 0.2293674515625
0 0.9319747703125 0.3508280171875 0.9219232875 0.3903117375 0.926060796875 0.3990130796875 0.9283198125000001 0.4177011734375 0.9351288109375 0.40940920312499995 0.9478693046875 0.38074614375000004 0.9508227890625 0.3510908171875 0.942843775 0.3432773 0.9377687703124999 0.34235073125 0.9319747703125 0.3508280171875
0 0.854253178125 0.33425422031249996 0.84527318125 0.348506571875 0.8434686890625 0.360890615625 0.838185690625 0.3750233515625 0.8434087 0.3807445046875 0.843634209375 0.393499175 0.8495057156250001 0.392981978125 0.863694709375 0.3621995984375 0.8620207000000001 0.3515642484375 0.8653476953125001 0.3394581765625 0.8641106875 0.3320809859375 0.8590356828125 0.3311544171875 0.854253178125 0.33425422031249996
0 0.8266304906249999 0.0987788515625 0.8217985125 0.138420928125 0.8260805234375 0.14635405937499998 0.8257280343750001 0.162181578125 0.8334040328125001 0.1492803359375 0.8354235234375 0.132962578125 0.842447521875 0.12073689218749999 0.844685515625 0.1060482140625 0.8435190078125 0.09550552031250001 0.8498875015625 0.07839259531250001 0.8374184874999999 0.077705253125 0.8317689875 0.0854143265625 0.8266304906249999 0.0987788515625
0 0.80364804375 0.2097989140625 0.7976390453125 0.22220991093750003 0.7908475625 0.258315859375 0.7979595796875001 0.27073864531249997 0.7973180906249999 0.28810258593750004 0.8047015875 0.2711749734375 0.809847090625 0.2689360390625 0.8120180890625001 0.262975659375 0.8138190765625 0.2450288203125 0.8121485734375 0.23995626718750002 0.8143160671875 0.22843309375 0.8204730687499999 0.2208166765625 0.8222070640625001 0.2115981375 0.8191550515625 0.1999166046875 0.8144430484375 0.1998509046875 0.80364804375 0.2097989140625
0 0.7805140875000001 0.31046159375000004 0.7775465921875 0.31786573906250004 0.770388603125 0.347548025 0.7727956234375 0.3710307015625 0.7764961296874999 0.3764738828125 0.7758476328125 0.3827122328125 0.77983013125 0.3754934 0.780619625 0.3629240421875 0.7863431265624999 0.3576122625 0.786695615625 0.34178474375 0.7946606140625 0.32734708125 0.7957426109375 0.318804096875 0.7942166046875 0.312963328125 0.785948590625 0.3066862375 0.7805140875000001 0.31046159375000004
0 0.7174826640624999 0.319613071875 0.7086681875 0.36647398125 0.7127246875 0.361652440625 0.718744196875 0.36592982812499997 0.71896970625 0.378684496875 0.7231002078125 0.37626024999999996 0.7249822078125 0.37183629375 0.723523196875 0.3572672296875 0.725257190625 0.34804868906249997 0.7345261890625 0.332259915625 0.7327851875 0.33035286406250003 0.73437468125 0.32190253750000003 0.7373456843749999 0.3200611875 0.73654568125 0.3159421578125 0.7290706640625 0.30265850156249996 0.7233471625 0.3079702828125 0.7174826640624999 0.319613071875
0 0.7410809734375 0.1991703265625 0.7355159859375 0.225965078125 0.736974996875 0.24053414375 0.7390790015625 0.24330206250000003 0.742268503125 0.24308979062499997 0.752697003125 0.22671811874999998 0.754790496875 0.21279765468749998 0.75949549375 0.20173776562499998 0.7601369828125 0.1843738234375 0.755495475 0.18114261874999998 0.7515094718750001 0.18279865625 0.7410809734375 0.1991703265625
0 0.7728954171875 0.0691033328125 0.7657304203125 0.087660025 0.7615364296875 0.1043753671875 0.7604579375 0.11848114843749999 0.7688774578124999 0.1351156203125 0.771051959375 0.1347180359375 0.772204453125 0.1230095484375 0.776549953125 0.116651584375 0.7830594421875 0.09320765 0.7821854390625 0.0866913296875 0.7868129296874999 0.067671353125 0.7841979218749999 0.059247981250000005 0.7790524171875 0.061486915625000006 0.7728954171875 0.0691033328125
0 0.7671189359375 0.10539459375 0.771323440625 0.1053676375 0.773931440625 0.1026654171875 0.7737834359375 0.09787083437500001 0.76718593125 0.0966662953125 0.7653039296874999 0.1010902515625 0.7671189359375 0.10539459375
0 0.698484165625 0.082372690625 0.6946566765625 0.10551169687499999 0.6951852 0.1389811265625 0.6974266953125 0.1298552421875 0.7058251921875 0.11311294375 0.7094481953125 0.1105960390625 0.716380671875 0.0681590859375 0.7153586640625 0.0568481796875 0.7059381578124999 0.062279575 0.698484165625 0.082372690625
0 0.6913319015625 0.16783877187500001 0.6822109046875 0.188422128125 0.6755604203125001 0.21819706874999997 0.670058921875 0.23070072656249999 0.673974428125 0.2322101921875 0.6831729281250001 0.219586921875 0.6894779328125 0.2167650890625 0.694108928125 0.20330790781250002 0.7016404265625 0.1911748796875 0.7027224234375 0.18263189375 0.700318909375 0.1647120125 0.695099403125 0.16455365625 0.6913319015625 0.16783877187500001
0 0.66631945 0.2784882046875 0.6622699578125 0.2944353359375 0.6653429921875 0.33949363906249996 0.676222509375 0.34863130937500003 0.6829540046875 0.33237925156250003 0.6776569953125 0.3242608078125 0.6798774671875 0.281758153125 0.67465095625 0.2704742046875 0.6706649515625001 0.272130240625 0.66631945 0.2784882046875
0 0.6330389890625 0.38286054375 0.62849250625 0.41540340468750003 0.6314775234375001 0.435813234375 0.6333630265625 0.43695207343750003 0.636552528125 0.43673980312499994 0.6418355250000001 0.4226070671875 0.646329028125 0.4210436875 0.6536525375 0.4239699625 0.6514745328125 0.418804753125 0.645529025 0.4169246578125 0.6429845140625 0.4053357828125 0.6475345 0.37835571875 0.6439044921875 0.369747034375 0.6398444875 0.369005778125 0.6330389890625 0.38286054375
0 0.6110124 0.285076990625 0.6024059125 0.3168785953125 0.602705425 0.3320305578125 0.604809428125 0.3347984765625 0.6124854265625 0.3218972375 0.61537541875 0.306533003125 0.6205174171875 0.298731275 0.624207415625 0.28748606875 0.6243484109375 0.2811550609375 0.6215889031249999 0.273499903125 0.6185438999999999 0.27294396249999997 0.6110124 0.285076990625
0 0.6237108484375 0.1896603890625 0.6192348625 0.219037746875 0.6231503671875 0.2205472140625 0.6338008734375 0.211367415625 0.6430628640625 0.1844530515625 0.646745853125 0.16208225781250002 0.6385518421875 0.1582024546875 0.6291383421875001 0.1747594421875 0.6237108484375 0.1896603890625
0 0.649146284375 0.0600179359375 0.6423477953125001 0.084998290625 0.64090980625 0.103806 0.6449698109375 0.1045472546875 0.655186815625 0.09767209375 0.6590143046875 0.0745330875 0.6650938 0.058956582812500005 0.6646532953125 0.0501356296875 0.6593597875 0.0475799796875 0.656388784375 0.0494213296875 0.649146284375 0.0600179359375
0 0.603242221875 0.03336135 0.5953652390624999 0.07244748749999999 0.596686759375 0.09891035312499999 0.6011062609375 0.0949496828125 0.602258753125 0.08324119375 0.60870125 0.068525559375 0.613628253125 0.06465754375 0.612384240625 0.0461547640625 0.6154927328124999 0.032419610937499996 0.613677728125 0.02811526875 0.60620971875 0.025957203125 0.603242221875 0.03336135
0 0.5600341734375001 0.0286510171875 0.5540286812499999 0.0466248140625 0.5499156953125001 0.0768630375 0.5507897015625 0.08337935937499999 0.5563687046875 0.078835790625 0.5588287015625 0.0713389859375 0.5660007046875 0.063907884375 0.5721471921875 0.0396030828125 0.5723551828125 0.024543775 0.5705401796875 0.0202394328125 0.566335675 0.0202663890625 0.5600341734375001 0.0286510171875
0 0.5042761046875001 0.0097304625 0.498263603125 0.0165786671875 0.49414010937499997 0.03012850625 0.49060161874999997 0.051731087499999995 0.49307563125 0.06648546718750001 0.5025701390624999 0.0634513640625 0.5102356265625 0.0338617375 0.5109476140625 0.013332293749999998 0.5086251078124999 0.00893529375 0.5042761046875001 0.0097304625
0 0.5727024640625 0.162233078125 0.560687971875 0.1926178734375 0.560187478125 0.20365080781249997 0.5628024875000001 0.2120741796875 0.567803490625 0.2106034578125 0.5714934875 0.1993582515625 0.5812029921875 0.192390434375 0.5835149859375 0.1800990484375 0.5888754875 0.1739263984375 0.5901724796875001 0.1614496984375 0.58762796875 0.1498608234375 0.5833494640625 0.1474904875 0.5727024640625 0.162233078125
0 0.5386875125 0.27107768593750003 0.5322590296875 0.3080445015625 0.537489046875 0.32489124375 0.5402450515624999 0.326983609375 0.5454610515625 0.3215791703125 0.55457854375 0.29543301718750004 0.5595055453125 0.291565003125 0.5555760265624999 0.2678043546875 0.5582510203125 0.2563738390625 0.5558545140625 0.249579546875 0.549694009375 0.2516331671875 0.5386875125 0.27107768593750003
0 0.49385376875000003 0.2660705421875 0.49198228125 0.287182884375 0.49851279374999996 0.29711572343750003 0.5009022937500001 0.292784421875 0.5013287859375 0.2793541984375 0.507838275 0.2559102640625 0.513195271875 0.24417481875 0.5131917703125 0.2386120234375 0.5061572578125 0.2341493234375 0.503549259375 0.2368515421875 0.49385376875000003 0.2660705421875
0 0.5210302078125 0.1383351390625 0.516268728125 0.1748117140625 0.5167832359375 0.1860299609375 0.521861746875 0.192519325 0.5269297453124999 0.182320303125 0.53263923125 0.15475734218749998 0.532632225 0.14363175156250002 0.530017215625 0.135208378125 0.525375709375 0.13197717656250002 0.5210302078125 0.1383351390625
0 0.46846865 0.130327903125 0.4622551671875 0.1633610046875 0.46734068281249996 0.1809759578125 0.4774731765625 0.1550151203125 0.4825306625 0.1281277125 0.479189653125 0.11798260468749999 0.475563146875 0.11493671406249999 0.46846865 0.130327903125
0 0.44706518749999996 0.21620925156249998 0.43962520781250003 0.2585535484375 0.43984721406249994 0.265745425 0.44282172031249994 0.26946686875000003 0.449200725 0.269042328125 0.4593156984375 0.2152675140625 0.45764519375 0.21019495781250003 0.4534406890625 0.2102219140625 0.44706518749999996 0.21620925156249998
0 0.38631662499999997 0.215447803125 0.3803111296875 0.2334216 0.3783621390625 0.246573853125 0.3822881546875 0.2647717046875 0.395606646875 0.233035803125 0.40276463281249997 0.2033535171875 0.3976156265625 0.20002965781249998 0.3933406234375 0.2032221171875 0.38631662499999997 0.215447803125
0 0.4017815890625 0.13881195156249998 0.3995471015625 0.1590634265625 0.407744615625 0.1685060234375 0.41071561562500003 0.1666646734375 0.421422603125 0.13206819218750002 0.42424209843750005 0.1198694625 0.42307909375 0.114889565625 0.41763758281249996 0.10753933281250001 0.4119845796875 0.1096856125 0.4017815890625 0.13881195156249998
0 0.44194402187500004 0 0.43606303593750007 0.012373746875 0.43128754062499997 0.0265991390625 0.4307870484375 0.037632075 0.4325385640625 0.0562275109375 0.4357315703125 0.0615780359375 0.44456706874999996 0.0480938953125 0.44513806093749997 0.033895459375 0.4545480546875 0.011775678125 0.45780805625000004 0.0083979046875 0.4580230546875 0.0044641890625 0.45707254218750004 0 0.44194402187500004 0
0 0.3711995828125 0 0.367490471875 0.01971895625 0.374753996875 0.042499121875000004 0.3891544828125 0.0022202328125 0.3893242359375 0 0.3711995828125 0
0 0.3516660125 0.101056734375 0.3475390125 0.1090437765625 0.340744028125 0.1395869296875 0.3416955390625 0.1540633359375 0.3467705421875 0.1549899046875 0.3524905421875 0.14411532968750002 0.3634125265625 0.1055851328125 0.3627570234375 0.10069789375 0.356593015625 0.09718871875 0.3516660125 0.101056734375
0 0.33228546406250004 0.1968425375 0.326565465625 0.20771711406249999 0.3204154734375 0.2264591203125 0.32006298437499997 0.24228663906249998 0.32267799375 0.250710009375 0.33057949999999997 0.250563440625 0.3387524890625 0.22106647031249999 0.3416389765625 0.20013944218750002 0.341490971875 0.1953448578125 0.3365604671875 0.19365007812499999 0.33228546406250004 0.1968425375
0 0.27705950156250003 0.196294784375 0.2698205046875 0.21245418749999997 0.2614995140625 0.2371565734375 0.26484753125 0.258427271875 0.279692028125 0.23253213437500003 0.28829851562500003 0.20073052812499997 0.285902009375 0.1939362359375 0.28082700312500003 0.19300966875 0.27705950156250003 0.196294784375
0 0.28245546093749996 0.1313286796875 0.28747048125 0.1521091375 0.2926194890625 0.155432996875 0.2983429921875 0.1501212171875 0.31209498281250003 0.116080678125 0.313539978125 0.10839856249999999 0.3120139734375 0.10255779375 0.3043239578125 0.09320785468750001 0.29548495468749997 0.101129196875 0.28245546093749996 0.1313286796875
0 0.323851584375 0 0.321314928125 0.02241276875 0.3259634421875 0.036769564062499996 0.3320499453125 0.0323186515625 0.3377283984375 0 0.323851584375 0
0 0.25751015312500003 0 0.25897686875 0.030101651562499998 0.2672378734375 0.0252531546875 0.2689013734375 0.01920011875 0.2728133734375 0.015146789062499999 0.282455884375 0.0169072703125 0.2829598796875 0.0114371328125 0.2767218703125 0.005530667187499999 0.2771091671875 0 0.25751015312500003 0
0 0.2032266703125 0 0.2032117921875 0.0000555046875 0.2032258078125 0.0223066859375 0.20728230937499997 0.0174851453125 0.21598031562500003 0.015894809375 0.2180808171875 0.013099932812500001 0.2207943828125 0 0.2032266703125 0
0 0.23205439062500002 0.1006726796875 0.22569991093750003 0.1400367859375 0.22845942031250002 0.147691946875 0.23541642343750002 0.14419455781249998 0.245481921875 0.12696201875 0.2517729109375 0.10188900625 0.2485764015625 0.090975684375 0.24226789218749997 0.088234721875 0.23205439062500002 0.1006726796875
0 0.18883933749999998 0.08483675625 0.1803103546875 0.12459844687499999 0.1845253703125 0.14125987812500002 0.1878628765625 0.1458421921875 0.190181878125 0.1446763953125 0.195683375 0.1321727375 0.2057348578125 0.0926890171875 0.205223853125 0.087033565625 0.19485183749999999 0.0779885515625 0.19072133593750001 0.08041279999999999 0.18883933749999998 0.08483675625
0 0.213121434375 0.19574560937500002 0.21305794687500001 0.21003670312499997 0.20886745625 0.2323148390625 0.21358647031250003 0.24350613124999998 0.21358997343750002 0.24906892812499998 0.2308839578125 0.19898860000000002 0.22971744843750003 0.18844590625 0.22688744062500002 0.18395625 0.2210159359375 0.184473446875 0.213121434375 0.19574560937500002
0 0.1607625171875 0.18666106875 0.151870534375 0.2255618921875 0.1520185390625 0.230356475 0.1553560453125 0.23493878906250001 0.1680260390625 0.209441234375 0.17272052499999999 0.1816929578125 0.1703240171875 0.174898665625 0.1676420171875 0.17520359375 0.1607625171875 0.18666106875
0 0.988503228125 0.4906674609375 0.9849507234375 0.4900188640625 0.9794457234375 0.49695972343749995 0.9760447265625001 0.50666850625 0.9699757421875 0.5389333953125 0.9700567515625 0.552456275 0.9764532765625 0.5798457109374999 0.9879707796874999 0.566056646875 0.9853487640624999 0.5465076859375 0.9935252546875001 0.522573509375 0.9924327484375001 0.514428109375 0.9953967421875 0.5014611671875 0.988503228125 0.4906674609375
0 0.8998573125 0.460180253125 0.8914023312499999 0.5023392375 0.8892488515625001 0.5361135921875 0.8941053578125 0.53541108125 0.89584285625 0.5317553375 0.90589784375 0.49783441093749997 0.9127773421875001 0.48637693593750003 0.914574828125 0.462867303125 0.91369731875 0.4507881875 0.9040583124999999 0.4545905015625 0.8998573125 0.460180253125
0 0.8309747249999999 0.435685115625 0.8270662265625001 0.4453012375 0.8225197453125 0.4778440984375 0.826593765625 0.5008365343750001 0.8287682671875001 0.50043895 0.8329622593750001 0.48372360781249996 0.8408602640625 0.47801424218750005 0.8389900859375 0.462840378125 0.8467072437500001 0.438557478125 0.8425697328125 0.42985613593750005 0.8373502281249999 0.4296977796875 0.8309747249999999 0.435685115625
0 0.75485314375 0.427349378125 0.7498731624999999 0.46219687187499997 0.7546061890625 0.4956393453125 0.76105569375 0.49204929999999997 0.763515690625 0.484552496875 0.7686366671875 0.44337399531250005 0.7740641640625 0.4284730484375 0.7722491578125 0.42416870468749995 0.7680411515625 0.41863286562499996 0.7609361406249999 0.41733566875 0.75485314375 0.427349378125
0 0.7014880765625 0.40966031875000003 0.6964905765625 0.4166938359375 0.6899035796875 0.4321776828125 0.6877360859375 0.44370085625 0.6870170921875001 0.4531047109375 0.6905061046875 0.46804440312500006 0.6938401062499999 0.467063921875 0.6965856015624999 0.4524678984375 0.701146096875 0.44217622187499994 0.7094776015625001 0.43416222031249996 0.7133860984375 0.424546096875 0.7175166 0.4221218484375 0.71961009375 0.40820138281249996 0.7189545890625 0.40331414218750006 0.71054558125 0.4033680546875 0.7014880765625 0.40966031875000003
0 0.5799734328125 0.38032344687499997 0.5736894515625 0.4165220515625 0.5783414687499999 0.43644164218750003 0.5847029578125 0.4082031234375 0.5954169515625 0.3847322328125 0.5956284453125 0.3752357234375 0.5910574359375 0.368839015625 0.5873604328125 0.36895863125 0.5799734328125 0.38032344687499997
0 0.5285043796875 0.3804616125 0.5240883828125 0.389985078125 0.5172228999999999 0.423693734375 0.5202784140625 0.4409380625 0.5288319218749999 0.4401159375 0.530128915625 0.42763923750000005 0.534763415625 0.41974485 0.5420588937499999 0.3781687640625 0.5400253875 0.3722353421875 0.536980384375 0.3716794 0.5285043796875 0.3804616125
0 0.4659408140625 0.3753958234375 0.4637168375 0.4123356828125 0.46640584843750005 0.4231563453125 0.47061035156250003 0.4231293890625 0.47314435 0.41802987812500003 0.47936133906249995 0.390559571875 0.48363283749999997 0.381804315625 0.484644334375 0.3764268359375 0.4829738296875 0.3713542828125 0.4733278140625 0.3640310046875 0.47035681250000005 0.36587235625000003 0.4659408140625 0.3753958234375
0 0.4249777671875 0.3671224046875 0.41789728750000005 0.404764775 0.42029379218749996 0.411559065625 0.4276878 0.41131983906249997 0.427539796875 0.40652525625 0.435934790625 0.3842201609375 0.43694278437499995 0.3732798828125 0.43294977343749996 0.36381033125 0.42823776875 0.36374463125 0.4249777671875 0.3671224046875
0 0.378065709375 0.3514060953125 0.372271709375 0.35988338125 0.36548373125 0.4015521234375 0.366361240625 0.4136312390625 0.369265246875 0.42051818750000003 0.3784602453125 0.40233212187499995 0.3865522234375 0.35931226875 0.38553371875 0.35356415937499996 0.3812552125 0.351193825 0.378065709375 0.3514060953125
0 0.302737121875 0.33606379531249997 0.2908776421875 0.38236876406250003 0.2955261546875 0.396725559375 0.3019051625 0.39630101875 0.31710215 0.35457836249999997 0.31847314375 0.3444989546875 0.3125206296875 0.33149326874999996 0.30831612656249996 0.331520225 0.302737121875 0.33606379531249997
0 0.247641565625 0.333156071875 0.24518156875 0.3406528734375 0.2405575796875 0.365235646875 0.240857090625 0.380387609375 0.2437646015625 0.3928373515625 0.2545561015625 0.37732655 0.260473578125 0.33470428281250003 0.259384575 0.3321216765625 0.25112006875000004 0.331407378125 0.247641565625 0.333156071875
0 0.1932614984375 0.3152816984375 0.189204996875 0.3201032390625 0.1836330015625 0.3357723984375 0.18039051875 0.3669641484375 0.18859153906249998 0.381969540625 0.1956155390625 0.36974385625 0.20038052187500002 0.338830075 0.20174450781250003 0.3176250765625 0.1982625015625 0.313810975 0.1932614984375 0.3152816984375
0 0.129982440625 0.32518255625000003 0.12477695156249999 0.34727538125 0.127973459375 0.3581887 0.13239646562500001 0.35979082500000004 0.13652696875 0.3573665765625 0.1501344609375 0.3240942484375 0.151794453125 0.3124784171875 0.1433784375 0.30140673906250004 0.1379439359375 0.3051820984375 0.129982440625 0.32518255625000003
0 0.9435509921874999 0.6604492875 0.937471496875 0.676025790625 0.9325620125 0.7077077828125 0.9392370265625001 0.716872409375 0.9391700328124999 0.7256007078125 0.9431490281249999 0.7128190812499999 0.942708521875 0.703998125 0.9593645203125 0.6768445328125 0.9593575124999999 0.66571894375 0.961528509375 0.6597585640625 0.9586209984374999 0.6473088203125 0.9523864937500001 0.64696515 0.9435509921874999 0.6604492875
0 0.8637923921875 0.632379275 0.8583789109375 0.6695314046874999 0.8579524218750001 0.6829616296875 0.8608564281250001 0.689848578125 0.8645534328125001 0.689728965625 0.877364425 0.657900403125 0.8772129156249999 0.6475430249999999 0.8834404156250001 0.6367611046875 0.88661940625 0.6198604484375 0.878643896875 0.6176097281249999 0.8755953906249999 0.611490990625 0.8637923921875 0.632379275
0 0.7813658046875 0.6268653703125 0.787748315625 0.6320036250000001 0.7887703234375001 0.6433145296875 0.79348583125 0.6489430234375 0.80275483125 0.6331542515625 0.804696815625 0.6088764062500001 0.8139728234374999 0.6042132234375 0.8060678109375001 0.598796996875 0.8012677890625 0.5740828234375 0.7919247890625 0.5874743078125 0.7869413046875 0.6167590046875 0.7813658046875 0.6268653703125
0 0.723916209375 0.5694954890624999 0.7160392265625 0.608581625 0.714893740625 0.6314157046875 0.7156937453125 0.635534734375 0.7225837546875 0.64076564375 0.7222242578125 0.645467571875 0.7241062578124999 0.641043615625 0.7299037609375 0.6381291250000001 0.7258367484375 0.62626228125 0.7322017390625 0.6035865593749999 0.7336502406250001 0.6014672390625 0.7401032468750001 0.6034399890625 0.740018734375 0.5843543109375 0.7380522218750001 0.5696925890625 0.7296397109375 0.5641837078124999 0.723916209375 0.5694954890624999
0 0.6561331359375 0.5642713421875001 0.644989146875 0.5956096625 0.643117659375 0.616722003125 0.6538491734375 0.6210650906249999 0.6663676609375 0.58521015625 0.6706426624999999 0.582017696875 0.6707801546875001 0.5701238953125001 0.6658426421875 0.557303525 0.6596821359375 0.5593571453124999 0.6561331359375 0.5642713421875001
0 0.6026270734375 0.5529132890625 0.5902600921875 0.5991256015624999 0.5915675968749999 0.6033372875 0.604181109375 0.6032564171875 0.613517103125 0.5787393453125 0.6180705921875 0.5573220765625 0.6169075890625 0.552342178125 0.607187571875 0.542621609375 0.6026270734375 0.5529132890625
0 0.5524869890625 0.5242279515625 0.5442470078125 0.562453221875 0.5454205234375 0.5841215046875 0.5481060296875 0.5893793734375 0.5554965328125 0.58357735 0.5617770109375 0.5418159499999999 0.5611144984374999 0.5258031187500001 0.5572694921875 0.5211281484375 0.5524869890625 0.5242279515625
0 0.50010495 0.5230710078125 0.494028959375 0.54421030625 0.491942471875 0.5692563640625 0.49499097968749994 0.5753751 0.499991984375 0.5739043765625 0.506356975 0.5512286546875 0.512947475 0.541307603125 0.51525946875 0.52901621875 0.5099624578124999 0.5208977734375 0.5043799531250001 0.5198785484374999 0.50010495 0.5230710078125
0 0.4351413734375 0.50564813125 0.4268168765625 0.524787721875 0.423637884375 0.5416883796875 0.425688909375 0.575435778125 0.4282194046875 0.5647734718749999 0.43980740625000003 0.547818903125 0.44305689531250003 0.5277527421875 0.44159437968750004 0.5076208828125 0.43927187500000003 0.5032238828125 0.4351413734375 0.50564813125
0 0.367812821875 0.531496121875 0.3627588390625 0.5639463250000001 0.36472184687500003 0.5730452500000001 0.3769653515625 0.5609779234375 0.3801408375 0.5385144703125 0.3860018328125 0.5213088859375 0.3845498296875 0.5178654125000001 0.380704821875 0.51319044375 0.37635581875 0.5139856125 0.367812821875 0.531496121875
0 0.30453726875 0.5469597765625 0.3115682734375 0.54585968125 0.31511727500000003 0.5409454828125 0.32416426875000004 0.5179648328125 0.32885875468750003 0.49021655781250006 0.3193607421875 0.487687865625 0.3145077421875 0.493953171875 0.30453726875 0.5469597765625
0 0.260346096875 0.49836729843749994 0.2526101125 0.5311224296875 0.2560956203125 0.5404993265625 0.2659496265625 0.5327632984374999 0.27419661562500003 0.50566361875 0.27795360625 0.48569011562500003 0.270630096875 0.482763840625 0.2663550953125 0.48595629999999995 0.260346096875 0.49836729843749994
0 0.2173531265625 0.46906383125 0.20447514218750001 0.5096206921875 0.2072381515625 0.5228386484375 0.21463215937500002 0.5225994203125001 0.22570915625 0.49998940000000003 0.231059146875 0.47712836249999996 0.22837013593750002 0.46630770000000005 0.2216281296875 0.46587137187499994 0.2173531265625 0.46906383125
0 0.150592065625 0.4751505890625 0.14271508125000001 0.5142367265625001 0.147356590625 0.51746793125 0.15612509531250002 0.512712090625 0.16510159062500002 0.4928969453125 0.1688690921875 0.489611828125 0.1723370828125 0.47117474843749996 0.1691440765625 0.46582422343749996 0.1607350671875 0.4658781375 0.150592065625 0.4751505890625
0 0.1051250015625 0.45175216406249996 0.09361450624999999 0.476666821875 0.0890575125 0.49252129531250005 0.0902945203125 0.49989848437499995 0.097255028125 0.5019638921875 0.10746852968750001 0.4895259375 0.11796402343750001 0.464425965625 0.11890152031250001 0.45665119218749994 0.11636051249999999 0.45062511250000004 0.10722550156249999 0.44895728906250004 0.1051250015625 0.45175216406249996
0 0.103231646875 0.668330553125 0.10468715312500002 0.677336821875 0.10780616093749999 0.6802900546874999 0.121276159375 0.6589115296875 0.12647814531249998 0.6312559109375 0.118428634375 0.626607896875 0.1100266328125 0.6377874015625 0.103231646875 0.668330553125
0 0.0568975875 0.649541396875 0.058790096874999996 0.6618058265625 0.06951460312499999 0.6550233234375 0.0778990859375 0.6160298421875 0.07999958593749999 0.6132349671874999 0.0774585796875 0.6072088890625 0.0696275703125 0.6041899546875 0.0622405703125 0.6155547718750001 0.0568975875 0.649541396875
0 0.9421020703125 0.7769900171875 0.9379750703124999 0.7849770609375 0.9330620828124999 0.8110962578124999 0.934595096875 0.8280626140624999 0.9392401078124999 0.8368566140624999 0.9454006125 0.83480299375 0.9490941140625001 0.8291205843749999 0.95631909375 0.7907100015624999 0.9551525859375 0.780167309375 0.9485515734375 0.7733999734375 0.9421020703125 0.7769900171875
0 0.9379146625000001 0.9192523609375 0.9348661546875 0.9131336234375 0.92551264375 0.9098367187499999 0.92051514375 0.9168702390625001 0.9098081578125001 0.9514667187500001 0.908465228125 0.95958536875 0.9312936281249999 0.95852211875 0.93373118125 0.9526560875 0.9344466734375001 0.937689440625 0.93878866875 0.9257686796875 0.9379146625000001 0.9192523609375
0 0.825066071875 0.9526814046875 0.8401960640624999 0.9196870484374999 0.8383070578125 0.9129854125 0.84149305625 0.9072103468750001 0.837567040625 0.8890124953124999 0.8274910312499999 0.8895566484374999 0.8211190328125 0.9011067796875001 0.81230455625 0.9479676906250001 0.812588915625 0.9640508796875 0.8198445921875 0.963712940625 0.819853575 0.9636486390625001 0.821809575 0.9616219734375001 0.8267400796875 0.9633167546875001 0.825066071875 0.9526814046875
0 0.8493774671875001 0.7648283921875 0.8452504703124999 0.7728154375 0.8392659968749999 0.824166003125 0.8458670109374999 0.8309333375 0.852891009375 0.8187076515625 0.8563695109375 0.8169589578125 0.8552770046875 0.80881355625 0.8620825015625 0.794958790625 0.8653319921874999 0.77489263125 0.8638059859375 0.769051865625 0.855608471875 0.7596092671875 0.8493774671875001 0.7648283921875
0 0.7700234921875 0.9187942 0.7693644843749999 0.9083441640625001 0.77450298125 0.8949796390625 0.765367971875 0.893311815625 0.7616674625 0.887868634375 0.7548514546875 0.885035015625 0.7502134500000001 0.88736660625 0.7457234500000001 0.89449278125 0.7446414578125 0.9030357656250001 0.74080345625 0.9094863859375 0.742114465625 0.9192608671875 0.737123971875 0.9374199750000001 0.74204059375 0.9673367203125001 0.7498478703125 0.966973090625 0.7535190015625 0.956305171875 0.7585165015625 0.9492716515625 0.7611104875 0.9243182515624999 0.7700234921875 0.9187942
0 0.7669508796875 0.7593144875 0.7619498765625 0.7607852109375 0.757893375 0.76560675 0.7547108796875001 0.7769446125 0.750291378125 0.7809052828125 0.7539248921875 0.7950767640625 0.7521944 0.8098580999999999 0.7550984093750001 0.8167450468749999 0.757942428125 0.8434858843749999 0.7606949296875001 0.8400154531249999 0.7717614140625 0.8007170453124999 0.770302403125 0.7861479828125 0.7727588953125 0.773088384375 0.7669508796875 0.7593144875
0 0.6894548 0.7554953640625001 0.6867868125000001 0.7780514703125 0.6822263140625 0.78834315 0.6862898234375 0.7946472015625 0.6868818375 0.813825534375 0.6923268515625 0.8267385624999999 0.695646840625 0.8035068984375 0.702166840625 0.796751353125 0.7037563359375001 0.7883010234375 0.7045353171875 0.75904328125 0.7063433140625001 0.752222034375 0.700972303125 0.741706296875 0.6965492953125 0.7401041734375 0.6894548 0.7554953640625001
0 0.6702503656250001 0.87991869375 0.6614148656250001 0.8934028328125001 0.653604878125 0.92376066875 0.6661584031250001 0.943533690625 0.670792903125 0.9356393031250001 0.6745533984375001 0.9212285953125001 0.6859263999999999 0.9082077406250001 0.684541390625 0.89603596875 0.6790223734375 0.8807256484374999 0.67474386875 0.8783553140624999 0.6702503656250001 0.87991869375
0 0.5995032984375 0.8876614859374999 0.5989393171875 0.9129855140625001 0.6010468234374999 0.9213162296874999 0.6066963234375 0.91360715625 0.6184078000000001 0.8625076046875 0.6099212875 0.8546014296875001 0.6047052859375001 0.8600058687500001 0.5995032984375 0.8876614859374999
0 0.6232402015625 0.7084441171875 0.6209987046875 0.7175699984375 0.61914123125 0.7609335234375 0.6245862453125001 0.77384655 0.6295872499999999 0.7723758265625 0.6323467578125 0.7800309890625 0.63668875625 0.7681102281250001 0.63501825 0.763037675 0.6359557453125 0.7552629 0.646458246875 0.7412885218749999 0.6415277406250001 0.7395937421875 0.6384052312499999 0.7310777140625 0.643392221875 0.707355809375 0.6423032171874999 0.704773203125 0.628311703125 0.703807890625 0.6232402015625 0.7084441171875
0 0.5553866296875001 0.7063854734375 0.5497686640625 0.764159703125 0.5513651671875001 0.7668349671875 0.556799671875 0.7630596078125 0.56121566875 0.753536140625 0.567883675 0.751575178125 0.57122118125 0.7561574906249999 0.5728141796874999 0.7532699578125001 0.5729551765625 0.7469389515625 0.569251165625 0.7359329734375 0.574738646875 0.7011781375 0.5708161359374999 0.6885430796875001 0.5674081281250001 0.6871262687499999 0.5553866296875001 0.7063854734375
0 0.54466520625 0.83315218125 0.5387302093749999 0.847960475 0.531716721875 0.87687454375 0.5296267343750001 0.8963578062499999 0.5293482468749999 0.9145826156249999 0.5314557546875001 0.9229133328125 0.53586474375 0.9022642734374999 0.5419442390625 0.8866877703125 0.5459267390625 0.8794689375000001 0.5500572421875 0.8770446890624999 0.5559077234375 0.8431507203124999 0.55467071875 0.8357735312499999 0.5489402078125 0.829959721875 0.54466520625 0.83315218125
0 0.477671625 0.8153586765625 0.47349865625 0.865450790625 0.47995516718750003 0.8729863375000001 0.48365217187500004 0.8728667250000001 0.48589717187500003 0.8693036375000001 0.49007714843750005 0.8303371140625 0.49412664062499995 0.8143899843750001 0.489044628125 0.8023378234375 0.4802761234375 0.807093665625 0.477671625 0.8153586765625
0 0.5210775734374999 0.673899909375 0.5163690734374999 0.6793970046875 0.5045130953125 0.73126476875 0.5068461125 0.752350153125 0.51025411875 0.7537669640625 0.5126401125 0.74387286875 0.5179266124999999 0.7353029281250001 0.529060090625 0.687276221875 0.5286195859375 0.6784552671874999 0.5252820796875 0.6738729515624999 0.5210775734374999 0.673899909375
0 0.45431993437499996 0.706208884375 0.45433044687499996 0.7228972687499999 0.4565824546875 0.7304597734375 0.46926296093750003 0.721650603125 0.46853345625 0.7143660703125 0.471349446875 0.6966045453125 0.47605444375 0.6855446546875 0.47445443593750003 0.677306596875 0.46814242500000003 0.6690028406249999 0.4576434265625 0.6885400140625 0.45431993437499996 0.706208884375
0 0.42112406562500004 0.8090074796875 0.415481571875 0.8278421421875001 0.4124540875 0.8551001765624999 0.413254090625 0.85921920625 0.4189105984375 0.8626357234375 0.41855460625 0.872900446875 0.42138110781250004 0.8718273078125 0.4209406015625 0.8630063515625 0.42600859843750005 0.8528073296875001 0.43092158593749996 0.8266881343750001 0.431852075 0.8077877703125 0.4264140671875 0.8060003328124999 0.42112406562500004 0.8090074796875
0 0.369863003125 0.7940863390625 0.3615420125 0.8187887249999999 0.3574255234375 0.843464153125 0.3585145265625 0.846046759375 0.3625005296875 0.8443907218750001 0.374811028125 0.8235950937500001 0.3800940234375 0.8094623578125001 0.38233201562499997 0.7947736828124999 0.381313509375 0.789025571875 0.3768905046875 0.7874234484375 0.369863003125 0.7940863390625
0 0.4079119515625 0.664363015625 0.4041444515625 0.66764813125 0.39474847031250004 0.7120190921875 0.39431847656249996 0.7198865234375 0.399907990625 0.7320313390625001 0.40642799218750003 0.725275790625 0.41128800156249995 0.730136075 0.41179900468749997 0.735791528125 0.41375150312500003 0.72820206875 0.410843990625 0.715752325 0.41661696875 0.6738982703125 0.41596146406249995 0.669011028125 0.41197195625000005 0.6651042703125001 0.4079119515625 0.664363015625
0 0.34317037968749997 0.6541320140625 0.3319593953125 0.6941986328125 0.33138840625 0.7083970703125 0.3334959125 0.716727784375 0.3375559171875 0.7174690390625 0.3442909171875 0.706779778125 0.35433539375 0.6561704671874999 0.3512868859375 0.650051728125 0.34722688125 0.6493104734374999 0.34317037968749997 0.6541320140625
0 0.3099074375 0.7863183296875 0.3026754484375 0.8136033218750001 0.299066459375 0.8383714078125 0.3076904671875 0.8343837781250001 0.31355496562499996 0.822740990625 0.319838946875 0.7865423859375 0.3162829390625 0.7803309953124999 0.3136009359375 0.780635921875 0.3099074375 0.7863183296875
0 0.2506673625 0.7635836734375 0.244527878125 0.7990140640625001 0.2457718921875 0.8175168453125 0.252076896875 0.8146950125 0.2538179015625 0.8166020640625 0.2560629 0.8130389750000001 0.26473638125 0.7725090734375 0.2663188703125 0.7529331531250001 0.26377786406250003 0.746907075 0.25921035625 0.7460731625 0.2506673625 0.7635836734375
0 0.28778231875000004 0.6471979171875 0.28394431875000004 0.6536485375 0.27273333593750004 0.6937151578125 0.2764443546875 0.715846725 0.28339785625 0.706786540625 0.29034084375 0.681037971875 0.296783340625 0.6663223390625 0.2988768328125 0.6524018734375 0.2980028296875 0.6458855515625 0.2938688234375 0.6427470046875 0.28778231875000004 0.6471979171875
0 0.1972317984375 0.7490601156250001 0.1938308 0.758768896875 0.189354815625 0.7881462531250001 0.1909583265625 0.8019471062499999 0.1998748359375 0.80198585 0.21376081406249997 0.7504887140625 0.2110013078125 0.7428335515625 0.2059263015625 0.741906984375 0.1972317984375 0.7490601156250001
0 0.22116060312500002 0.6218460359375 0.219712103125 0.62396535625 0.222626621875 0.647540690625 0.22248912812500002 0.6594344921874999 0.21844313906249999 0.6809444203125 0.22062114375 0.6861096296875 0.22497015 0.6853144624999999 0.2267076484375 0.68165871875 0.2387081234375 0.6290227421875 0.2355891203125 0.6260695093749999 0.22536860937499997 0.627381875 0.22116060312500002 0.6218460359375
0 0.166944203125 0.6561250578125 0.1642727125 0.673118371875 0.167835728125 0.69045535625 0.17081023281250002 0.6941767999999999 0.173925734375 0.6915672390625 0.180290725 0.6688915171875001 0.18555970625 0.6325075984375 0.179829196875 0.626693790625 0.17475769375 0.631330015625 0.166944203125 0.6561250578125
0 0.13693425312500002 0.7738080109375 0.13056926093750001 0.7964837328125001 0.1312352765625 0.8180593593750001 0.13739578125000002 0.8160057390625 0.1430452828125 0.8082966640624999 0.14695027656249998 0.7931177453125 0.1521627734375 0.7821505109375 0.155630765625 0.7637134328124999 0.1543232625 0.759501746875 0.14613275312500001 0.761184740625 0.13693425312500002 0.7738080109375
0 0.0881366921875 0.7569528625 0.08509519374999999 0.7619597171875 0.0787407125 0.8013238234375001 0.082733721875 0.8107933781250001 0.093095228125 0.8031500046875 0.102131709375 0.7634809703125 0.1006057046875 0.7576402046874999 0.093934196875 0.7540383734375 0.0881366921875 0.7569528625
0 0.0386766203125 0.7240848843750001 0.0337496171875 0.7279528984375 0.0300390484375 0.7372110640625 0.031957150000000004 0.7842846531250001 0.034218153125 0.7812762156249999 0.042962134375 0.7375808078125 0.0423771265625 0.729528065625 0.0386766203125 0.7240848843750001