0 0.0727411328125 0.8706871140624999 0.0585680734375 0.868575153125 0.050419303125 0.8656660125 0.051721146875 0.888017790625 0.06193415 0.8858511 0.0770299375 0.8864292 0.0809865984375 0.87705141875 0.0727411328125 0.8706871140624999
0 0.0615651953125 0.7931117046875 0.0490161328125 0.7906339734375 0.0458316296875 0.7868986984374999 0.047074009374999996 0.8082295171875 0.058878200000000006 0.8064468359375001 0.0671310609375 0.8029968125 0.0683195359375 0.7982206109375001 0.0615651953125 0.7931117046875
0 0.10818138906250001 0.720288721875 0.1067788484375 0.71795254375 0.0980461765625 0.717532528125 0.0755833609375 0.709596653125 0.05285479375 0.7049031140625 0.04139823125 0.7085442921875 0.041267390625 0.7085337468749999 0.042352973437500004 0.727172478125 0.0706079921875 0.7314034031250001 0.088560546875 0.7262991421875 0.093653996875 0.7224998796875 0.10818138906250001 0.720288721875
0 0.077436296875 0.6383690140625 0.0701578515625 0.6299304593749999 0.065463025 0.6288662125 0.0507584671875 0.63323893125 0.03697458125 0.6348290375000001 0.0379226265625 0.651106365625 0.0712798484375 0.6551376359375001 0.106911809375 0.6579857859375 0.10866868125 0.6559988453125001 0.077436296875 0.6383690140625
0 0.1102632625 0.5781992171875 0.11066188749999999 0.5733357078125 0.118959040625 0.5693452953125 0.114397090625 0.5666598765625 0.0921926265625 0.5652959890625 0.0844269734375 0.5628017234375 0.036548596875 0.5635074437500001 0.0330329390625 0.5671536734375 0.0334652296875 0.5745758046875 0.0408374 0.57924953125 0.054877585937499994 0.5829826609375 0.0706303515625 0.5852692421875 0.1102632625 0.5781992171875
0 0.0795181703125 0.4962795125 0.0693755625 0.503337646875 0.0412878 0.5056857140625 0.0399221546875 0.5126234734375 0.0444398140625 0.5158492796874999 0.0585242890625 0.519042021875 0.08248562499999999 0.5184189671875 0.10925943281249999 0.5126539421875 0.08504714062499999 0.49689067812500004 0.0795181703125 0.4962795125
0 0.0399296359375 0.4444635578125 0.0384754078125 0.452482096875 0.0423360890625 0.45399942656250003 0.0912626734375 0.45995300625 0.111717659375 0.45348950312499997 0.1153199859375 0.44843484218749996 0.099087409375 0.4422782234375 0.06657056875 0.44031970156250005 0.0399296359375 0.4444635578125
0 0.10232809375 0.39301542500000003 0.1130833875 0.3882061578125 0.119446503125 0.38836424375 0.09566973125 0.37701140781250003 0.057225293749999996 0.37930523125 0.0491496015625 0.380593696875 0.045724440625 0.383486796875 0.0460713765625 0.38897800781249997 0.0544940078125 0.393180753125 0.06388365781250001 0.3953092453125 0.09104869531250001 0.39449504062499996 0.10232809375 0.39301542500000003
0 0.12041360781249999 0.32794440625 0.10857321093750001 0.31682043437499996 0.056435528125 0.320872334375 0.0558154453125 0.32843779375 0.06809875625 0.33415786718749996 0.11004954062500001 0.3377044921875 0.12041360781249999 0.32794440625
0 0.0789944078125 0.2595675140625 0.1032583875 0.264976059375 0.14069151093750001 0.26529687812499997 0.1449951078125 0.26141030625 0.13569404062499998 0.25820103125 0.1254776421875 0.24671128750000001 0.107798234375 0.23875887968749998 0.1014794125 0.2380604015625 0.087608996875 0.24198004062499998 0.05785294375 0.24523426874999998 0.0533278890625 0.2518227890625 0.0545975515625 0.25578013906249997 0.061484771875 0.25926787500000004 0.0789944078125 0.2595675140625
0 0.14746073125 0.1924315375 0.12535224843749998 0.18017254062500002 0.0915657421875 0.174256671875 0.0554022828125 0.177893203125 0.0671172 0.18082401718750002 0.07299310625 0.1869263921875 0.079924615625 0.1898737375 0.12152106562500001 0.1977434828125 0.12420066562500001 0.1942226828125 0.14157742812500002 0.1961434921875 0.14746073125 0.1924315375
0 0.1422492828125 0.1198777265625 0.1265851015625 0.1165103640625 0.0949024046875 0.1140987640625 0.0843685671875 0.1162060796875 0.0825674046875 0.11873340937500002 0.0836156109375 0.125392709375 0.0928280953125 0.1296827640625 0.1284600578125 0.1325309125 0.143164615625 0.1281581953125 0.145977090625 0.1230162234375 0.1422492828125 0.1198777265625
0 0.158703403125 0.0649868078125 0.1560754921875 0.058152890624999995 0.1467744234375 0.054943615625 0.12233327812499999 0.05169663125 0.1062704703125 0.05319278125 0.0825305953125 0.051113884374999995 0.0798952859375 0.0540942953125 0.0814675953125 0.06408324531250001 0.0937952 0.06926292656250001 0.13482325625 0.07434341093749999 0.1679158859375 0.0692768640625 0.158703403125 0.0649868078125
0 0.0883140234375 0 0.0882737109375 0.00049184375 0.0932268890625 0.008128081249999999 0.166683203125 0.0162478671875 0.1748917734375 0.0133382328125 0.1707727375 0.005248915625 0.16524376875 0.0046377484375 0.1580103140625 0 0.0883140234375 0
0 0.888349065625 0.9646605875 0.8838756968749999 0.9608943890624999 0.87913658125 0.9603705328125001 0.8755785453125 0.9648848031249999 0.8579803265624999 0.9656659453125 0.8504287343750001 0.9702840593750001 0.8508642546875 0.9746944875000001 0.85288885 0.976878178125 0.9558698203124999 0.9738817375 0.9603585484374999 0.9709845828124999 0.9565421593749999 0.9689268671875 0.9467981734375 0.9711214921875 0.888349065625 0.9646605875
0 0.8719099078125 0.8832316703125 0.8741834859375001 0.8943887078125 0.8809378296875 0.8994976156250001 0.8835214499999999 0.9068719218749999 0.9027436671875 0.9057250109374999 0.9102509671875 0.9016472875 0.9401325015625 0.90658621875 0.95646105625 0.9018477296875 0.9683974328125 0.9020765921875 0.96576951875 0.8952426750000001 0.9694161390625 0.8896476234374999 0.9552430796875001 0.8875356625 0.9336144078125 0.8791467046875001 0.914392190625 0.8802936156250001 0.8851233437499999 0.877603553125 0.8719099078125 0.8832316703125
0 0.9767463578125 0.829385871875 0.9701248890624999 0.8226557968750001 0.9683311218749999 0.8153687984375001 0.94477580625 0.8013140125 0.939291128125 0.8001624546875 0.8900471078125 0.807805934375 0.8900840015625 0.8170798749999999 0.8998648828125001 0.8241591875 0.90916595 0.8273684609374999 0.95247498125 0.8337916562500001 0.967179540625 0.8294189375000001 0.9767463578125 0.829385871875
0 0.8873823859375 0.7333524890625001 0.8870723437500001 0.7371352203125 0.8935166453125 0.7460268546875 0.9100592640625 0.748400746875 0.9612742203125 0.74588270625 0.9627727374999999 0.7373237765625 0.9346037859375 0.7309382921875 0.9005515296875 0.7282647625 0.8873823859375 0.7333524890625001
0 1 0.6671711234375 0.971040475 0.655899503125 0.9623520937500001 0.6549391 0.9055195859375 0.6579267546875001 0.9010831140625 0.663434496875 0.9023084859375 0.667932234375 0.9068261468750001 0.6711580421875001 0.9255168640625 0.676495809375 0.9320940390624999 0.6837662765625 0.9492936359374999 0.687848646875 0.958203475 0.6861071 0.9714612046875001 0.67993859375 0.9778686078125001 0.6795562890625 0.990735109375 0.6684369625000001 1 0.667368165625 1 0.6671711234375
0 1 0.5966630734375 0.991451253125 0.59163080625 0.9767098000000001 0.586729584375 0.9261592203125 0.5811417750000001 0.908073790625 0.58786720625 0.9213610187500001 0.600786965625 0.938560615625 0.6048693375 0.9481717234374999 0.6042958828125 0.9741039921875 0.6087982671875001 1 0.5993828031249999 1 0.5966630734375
0 0.941734903125 0.527244328125 0.94902074375 0.5258685546875 0.9760086156250001 0.527215909375 0.987509471875 0.5230343421875 0.9889636984375001 0.5150158031250001 0.9735209749999999 0.5089464921875 0.9551329015625001 0.509640321875 0.9425395484375001 0.507702978125 0.920682021875 0.511830303125 0.91795813125 0.51589149375 0.9269491578125001 0.5228834984375 0.93225666875 0.526196615625 0.941734903125 0.527244328125
0 0.99305331875 0.4456712625 0.9862103921875001 0.4416431375 0.972871478125 0.43907809531249997 0.92959934375 0.44192884218749995 0.91638590625 0.44755695781249993 0.9152860109375001 0.4512523796875 0.9189695265625 0.4549312671875 0.9345894171875001 0.4588390171875 0.9769388250000001 0.4575221328125 0.99010796875 0.45243440625 0.99305331875 0.4456712625
0 0.9907724281249999 0.38598296875 0.9759423921874999 0.38216252812499996 0.9395648671875 0.378686678125 0.9280640140624999 0.382868246875 0.9261299749999999 0.387016746875 0.9298134890625 0.390695634375 0.9398601171875001 0.3945326078125 0.980932465625 0.399072703125 0.9925219046875 0.39381035625 0.9936660890625 0.389574546875 0.9907724281249999 0.38598296875
0 1 0.30981343125 0.9940352984375 0.3072771796875 0.9758686843750001 0.3052690609375 0.9318066937499999 0.30803249843749997 0.9268904140625001 0.3096702 0.9239007703125001 0.31697373125 0.932190528125 0.322797646875 0.9566316734375 0.3260446328125 0.9918724062500001 0.3239419609375 1 0.31875959374999996 1 0.30981343125
0 1 0.246421734375 0.9953124453125 0.24307461406250003 0.943573384375 0.2422630046875 0.9360217937499999 0.24688111875000002 0.9364573140625 0.251291546875 0.941720534375 0.2551450546875 0.9533911609375 0.25861625781250003 0.9938951140625001 0.26036709375 1 0.2584268109375 1 0.246421734375
0 1 0.18079990625 0.998870565625 0.18021475468749998 0.9592007562499999 0.1780108375 0.9541515984375 0.18126971249999999 0.9528302468750001 0.18766708125 0.9711223421874999 0.197868359375 0.983538528125 0.2019672640625 0.9937623234374999 0.20364267812499998 1 0.20244205937499998 1 0.18079990625
0 1 0.12355010625 0.9692031796875 0.124042615625 0.9618287546875001 0.12649916875 0.9598504234374999 0.1311880609375 0.961954234375 0.1346923296875 0.9891561671875 0.1431520625 1 0.1446186296875 1 0.12355010625
0 1 0.05905557031250001 0.9699119296875001 0.057050789062499996 0.9552516625 0.06088311875 0.9531404578125 0.06719317968750001 0.955989828125 0.0713251453125 0.9914889125 0.075794465625 1 0.0756173765625 1 0.05905557031250001
0 0.8443765078125001 0.38288737500000003 0.844775134375 0.3780238640625 0.8257743734374999 0.37646882656249997 0.8227035453125 0.3750388078125 0.8194186562500001 0.3664964109375 0.8140225609374999 0.364264075 0.7958042578125 0.3726106734375 0.7736440875 0.370706396875 0.7638558109375 0.37344141249999996 0.765295246875 0.38505153281250004 0.7948667375 0.3937731953125 0.8239141249999999 0.39916520625 0.8443765078125001 0.38288737500000003
0 0.856054615625 0.3181986625 0.83670691875 0.3111524140625 0.8064267624999999 0.311076990625 0.79304355625 0.3090523390625 0.7767149984375 0.31379082812500003 0.7778074968750001 0.3199097375 0.7869313984375 0.325280571875 0.832964321875 0.32764257343750003 0.8429297609375 0.32274600000000003 0.850961165625 0.3219979234375 0.856054615625 0.3181986625
0 0.8351641921875 0.261906146875 0.8550433890625 0.26246771562500004 0.86004825625 0.25974923125 0.8629493140625 0.25352648125 0.8462812156249999 0.24295943125 0.8429963265625 0.234417034375 0.8355333187499999 0.23795436875 0.7953320109375001 0.2422351328125 0.789094375 0.2502702046875 0.7918994546875 0.2549425640625 0.809623153125 0.26235458125 0.8182229515625 0.26439576875 0.8351641921875 0.261906146875
0 0.8343523234375001 0.1745706515625 0.8077113875 0.1787145078125 0.8034077906249999 0.18260108125000002 0.8078368671874999 0.18690766718750002 0.8156468109375 0.18886154375 0.8557964312499999 0.1949354984375 0.872737675 0.192445878125 0.8780082890625 0.18648505625 0.8629198984374999 0.176092625 0.8343523234375001 0.1745706515625
0 0.8717855328124999 0.11654588437499999 0.8656881671875001 0.11314545937500001 0.8428267265624999 0.11007309218750001 0.8172856859375001 0.1105215265625 0.8137719406249999 0.114495409375 0.8149087328125001 0.1200739265625 0.8381614015625001 0.1280971140625 0.8522901671875 0.130749465625 0.8626911296875001 0.1302633171875 0.8721767609375 0.12149670312500001 0.8717855328124999 0.11654588437499999
0 0.8132553187499999 0.0430058421875 0.80359991875 0.0441196875 0.7991634453125 0.04962743125 0.800123071875 0.057367509375 0.8069217046875 0.06193602499999999 0.81631135625 0.0640645203125 0.8568153078125 0.06581535468750001 0.8660794796875001 0.059750689062499994 0.8588453265625 0.050771745312500005 0.8132553187499999 0.0430058421875
0 0.6522575390625 0.4903382234375 0.6003930015625001 0.481333453125 0.595388134375 0.48405193750000003 0.5924870765625 0.49027468750000003 0.602223665625 0.4978943921875 0.6437315328125 0.506844915625 0.668571303125 0.5052283921875 0.67524445625 0.5016037484375 0.6715609437500001 0.49792486093750005 0.6522575390625 0.4903382234375
0 0.608461384375 0.43151373125000003 0.6566866984375 0.43629922343749994 0.6739896703125 0.41967215468749997 0.6536749546875 0.41470015781249997 0.62729976875 0.4156016703125 0.6085130734375 0.42115901093749997 0.6054348484375 0.42954332500000003 0.608461384375 0.43151373125000003
0 0.6368075875 0.37739206875 0.6461086546875 0.38060134218749997 0.6753332109375 0.38383179375 0.6836746546875 0.3793009890625 0.6857858593749999 0.372990928125 0.676661959375 0.36762009687499997 0.6793415578124999 0.36409929375 0.67627073125 0.36266927656250003 0.64050589375 0.361442296875 0.63594394375 0.35875688125 0.627211271875 0.3583368640625 0.621416553125 0.36096803906249997 0.6193496390625 0.3667377078125 0.6221990078124999 0.370869678125 0.6368075875 0.37739206875
0 0.7029486453125 0.30945377343749997 0.7064623890624999 0.305479890625 0.701989021875 0.30171369375 0.659647009375 0.29321625 0.6249377765624999 0.288834240625 0.6183974953125 0.2908377125 0.6166406249999999 0.29282465625 0.620146971875 0.298665103125 0.63694794375 0.3076109828125 0.6693762015625 0.3106502828125 0.697331090625 0.3099233859375 0.7029486453125 0.30945377343749997
0 0.6979143624999999 0.23473839999999999 0.6745288203124999 0.22833638281250002 0.645304265625 0.22510593124999997 0.6298984359375 0.22831056093750002 0.6268202125 0.236694871875 0.6298024578125 0.2392056703125 0.6570929734375001 0.24658462343749998 0.6767950015624999 0.2493077515625 0.6925108734375 0.24232039218749998 0.7045801234375 0.24092808593749998 0.6979143624999999 0.23473839999999999
0 0.7115117171875001 0.18552984374999998 0.694666453125 0.17712435625 0.6551738109375 0.172758878125 0.6494676765625 0.174309271875 0.64823490625 0.1796258625 0.65112856875 0.183217440625 0.672757240625 0.1916063984375 0.7066323296875 0.19644148749999998 0.7131726109375001 0.19443801249999998 0.7135269421875 0.19011489374999999 0.7115117171875001 0.18552984374999998
0 0.6518964031250001 0.096056565625 0.652856025 0.10379664531249999 0.659787534375 0.1067439890625 0.7221859078125 0.11364144218750001 0.73399680625 0.10567714531250001 0.7156161296875 0.0965566484375 0.66743510625 0.09123076718749999 0.6569455609375 0.0927976921875 0.6518964031250001 0.096056565625
0 0.7001660937499999 0.041956079687499995 0.6874472609375 0.031825578125 0.6622162625 0.0284912828125 0.639089071875 0.02866125625 0.633862746875 0.0340816890625 0.6359222640625 0.0381263484375 0.641185484375 0.0419798546875 0.6545244 0.0445448953125 0.658296496875 0.047143004687500004 0.6923044609375 0.0503569234375 0.699723178125 0.0473599796875 0.7001660937499999 0.041956079687499995
0 0.5117008000000001 0.3673798921875 0.49810353125000006 0.3582428609375 0.47519779843750004 0.3557108859375 0.45773245312500005 0.3548708546875 0.4536060234375 0.35659586875 0.45088213125000004 0.360657059375 0.4575035984375 0.36738713437500004 0.4644351078125 0.3703344796875 0.49129010468749995 0.3733030046875 0.512224903125 0.3707095421875 0.5117008000000001 0.3673798921875
0 0.46435400624999995 0.30325534374999996 0.4738765328125 0.30376266875 0.50884411875 0.3147166671875 0.511568009375 0.310655475 0.507183225 0.3058084984375 0.5279408578125 0.305376596875 0.5322887453125 0.3009496359375 0.5386961515625 0.3005673296875 0.5343113671874999 0.2957203546875 0.5172889374999999 0.2894764234375 0.46985347656250004 0.2847782421875 0.45931964062499997 0.28688555781249997 0.45497175 0.2913125203125 0.45825664218749995 0.29985491875000003 0.46435400624999995 0.30325534374999996
0 0.537212509375 0.23115201562499998 0.5428817515625 0.22032768281249998 0.54775374375 0.21923036875 0.51300021875 0.21538875000000002 0.4889945921875 0.21655219531249997 0.48276435156249997 0.2147729390625 0.4752570515625 0.21885066250000001 0.46648008750000003 0.2189710390625 0.4582272265625 0.2224210625 0.4561603140625 0.22819073437499998 0.46291465625 0.2332996390625 0.51263109375 0.23934052968750003 0.537212509375 0.23115201562499998
0 0.5357288687499999 0.1617367 0.5095825359374999 0.1501219375 0.47227489062499994 0.157994278125 0.4678827109375 0.16296163125000002 0.4688866265625 0.1701613203125 0.5163220890625 0.17485950156250002 0.5357288687499999 0.1617367
0 0.5367033671875 0.09150253281250001 0.526745321875 0.0865847796875 0.491770340625 0.0854451109375 0.4704369171875 0.09290208125 0.472097809375 0.10181025156250001 0.5241838046875 0.10811307031249999 0.5427490453125 0.105257678125 0.5465285390625 0.0980414578125 0.5402983 0.09626220156250001 0.5367033671875 0.09150253281250001
0 0.55232334375 0.037064696875000004 0.5502638265625001 0.0330200390625 0.53486539375 0.0264103390625 0.49914485 0.02464296875 0.4812365890625 0.0292068390625 0.48074938125 0.0351511296875 0.489083428125 0.0404346546875 0.5014110328125 0.0456143359375 0.5187877953125 0.047535146875 0.5471413109375 0.041944740625 0.55232334375 0.037064696875000004
0 0.309535115625 0.5293393531249999 0.31475404375 0.5337332499999999 0.335467384375 0.5338417375 0.343675953125 0.5309321031249999 0.3532427703125 0.5308990375 0.3575020765625 0.52755285625 0.352150271875 0.524780128125 0.351714753125 0.5203697 0.3590448859375 0.5184535343750001 0.32034209687500004 0.5141753671875 0.2970377421875 0.5165069015625 0.292822728125 0.5193126953125 0.29624049218750004 0.5262339218750001 0.309535115625 0.5293393531249999
0 0.312606028125 0.472423784375 0.32177422031249997 0.47725422812499996 0.35275565000000003 0.47849774062500006 0.373476384375 0.4687919 0.372996571875 0.46492185781249995 0.367032084375 0.4599002625 0.35290331406250003 0.4572479125 0.34154273125 0.4499939796875 0.3211763265625 0.4553767015625 0.3108196578125 0.45532245624999995 0.29747334687500004 0.46257174375 0.2945722875 0.46879449375000004 0.3014152140625 0.47282262187499996 0.312606028125 0.472423784375
0 0.373697928125 0.4077443609375 0.3771673796875 0.4043108703125 0.3696231828125 0.3991146546875 0.3708116609375 0.3943384546875 0.35370065 0.3891753046875 0.3341240984375 0.39464533749999997 0.3068704765625 0.396540321875 0.3034010265625 0.39997381249999997 0.305283375 0.40618003125 0.32805623281249996 0.41033317968749994 0.35745795468749997 0.4114020703125 0.373697928125 0.4077443609375
0 0.32441709531249996 0.347768315625 0.348201265625 0.3493068203125 0.373875178125 0.347237215625 0.38212803906250004 0.34378719062499996 0.372826971875 0.34057791718749997 0.3691877484375 0.3363586390625 0.3569044375 0.330638565625 0.3289938390625 0.3308250734375 0.3007731984375 0.334794309375 0.299540428125 0.3401109 0.30295819375 0.347032128125 0.317131253125 0.3491440890625 0.32441709531249996 0.347768315625
0 0.3354973078125 0.2612020734375 0.3137726578125 0.263708225 0.3115728671875 0.2710990671875 0.3159133609375 0.27648643281249996 0.3377191984375 0.28271383125 0.34728601718749996 0.282680765625 0.3652754640625 0.28685044375 0.385464703125 0.2836292828125 0.383368290625 0.270310684375 0.3354973078125 0.2612020734375
0 0.39029988437499996 0.21491244375 0.38916309375 0.2093339234375 0.3974159546875 0.20588389999999998 0.35463102812499997 0.2027903546875 0.3370770984375 0.20303110468750002 0.32570911874999997 0.20559150312500002 0.3235979109375 0.2119015640625 0.32798269687500003 0.21674854062499999 0.3553617953125 0.22304671250000002 0.3679994421875 0.224443665625 0.383626728125 0.2185370859375 0.39029988437499996 0.21491244375
0 0.403387925 0.14274557968749998 0.3818035453125 0.1338162328125 0.3394984296875 0.13459272656250001 0.32878742656250004 0.138861603125 0.32834450937500004 0.1442655046875 0.33189514999999997 0.1495655609375 0.3389152421875 0.1514321265625 0.365725946875 0.154941040625 0.3802090484375 0.1532702734375 0.40127672031249995 0.149055640625 0.403387925 0.14274557968749998
0 0.361739871875 0.0868849671875 0.3775369296875 0.0886311578125 0.4055361109375 0.087363871875 0.41067384999999995 0.08302421875 0.398124790625 0.0805464859375 0.38601864375 0.0726648546875 0.3386274734375 0.06742628125 0.32791647031250004 0.071695159375 0.3242698515625 0.0772902109375 0.323871228125 0.08215371875000001 0.330012884375 0.08501375625 0.3504161828125 0.0889049734375 0.361739871875 0.0868849671875
0 0.3425768234375 0.0095172421875 0.33348981875 0.013420348437499998 0.330765925 0.017481539062500003 0.3319912984375 0.0219792796875 0.3358519796875 0.02349660625 0.3778470546875 0.026502840625000003 0.3924630296875 0.023210903124999998 0.3977779375 0.016709690625000002 0.3902337421875 0.011513474999999999 0.3425768234375 0.0095172421875
0 0.2152101453125 0.7272119984375001 0.1889309390625 0.7172184046875001 0.1751934 0.719516871875 0.1554470796875 0.7173341343749999 0.133021159375 0.718672196875 0.132091034375 0.7300203875 0.149113465625 0.7362643171875 0.18605938125000002 0.7425294250000001 0.1986158390625 0.735192828125 0.200682753125 0.7294231578125 0.2152101453125 0.7272119984375001
0 0.14938669531249998 0.664862059375 0.19756771875 0.670187940625 0.21170388125 0.6630259640625 0.196615490625 0.6526335328124999 0.158045578125 0.6467341953125 0.140971459375 0.6508449859375001 0.1412298140625 0.6574169750000001 0.14938669531249998 0.664862059375
0 0.22558177656249997 0.590946409375 0.209747825 0.57992628125 0.1950506625 0.5744846671875 0.17925360625 0.572738478125 0.14624955625 0.576724246875 0.1449724953125 0.582581228125 0.149401571875 0.586887815625 0.1563773734375 0.5892947703125 0.19512445312499999 0.5930325484375001 0.204912728125 0.59029753125 0.22558177656249997 0.590946409375
0 0.2297082921875 0.5308758109375 0.232476475 0.5262742296875 0.2266005671875 0.520171853125 0.21190340624999998 0.5147302421875 0.209799596875 0.5112259734375 0.205894625 0.5102490359375 0.1968519109375 0.51361175 0.1719678484375 0.515768665625 0.1629694265625 0.518590990625 0.1519926734375 0.52610220625 0.1604153046875 0.5303049515625 0.213424028125 0.535073909375 0.2297082921875 0.5308758109375
0 0.23955573593750001 0.449626159375 0.21327652968750002 0.439632565625 0.1651324015625 0.4435806234375 0.159337684375 0.446211796875 0.158104915625 0.45152838749999996 0.1617441375 0.455747665625 0.1947850828125 0.46103583593749997 0.2144871125 0.46375896406250006 0.23108141718750003 0.45577813437500003 0.24319495937500002 0.45384543749999995 0.23955573593750001 0.449626159375
0 0.1921646515625 0.386042 0.17684740625 0.3881658515625 0.1683730859375 0.394317825 0.1712224578125 0.3984497921875 0.1798222546875 0.400490978125 0.20904680937500003 0.40372143125 0.2295460875 0.3967175390625 0.23310412343750003 0.3922032671875 0.22700675937499998 0.3888028390625 0.1921646515625 0.386042
0 0.23042460937499998 0.33737848125 0.24653170625 0.3353419421875 0.250222615625 0.3292065 0.22775980156250003 0.3212706234375 0.1839192703125 0.321332109375 0.173252559375 0.3250605953125 0.1713185203125 0.32920909531250003 0.1764488671875 0.334683771875 0.1850043734375 0.337265346875 0.1982989953125 0.3403707796875 0.2221274546875 0.3413688953125 0.23042460937499998 0.33737848125
0 0.2266230953125 0.25734651875000003 0.214775303125 0.256036875 0.19094684374999998 0.255038759375 0.180457296875 0.2566056859375 0.17536385000000002 0.260404946875 0.17584366093749998 0.2642749859375 0.18580170468749999 0.269192740625 0.2212565015625 0.27420245 0.2482443703125 0.275549803125 0.253204946875 0.2733717109375 0.2266230953125 0.25734651875000003
0 0.2136828890625 0.19157237968750002 0.19410633906250002 0.197042409375 0.193707715625 0.2019059203125 0.1973912296875 0.2055848078125 0.2083605859375 0.2078879203125 0.23837499375 0.21120568281250002 0.258040128125 0.204654871875 0.2576046078125 0.20024444218749998 0.24150490468750002 0.192466653125 0.2136828890625 0.19157237968750002
0 0.2652079703125 0.1269260203125 0.24155667812499998 0.12376634687500002 0.2200534859375 0.12357054999999999 0.20710579999999998 0.125956325 0.2043376140625 0.1305579078125 0.2071426953125 0.135230265625 0.2296498015625 0.142625753125 0.2579073375 0.14793045625 0.2778825125 0.13759691406250002 0.27823684531250004 0.13327379374999998 0.2652079703125 0.1269260203125
0 0.2628311015625 0.0781328375 0.2744648328125 0.0723301015625 0.26499399375 0.06146805625 0.2469159625 0.058379157812500006 0.2169827421875 0.06379494375 0.20675155156249997 0.07193386093750001 0.2078883390625 0.077512378125 0.21087058593750002 0.08002317656249999 0.2219285234375 0.081245509375 0.249137853125 0.0798909140625 0.2628311015625 0.0781328375
0 0.2252564375 0 0.220186528125 0.0052582046875 0.2237814609375 0.0100178734375 0.22979024374999998 0.0144990796875 0.23996974531249998 0.0167148828125 0.272398003125 0.0197541828125 0.2853014 0.017908796875 0.29048343125 0.013028753125 0.27377104218750004 0.0030020953125 0.25362443749999997 0 0.2252564375 0
0 0.6327477234375001 0.290788115625 0.6230923203125001 0.2919019609375 0.6239190703124999 0.301263209375 0.645067928125 0.3057821265625 0.6548119140625001 0.303587503125 0.6542435203125 0.300798240625 0.64954869375 0.2997339953125 0.64222595625 0.2918358296875 0.6327477234375001 0.290788115625
0 0.3155438140625 0.5921661453125 0.3462668859375 0.58683766875 0.334507675 0.5844472453125 0.3146801671875 0.5735309578125001 0.28308605625 0.5700385765625 0.27114967968750003 0.5698097140625 0.2597817 0.5723701109375 0.2562679546875 0.5763439921875 0.2582831796875 0.580929040625 0.26964376562500003 0.5881829749999999 0.30281758281250004 0.5918499734375 0.3155438140625 0.5921661453125
0 0.4216349640625 0.678597528125 0.450416603125 0.6872318828124999 0.47938280312500003 0.6838903453125 0.46692232499999997 0.68033183125 0.45648446875 0.6715440390625 0.4515312890625 0.6639078015625001 0.4512729359375 0.6573358125000001 0.447323671875 0.6568992640625 0.431127990625 0.660016584375 0.40743240625 0.6573972984374999 0.394307553125 0.6619446375 0.3927647421875 0.67104395625 0.41360356249999997 0.6793456046874999 0.4216349640625 0.678597528125
0 0.41141865156249996 0.6087621984375 0.4238422328125 0.603046771875 0.4402519765625 0.60704183125 0.463777790625 0.6020083484375001 0.4663688078125 0.599568325 0.464309290625 0.5955236687500001 0.4419793484375 0.585966621875 0.4133231890625 0.5855254296875 0.39286820312500004 0.5919889296874999 0.39900246250000004 0.6046632953125 0.402073290625 0.6060933125 0.4084364046875 0.6062514 0.41141865156249996 0.6087621984375
0 0.6025038671875 0.7084057390625 0.6222944796875 0.7100480874999999 0.633175253125 0.7134319828125 0.6504265359375 0.7071596312499999 0.6468316046875 0.7023999640625 0.63691785 0.696941821875 0.6380620359375 0.6927060093749999 0.6471490421875 0.6888029046875 0.640040365625 0.68801711875 0.6309090687500001 0.6924606140625 0.5825508796875 0.6892962921875 0.57842445 0.6910213046875 0.5780258234375 0.695884815625 0.583111878125 0.7018998828125 0.6025038671875 0.7084057390625
0 0.5330116953124999 0.62274825625 0.5418772421875 0.6215471 0.5488973328125 0.623413665625 0.5579769437500001 0.629324890625 0.57307273125 0.629902990625 0.5925090109375 0.6358684593749999 0.6051466578125 0.6372654140625 0.6408671984375001 0.63903278125 0.6497770390625 0.6372912359375 0.6394277640625 0.6274226625 0.61538524375 0.6193121671874999 0.6011236015625 0.6182809859375 0.5980970640625001 0.616310578125 0.582255715625 0.615104778125 0.57540539375 0.62089098125 0.544822590625 0.6147839578125 0.5316534468749999 0.6198716859375 0.5330116953124999 0.62274825625
0 0.7657819453125 0.7291807625 0.7939951890625 0.7350258546874999 0.8238841171875 0.730150459375 0.8176981703124999 0.7278308109375 0.8127006984375 0.720734965625 0.7903264671875 0.7117183078125 0.76013489375 0.7105621078125 0.7429795875 0.7059393453125 0.7364835984375 0.70740243125 0.7305117125 0.7121951640625 0.736077578125 0.7220802703125 0.7469583515625 0.7254641625 0.7513874281249999 0.7297707515625 0.7657819453125 0.7291807625
0 0.8168272140624999 0.660664365625 0.8118740359375 0.6530281296875 0.8226293296874999 0.6482188640625 0.822806496875 0.646057303125 0.8094675828125 0.6434922609375 0.796438709375 0.6371444890625 0.7752898484374999 0.632625571875 0.7552334859375 0.6342255640625 0.7411859062499999 0.6403067609375 0.7393404515625 0.64337448125 0.7507822234375 0.6593619656249999 0.8275751124999999 0.665669428125 0.8168272140624999 0.660664365625
0 0.8017979921875 0.5717573 0.775511390625 0.571578034375 0.7586218375 0.563712934375 0.7519043890625 0.56787796875 0.7350074375 0.5698272 0.7320177984375 0.5771307296875 0.735657021875 0.581350009375 0.76110208125 0.5917966828125001 0.776721971875 0.5957044328125 0.7980037062500001 0.5986021796875 0.8283798421874999 0.5877824921875 0.8017979921875 0.5717573
0 0.7786560953125 0.5332103453125 0.7948517765625 0.530093025 0.8099032718749999 0.5312115171875 0.8233824562500001 0.522341059375 0.8232126859375001 0.5146882890625 0.828350428125 0.5103486375 0.8031637203124999 0.506473953125 0.77963790625 0.5115074374999999 0.7621282703125 0.5112077968750001 0.756244965625 0.51491975 0.754178053125 0.520689421875 0.7569831312499999 0.525361778125 0.7661956156249999 0.5296518328125 0.7786560953125 0.5332103453125
0 0.7875733296874999 0.521654471875 0.787971953125 0.5167909609375 0.782708734375 0.5129374546875 0.7736660203125 0.5163001703125001 0.77932046875 0.5251044953124999 0.783971003125 0.5267091328125 0.7875733296874999 0.521654471875
0 0.7650663062499999 0.45591339687500004 0.7753786859375 0.45650803125 0.784546878125 0.4613384765625 0.7862594578125 0.459891925 0.8170194265624999 0.4638373859375 0.8354075015625 0.46314355625000003 0.838876953125 0.45971006406250003 0.83867765625 0.4524175546875 0.843933509375 0.44663686093750005 0.8086558796875 0.43946559374999994 0.7672734906249999 0.43870822656249997 0.7623572078125 0.44034593125 0.7578764453125 0.4463940625 0.7590132328125 0.45197258281249997 0.7650663062499999 0.45591339687500004
0 0.429600228125 0.47445048593749994 0.44170637187499995 0.4823321171875 0.45210733437500006 0.481845971875 0.46917405624999997 0.4875495109375 0.48791646093749996 0.48253256093749997 0.5054261 0.4828322 0.5103866734375 0.4806541078125 0.5106081312499999 0.4779521578125 0.5004803156250001 0.465381634375 0.4805199328125 0.45608651718750004 0.475736525 0.45610304843750005 0.4676608296875 0.4573915140625 0.45993207187499996 0.46417118906250004 0.4366720078125 0.4659623328125 0.42912041562500003 0.47058044531250004 0.429600228125 0.47445048593749994
0 0.5170156203125 0.41922426718750005 0.5092056765625 0.417270390625 0.5048651859375 0.411883025 0.50978146875 0.4102453203125 0.5075890750000001 0.40782183281249995 0.488152796875 0.40185636406249997 0.471477303125 0.4011036453125 0.455414496875 0.40259979375 0.43258995312500004 0.40880136718750004 0.4312686015625 0.4151987390625 0.4363989453125 0.4206734140625 0.448202446875 0.422523446875 0.5170156203125 0.41922426718750005
0 0.48273434374999996 0.5457581890625 0.45685376250000004 0.5309010859375001 0.43737319062499996 0.5254760078125 0.41573712343749997 0.52690138125 0.40752855468750004 0.529811015625 0.40568309999999996 0.5328787375 0.409189446875 0.538719184375 0.43336484375 0.545208509375 0.4422672859375 0.5532812921875 0.4493316703125 0.55460746875 0.46750568125 0.546801259375 0.48273434374999996 0.5457581890625
0 0.6206411515625 0.5746344171875 0.6276194187499999 0.573769928125 0.662857684375 0.5749387015625 0.660842459375 0.570353653125 0.6492161249999999 0.5663420609375 0.636320125 0.55837311875 0.5950337171875 0.54672064375 0.5750659390624999 0.5472398546874999 0.5798862421875 0.5564972625 0.605198428125 0.56856510625 0.6137465375 0.580961009375 0.6206411515625 0.5746344171875
0 0.18233871562499998 0.9046133578125 0.19151430625000002 0.8996294718750001 0.2148186625 0.8972979390625 0.21517299531249998 0.8929748203125 0.21061104375 0.8902894015625 0.164275475 0.8818958 0.139657165625 0.8808103734375001 0.12455398124999999 0.890046603125 0.12174150624999999 0.8951885734375 0.12375673125 0.8997736218749999 0.1313895125 0.9038890578125001 0.1407791609375 0.9060175515625 0.18233871562499998 0.9046133578125
0 0.1512392921875 0.8270167703125001 0.1621569609375 0.839674603125 0.16791478437500001 0.8277694906249999 0.196873590625 0.8342422828125 0.209208590625 0.8296076375 0.22364739843749998 0.8284772578125 0.210707109375 0.8210487046875 0.20891334062500003 0.81376170625 0.20369441250000003 0.8093678093750001 0.1778064359375 0.8043250359374999 0.1438353671875 0.81038505625 0.139487478125 0.8148120171875 0.1397901234375 0.8208436171875 0.1512392921875 0.8270167703125001
0 0.3308458421875 0.9013988890625001 0.3128563921875 0.897229209375 0.301318640625 0.8921368390625 0.2525175359375 0.8943764156249999 0.2450545265625 0.8979137515625 0.24368888281249998 0.9048515109374999 0.25189005781249996 0.91175620625 0.280059009375 0.9181416875 0.30924667031249997 0.912098203125 0.32812195 0.90546008125 0.3308458421875 0.9013988890625001
0 0.41455544843750003 0.930282359375 0.43504733125 0.9330927953125 0.45607071406250005 0.9294185546874999 0.47283478749999996 0.9290904953125001 0.468014484375 0.9198330875 0.45533254687499997 0.9189765234375 0.4376088484375 0.9115645062500001 0.4043907375 0.908437896875 0.378318196875 0.9153710109375 0.3776095328125 0.9240172515625 0.38269558593749997 0.9300323171875 0.39125109375 0.9326138937499999 0.41455544843750003 0.930282359375
0 0.5469775796875 0.958007028125 0.5606265359375 0.9567893421875 0.5787931515625 0.9587974609375 0.5951143109375 0.9638733 0.610128909375 0.9557178515625001 0.6197843109375001 0.9546040046875 0.6181234171875001 0.9456958375 0.59390373125 0.9397469015625 0.5860568875000001 0.9285190875 0.564856340625 0.934354890625 0.5498048453125 0.9332363984375001 0.5391381359375 0.9369648843749999 0.5230679328125001 0.9482753640625001 0.5402232359375 0.9528981234374999 0.5469775796875 0.958007028125
0 0.702076671875 0.9424343687500001 0.7086464515625 0.9595191625 0.7256688828125 0.9657630921875 0.751778315625 0.9681039171875 0.7688450390625 0.97380745625 0.7703214109375 0.9655187218749999 0.7835569921875 0.959620409375 0.7854910296875001 0.9554719078125 0.7818518078125 0.95125263125 0.76715464375 0.9458110187500001 0.7589534718750001 0.9389063234374999 0.749430946875 0.9383990000000001 0.7345492218749999 0.9449332781249999 0.7244583 0.9416366937499999 0.7241113640625 0.936145484375 0.7195863109375 0.9427340078125 0.702076671875 0.9424343687500001
0 0.7452529140624999 0.8921331453124999 0.7647777765625 0.8970178328125 0.7693471234375 0.8898889203125 0.7839630984375 0.88659698125 0.79397283125 0.881160015625 0.806831934375 0.8798550203125 0.8031927124999999 0.875635740625 0.7837564328125 0.8696702734375 0.7483902203125 0.8635797843749999 0.7285996078125 0.8619374375 0.715519046875 0.8659443828125 0.7166558359375 0.871522903125 0.7132749671874999 0.873875615625 0.7196306859375 0.8838480296875 0.7452529140624999 0.8921331453124999
0 0.7783161296875 0.8096327390625 0.7992878234374999 0.8163132171875 0.810788678125 0.8121316500000001 0.8325133296875 0.809625496875 0.8096149953125 0.79727919375 0.7971102234375 0.7942610718750001 0.7843471 0.7846709578125 0.772322140625 0.7855228750000001 0.7631982390625 0.7801520421875 0.7395838421875001 0.7862663046875 0.7351916609375 0.79123365625 0.740846109375 0.8000379828125 0.7678708765625 0.8106592765625 0.7783161296875 0.8096327390625
0 0.6514746578125 0.7721645171875 0.63242960625 0.7711498703124999 0.5989088515625001 0.761991659375 0.5883824109375 0.754284646875 0.5645908453125 0.7625604703125 0.5693668578125 0.772358265625 0.5895044078125 0.7794918234375 0.6021863453125 0.7803483875 0.6287755921875 0.78655925 0.6610783703124999 0.7814053921874999 0.6514746578125 0.7721645171875
0 0.566044903125 0.871233103125 0.5706954375 0.8728377390625001 0.5776343421875 0.86597075625 0.6042235890625001 0.87218161875 0.6260368234375 0.8685946859375001 0.622530475 0.8627542406250001 0.605729503125 0.8538083593750001 0.6077078328125001 0.8491194703125 0.6055154421875 0.8466959812500001 0.592567753125 0.8490817578125001 0.5579028125 0.844159359375 0.5464905421874999 0.84726014375 0.543810940625 0.850780946875 0.565476509375 0.8684438421875 0.566044903125 0.871233103125
0 0.3736013546875 0.827058578125 0.375129371875 0.8375879171875 0.388246828125 0.842854909375 0.409750021875 0.84305070625 0.418039778125 0.8488746203125 0.426639578125 0.85091580625 0.45411465624999997 0.8463188703125001 0.44411231874999996 0.8419415046875001 0.44688049999999996 0.8373399265625 0.4551776546875 0.8333495109375001 0.454742134375 0.82893908125 0.43350469062499997 0.82550094375 0.42525922656250004 0.8191366390624999 0.419774546875 0.81798508125 0.40739525624999995 0.8231601187500001 0.37952895 0.822806234375 0.3736013546875 0.827058578125
0 0.3294064921875 0.8314431843750001 0.33244042500000004 0.8235992624999999 0.3191458 0.82049383125 0.312347165625 0.8159253171874999 0.285447878125 0.81349718125 0.2625790421875 0.8202391453125 0.2598994421875 0.823759946875 0.261826084375 0.8294257765624999 0.291220409375 0.840308996875 0.30855288125 0.842770196875 0.314923390625 0.833113953125 0.3294064921875 0.8314431843750001
0 0.283521321875 0.749485765625 0.301732228125 0.7509534953125 0.3157724140625 0.7546866265625 0.33008574375 0.7453630890625 0.342332159375 0.741809221875 0.3426422 0.7380264921874999 0.3381688328125 0.73426029375 0.3426495953125 0.7282121625 0.3347067765625 0.72787945625 0.3311487421875 0.7323937296875 0.32377431562500003 0.7348502828125001 0.27572616875 0.72790323125 0.26895703437499996 0.7424229859375 0.2734304015625 0.7461891828125 0.283521321875 0.749485765625
0 0.4161797015625 0.754879828125 0.443433321875 0.7529848421875001 0.454188615625 0.748175575 0.4693729875 0.7476728968749999 0.46977161250000005 0.7428093875 0.4661766796875 0.7380497187499999 0.45288205625 0.7349442859375 0.4423925125 0.7365112140625001 0.42185633749999996 0.7342411656250001 0.39311159375 0.7348807515625 0.38380313125 0.7414858062499999 0.3841500671875 0.746977015625 0.39011455625 0.7519986125 0.4161797015625 0.754879828125
0 0.3056446796875 0.6837705171875 0.3266680609375 0.680096275 0.340627059375 0.6750958578125 0.351780978125 0.6654230812499999 0.3479645890625 0.6633653640625 0.3170274546875 0.6615814609374999 0.3003076703125 0.6613691312500001 0.2913092484375 0.6641914578125 0.281085453125 0.66251604375 0.2736667359375 0.6655129875 0.27002011718749996 0.6711080390624999 0.2751061703125 0.67712310625 0.2828275328125 0.680157759375 0.3056446796875 0.6837705171875