0 0.10703378125 0.97602445 0.12198866562499999 0.974199146875 0.1440489734375 0.9761623125 0.1553205328125 0.9662075015625 0.17444948124999998 0.96000169375 0.1749903640625 0.9573724171875 0.145402471875 0.9464411687500001 0.13642109687499998 0.947432759375 0.1225136921875 0.952844321875 0.1022528328125 0.9544279484375 0.09206303906249999 0.9591242062499999 0.087263659375 0.9650980656250001 0.08918975312500001 0.970198740625 0.09474903125 0.9735481859374999 0.10703378125 0.97602445
0 0.1447718 0.892375840625 0.15897471875 0.8905900046875 0.1612226875 0.8811088249999999 0.1525289015625 0.8763633703125 0.1389512984375 0.8765558515625 0.1236164671875 0.873719503125 0.08293380781250001 0.8841776828125001 0.0781344265625 0.890151540625 0.07859880625 0.8958491171875 0.0841158640625 0.8986806015625 0.09940848125 0.9009989875000001 0.1264792515625 0.8995781031250001 0.1447718 0.892375840625
0 0.0901525984375 0.82449858125 0.10682249531250002 0.8251841453125 0.12962684062500002 0.8177450703125 0.13680876875 0.8132066874999999 0.1371807875 0.8085055656250001 0.130075365625 0.8047170953125 0.117959478125 0.8043126781250001 0.10821821093749999 0.7959809640625 0.11406507031249999 0.7935933656249999 0.113727340625 0.789449675 0.1050414796875 0.7940669953125 0.10450059687499999 0.7966962703125 0.0737623578125 0.8087131984375 0.075232 0.817479071875 0.0901525984375 0.82449858125
0 0.088999475 0.74549216875 0.1289803140625 0.74495419375 0.14497474999999999 0.7373523765625001 0.1491488140625 0.7329718703125 0.162388684375 0.7286356984375 0.16071588750000002 0.7266427906249999 0.1524864796875 0.7275949109375001 0.13025730625 0.7235598999999999 0.1082814328125 0.72263265625 0.0981338578125 0.7278468765625 0.0808808578125 0.729272625 0.0729469671875 0.7338504765625 0.070234615625 0.73763408125 0.0774244734375 0.7424584750000001 0.088999475 0.74549216875
0 0.1209671359375 0.6559043046874999 0.11285645 0.6490475359375 0.10830243749999999 0.6487663890625 0.0952314328125 0.6551744078125 0.06866725781250001 0.6628108296875 0.06332699375 0.6714139640625 0.06738233593750001 0.6748423484375 0.11780626406250001 0.672715884375 0.15156029375 0.669903853125 0.1528953625 0.6677530703125 0.1209671359375 0.6559043046874999
0 0.1423466296875 0.5939214078124999 0.1419666828125 0.5892597546875 0.14910639375 0.5842034125 0.14442573281249999 0.58236838125 0.12345512343750001 0.5845094375000001 0.115808815625 0.58335024375 0.07115524375 0.5914159609375 0.067107828125 0.5973503499999999 0.0689917078125 0.6019330640625 0.0776010625 0.605642596875 0.0913053140625 0.607004 0.106386846875 0.6067325796875 0.1423466296875 0.5939214078124999
0 0.10092508281250001 0.5211900140625 0.0925347359375 0.5294330640625 0.066638096875 0.5359940937500001 0.06643494062500001 0.5427670609375 0.07115781875 0.5451200546875 0.084819853125 0.54596349375 0.1071255296875 0.5416716546875 0.131264940625 0.5320817953125 0.10618884375 0.5209137312500001 0.10092508281250001 0.5211900140625
0 0.055894137499999996 0.478298171875 0.055775417187499995 0.4861070625 0.059619678125 0.48694563906250005 0.10628377656250002 0.48501651875 0.12440746250000001 0.4757424109375 0.1269931640625 0.470404921875 0.1108641484375 0.46709007968750005 0.0801602 0.4702621953125 0.055894137499999996 0.478298171875
0 0.10627049687500001 0.41999506562500005 0.1155816734375 0.41378439062499994 0.1215551828125 0.41295067812499997 0.0975687796875 0.40588683750000004 0.0619810171875 0.4139968875 0.0546302234375 0.4164634234375 0.05187565625 0.41972906718749997 0.0530497859375 0.4248692125 0.061574709375 0.42754282187500003 0.07068273124999999 0.42810511562500003 0.09595405625 0.42313743906249995 0.10627049687500001 0.41999506562500005
0 0.11310933906250001 0.3556543109375 0.1003179921875 0.346962509375 0.05220010625 0.358851303125 0.0527911359375 0.3661027625 0.06516031875 0.36961495 0.1049300765625 0.366487165625 0.11310933906250001 0.3556543109375
0 0.06380404375 0.297381503125 0.0873260640625 0.2987477703125 0.122372946875 0.29326699375 0.12579504531250002 0.288925959375 0.11660258750000001 0.2873277421875 0.10527295625 0.2780390421875 0.08751336093749999 0.2732492546875 0.081497634375 0.2735650078125 0.0691363796875 0.27941559531250004 0.0418202390625 0.2870914859375 0.0386092234375 0.29402232968750003 0.040408667187500004 0.2975691203125 0.04738744375 0.29980370624999997 0.06380404375 0.297381503125
0 0.11742570625 0.22330273906250003 0.094858803125 0.2151240375 0.06235540625 0.21474936093750002 0.029107971875 0.223776928125 0.0405141078125 0.224738775 0.046951998437499996 0.2296026359375 0.05388855625 0.23131926093750002 0.09399604375000001 0.23233516875000002 0.095956428125 0.22859103281249998 0.1124996765625 0.2277227140625 0.11742570625 0.22330273906250003
0 0.10132562656249999 0.1554844046875 0.08615966093750001 0.15471990156249998 0.056165459375000004 0.1573345859375 0.0466432015625 0.1609554515625 0.0453503515625 0.16362419687500002 0.0473608796875 0.1697607953125 0.0566377671875 0.1723949359375 0.090391796875 0.16958290468749998 0.10346280468749999 0.1631748875 0.10529653750000001 0.157876865625 0.10132562656249999 0.1554844046875
0 0.10821461562500001 0.10102438437500001 0.1047001546875 0.094966725 0.0955077 0.0933685078125 0.07215454375 0.0940740875 0.0573685234375 0.0979712359375 0.0348517640625 0.09967326875 0.032849165624999996 0.10289944531249999 0.03586495625 0.11210434218750001 0.048191925000000004 0.1150985671875 0.087336365625 0.1135641390625 0.11749150312500001 0.1036585265625 0.10821461562500001 0.10102438437500001
0 0.10499031562500001 0.0429337734375 0.0901119359375 0.036432225 0.0486271671875 0.037049140625 0.036891226562500004 0.0413063734375 0.0320074125 0.046244309375 0.0323873609375 0.0509059625 0.0381999328125 0.057363175 0.10813275781250001 0.053692554687500005 0.11535690000000001 0.049672134374999996 0.1102540765625 0.0426574890625 0.10499031562500001 0.0429337734375
0 0.2619466734375 0.9772565999999999 0.275980728125 0.9733989203125001 0.2919751625 0.965797103125 0.2543689421875 0.95840778125 0.2211980125 0.959108496875 0.2117179703125 0.9632473234375001 0.2070030234375 0.9702571046875 0.22630876406249997 0.9754859171874999 0.2380948484375 0.9811094171875 0.2594876234375 0.984147975 0.257772609375 0.98163710625 0.2619466734375 0.9772565999999999
0 0.3455599640625 0.9468590609374999 0.3308161625 0.9512741703125001 0.3237186671875 0.9568484749999999 0.32514609375000003 0.9650963890625001 0.3367210953125 0.96813008125 0.37853566875 0.9622940859375 0.3894774265625 0.957558359375 0.40138223125000005 0.9553729703125 0.37258851718749997 0.9449202124999999 0.3455599640625 0.9468590609374999
0 0.505372528125 0.961878821875 0.5174804843749999 0.9529204671875 0.5330606875 0.949501809375 0.5402003984375 0.9444454671875 0.507689071875 0.9347080156249999 0.4743492765625 0.9333368859375 0.467370503125 0.9311023 0.44895130468750005 0.9367506796875 0.44565585468749996 0.9426456 0.44695663281250003 0.949339628125 0.47236253437500003 0.955288609375 0.47809067499999996 0.9607099015625 0.488035096875 0.9622686500000001 0.505372528125 0.961878821875
0 0.6500877015625 0.95844445625 0.6845435515625 0.9457122218749999 0.6893429328125 0.9397383640625 0.7017886234375 0.9349236984375 0.6971079625 0.93308866875 0.6631006328125 0.9327929296875 0.6236686078125 0.940064403125 0.6186581437500001 0.9434484546874999 0.6184127734375 0.9497034609374999 0.6210064015625 0.9537287437499999 0.628863790625 0.9574777437499999 0.6418582921875 0.959396578125 0.6500877015625 0.95844445625
0 0.83790236875 0.937142575 0.8374802062500001 0.9319629609375 0.8217232125 0.9239470000000001 0.7975336546875 0.9236561249999999 0.7767741265625 0.9283869859375 0.76884023125 0.9329648374999999 0.7701410109375 0.9396588671874999 0.7766633328125 0.9455586500000001 0.79111955 0.9468805843749999 0.8272983421875001 0.9460219921874999 0.831303540625 0.9395696421874999 0.83790236875 0.937142575
0 0.9157849421875 0.9476196515625 0.9333334546875 0.9498196312499999 0.9509321140625 0.9619003453125 0.9675175765624999 0.9615499890624999 0.9776572234375 0.9469729953125 0.98287876875 0.9461787515625 0.9848813671875 0.9429525765625 0.9928996937499999 0.9394106484375 0.9954431765624999 0.933555196875 0.9937281656250001 0.931044328125 0.9646046500000001 0.925810653125 0.9343571515625 0.9253175703125001 0.9153548515625 0.9330772625 0.907006721875 0.9418382734374999 0.8903869703125 0.9510334437499999 0.892769515625 0.9524689203125 0.9157849421875 0.9476196515625
0 1 0.8440518000000001 0.9940288296875 0.842078240625 0.993691096875 0.8379345515625 0.9979073796875 0.8340720062500001 0.9940209015624999 0.83271546875 0.9852506078125 0.836296865625 0.9296051359374999 0.8392175749999999 0.9248400421875 0.8363466203125001 0.9203282484375 0.8365834359375001 0.9177003312500001 0.8414029640624999 0.9013681640625 0.844861090625 0.895022634375 0.8503959249999999 0.89611233125 0.8545001453125 0.9041808015624999 0.8608389531249999 0.912874590625 0.8655844078125 0.9181805671875001 0.8658260859375 0.9270775078125 0.8637985734375 0.936269965625 0.865396790625 0.9510137671875001 0.8609816796875001 0.971274628125 0.8593980546875001 0.9885619140624999 0.8491274921875 1 0.846705625 1 0.8440518000000001
0 0.901634540625 0.764739815625 0.9054867296875001 0.7749411671875001 0.9125921531250001 0.7787296375 0.9161488312499999 0.7853052578125 0.9339427109375 0.7812502328125001 0.9403304578125 0.776233359375 0.9690318078125 0.7762874203125001 0.9835645281250001 0.7692825015625 0.9947595828125 0.76765454375 0.9912451250000001 0.7615968828125 0.9937886078125 0.7557414328125 0.98021100625 0.7559339140625 0.9586915843750001 0.751341471875 0.9408977015625 0.755396496875 0.91311718125 0.7573748124999999 0.901634540625 0.764739815625
0 0.991316275 0.6976113515625 0.984084203125 0.6922689984375 0.9812794921875 0.68565390625 0.9570820078125 0.6760002578125001 0.95177603125 0.6757585796875001 0.9069193078125 0.6905972640625 0.90838895 0.6993631390624999 0.9186288875 0.7045476171875 0.9278213421875 0.706145834375 0.9693061125 0.70552891875 0.98237711875 0.6991209015625001 0.991316275 0.6976113515625
0 0.892906259375 0.6205886765625 0.893201775 0.62421440625 0.9006027124999999 0.63162860625 0.9164362109375 0.6313177171875 0.9639287796874999 0.621022278125 0.964005284375 0.6126954265625 0.9366812156250001 0.61100854375 0.90443111875 0.6137416359375 0.892906259375 0.6205886765625
0 0.9270348859374999 0.5667796171874999 0.9437469984375 0.56798314375 0.9518075406250001 0.564959178125 0.963247965625 0.5570762140625 0.9691792609375 0.5557245390625 0.9794877718749999 0.543219390625 0.9883424968750001 0.5406739171875 0.9591345499999999 0.5344043203125 0.9508629265625 0.5348384796875 0.8981910265625 0.5464461265625 0.894895578125 0.552341046875 0.8967372390625 0.5564057984375 0.9014601171875001 0.5587587921875 0.9197605953125001 0.560919303125 0.9270348859374999 0.5667796171874999
0 0.96827150625 0.47046312031250004 0.95373085625 0.4681052640625 0.90560504375 0.4706312828125 0.8897372562499999 0.479786984375 0.9041591828125 0.48995372968749995 0.9208713 0.49115725625 0.9297682390625001 0.48912974374999996 0.9547097625 0.48938115 0.9799731578124999 0.4750506984375 0.96827150625 0.47046312031250004
0 0.911826496875 0.41724665625 0.918425325 0.4148195890625 0.943865515625 0.4119237578125 0.953970871875 0.4061915765625 0.95408959375 0.3983826875 0.9387125468749999 0.3950283765625 0.9216284140625 0.398525971875 0.90955474375 0.398639515625 0.8897582609375 0.40592071562500004 0.887840096875 0.4101828140625 0.8973280640624999 0.41540676093749995 0.9028029078124999 0.417720284375 0.911826496875 0.41724665625
0 0.9471819703125 0.33216256875 0.9401609796875 0.329410021875 0.9272931281250001 0.329045071875 0.8872780015625 0.3384278609375 0.8757953593750001 0.3457928640625 0.8753389078125 0.3494580625 0.8793520375 0.3523684859375 0.89456021875 0.35365095 0.9339500265625 0.345861515625 0.9454748859375 0.33901447500000004 0.9471819703125 0.33216256875
0 0.9358126953125 0.2760600015625 0.9213564796875 0.2747380671875 0.8868082671874999 0.27707160468750003 0.8767029093750001 0.282803784375 0.8755367078124999 0.28702641406249996 0.8795498359374999 0.2899368375 0.8895364734375001 0.292013546875 0.928638696875 0.28996115625 0.9386596234375 0.28319305156249996 0.9390738593749999 0.2790098921875 0.9358126953125 0.2760600015625
0 0.9336200203124999 0.20283009999999999 0.9266834640624999 0.2011134765625 0.9093882484375 0.2020212640625 0.86862115625 0.211443521875 0.8642782265625 0.21375218125 0.8626133578124999 0.2211220484375 0.871264928125 0.22534954062499998 0.8946180874999999 0.2246439609375 0.927240203125 0.21720974843750002 0.9363825140625 0.20892723124999998 0.9336200203124999 0.20283009999999999
0 0.91794210625 0.1401913796875 0.8694442734375001 0.1474185203125 0.86309874375 0.15295335625 0.864188440625 0.157057578125 0.8697054984375001 0.15988906249999998 0.8811538515624999 0.1613688734375 0.9192930296874999 0.15676614375 0.929440603125 0.151551925 0.9321107375000001 0.1472503578125 0.91794210625 0.1401913796875
0 0.9278389578124999 0.085573484375 0.9115410781250001 0.0801867984375 0.8741116515625 0.084232096875 0.8698953703125 0.08809463906250001 0.8696500015625 0.0943496453125 0.8883304265625 0.101171809375 0.9005729625000001 0.10313011093749999 0.9103907343750001 0.10313497499999999 0.925050103125 0.097683940625 0.9313534171875 0.0916311453125 0.9278389578124999 0.085573484375
0 0.9194775453125 0.029313040624999998 0.9152955531250001 0.024330771875 0.8751115625000001 0.0316417140625 0.8685971671875 0.035104703125 0.8674731828125 0.039845293749999997 0.869982378125 0.0428346546875 0.8967233468750001 0.0466328515625 0.91782060625 0.0460456796875 0.937363790625 0.0356567109375 0.932514265625 0.031749834375 0.9194775453125 0.029313040624999998
0 0.798464171875 0.295753378125 0.7980842265625 0.29109172656250004 0.7800792624999999 0.29255694375 0.776986965625 0.29167889687500004 0.772593890625 0.28410682187499997 0.7672034828125 0.28282922187500004 0.75146234375 0.29353880781249997 0.7304495156249999 0.2951619015625 0.721721440625 0.29926125937500003 0.72486388125 0.3100200421875 0.7538607453124999 0.31369983125 0.7818523484375001 0.3143113234375 0.798464171875 0.295753378125
0 0.7993717234375 0.23276429843750002 0.7801926296875 0.2290893734375 0.751871225 0.233696965625 0.7390455890625 0.233849978125 0.7245128671875001 0.24085489531249998 0.7264811796874999 0.24647353125000002 0.7358425015625001 0.25014359375 0.7792454375 0.24526458281250002 0.7878046484375 0.23909337968750002 0.7951976578125 0.2371448046875 0.7993717234375 0.23276429843750002
0 0.7711293968749999 0.1827491328125 0.7898018953125 0.180208521875 0.7940603921875 0.1768639390625 0.7958096921875 0.1705299953125 0.7785909828124999 0.1631109328125 0.774197909375 0.15553885781250001 0.7677679453125 0.1600377703125 0.7308451140625001 0.1702986046875 0.726256815625 0.17886226875 0.729602409375 0.182848084375 0.7473197875 0.187119909375 0.7556758453125 0.187721671875 0.7711293968749999 0.1827491328125
0 0.756855125 0.100270003125 0.7325890640625 0.10830597812500001 0.7291669656249999 0.11264701562499999 0.7339742734375 0.11603592968750001 0.741578365625 0.1166771625 0.780055271875 0.11621812499999999 0.795508825 0.11124558437500001 0.7995140234375 0.1047932328125 0.7837992453125 0.0972952328125 0.756855125 0.100270003125
0 0.7828730609375001 0.039604175000000005 0.7766462515625 0.0373301203125 0.7547970265624999 0.0379567609375 0.7309874187500001 0.0423275390625 0.728317284375 0.04662910625 0.7302433796875001 0.0517297828125 0.75322451875 0.055725325000000006 0.7668443359375 0.05605080312500001 0.77649324375 0.0539838234375 0.784004975 0.0442263578125 0.7828730609375001 0.039604175000000005
0 0.635475084375 0.42707014374999996 0.585592040625 0.4265673328125 0.58133354375 0.42991191406249996 0.5795842421875 0.43624585937499993 0.5898663953125001 0.441948296875 0.6300583140625 0.44400012968749997 0.6530315250000001 0.438632896875 0.658709521875 0.4341734546875 0.65469639375 0.43126303281249995 0.635475084375 0.42707014374999996
0 0.58542575 0.3781995796875 0.63125345 0.37527400625 0.6448574109375 0.3568739390625 0.6250952187500001 0.35531032812499996 0.6005758578125 0.360238534375 0.5838716749999999 0.3683977828125 0.5822912375 0.3768035703125 0.58542575 0.3781995796875
0 0.603552009375 0.3226295625 0.612744465625 0.32422778124999996 0.640567203125 0.322767425 0.647664696875 0.31719312187500004 0.6486620328125 0.310898646875 0.6393007125 0.307228584375 0.6412610937500001 0.303484446875 0.6381687984375 0.30260640156249996 0.6045414171875 0.306972315625 0.5998607546875 0.305137284375 0.5916313484375 0.3060894046875 0.5866208859375 0.30947345625 0.5855813328125 0.3152499703125 0.5888847125 0.31871782187500003 0.603552009375 0.3226295625
0 0.654875559375 0.24815124531250002 0.6575456921875 0.2438496796875 0.6527805984375 0.240978725 0.611878928125 0.2394843234375 0.5787502156250001 0.24070299999999997 0.57294556875 0.243608559375 0.5716105046875 0.24575934375 0.575792496875 0.25074161250000004 0.5928845578125 0.25660679062499997 0.623672940625 0.254470596875 0.64969623125 0.2494634515625 0.654875559375 0.24815124531250002
0 0.6386066140625 0.1782610640625 0.6157521234375001 0.1758194078125 0.5879293875 0.1772797625 0.5740219843750001 0.1826913265625 0.5724415484375001 0.191097115625 0.575618275 0.193011084375 0.6022748124999999 0.1957733578125 0.6211161734374999 0.1953045953125 0.6347280640624999 0.1862673 0.6457964703125 0.18308545625 0.6386066140625 0.1782610640625
0 0.6437040859375001 0.129617028125 0.6266542390625001 0.1242698109375 0.5890559468750001 0.1262432625 0.5839610515625 0.1285913921875 0.58363125 0.133810475 0.5868924109375 0.1367603671875 0.608411834375 0.141352809375 0.6408307984375 0.14069156249999998 0.6466354421875 0.137786003125 0.6462977125 0.1336423125 0.6437040859375001 0.129617028125
0 0.5741220703125001 0.0542022984375 0.5762170296875 0.0613748203125 0.5831535875 0.06309144375 0.6425588890625 0.05997338906250001 0.652368734375 0.0506154796875 0.633772740625 0.0448292390625 0.587902825 0.0472368515625 0.57833835 0.0503397546875 0.5741220703125001 0.0542022984375
0 0.548856175 0 0.550222675 0.0018784718749999998 0.5557397328125 0.0047099578125 0.568607584375 0.0050749062499999996 0.57253628125 0.0069494078125 0.6048285953125 0.0047342765625 0.611300771875 0.000753325 0.6112393734375 0 0.548856175 0
0 0.4850369203125 0.33249140312500003 0.47091050624999997 0.32595038593750003 0.449103496875 0.3270949890625 0.43264468125000005 0.3289992296875 0.4290537171875 0.3312684203125 0.4271355484375 0.33553052031249997 0.43436762343749996 0.3408728734375 0.4413041796875 0.342589496875 0.4668710171875 0.34124755 0.486042184375 0.3355597015625 0.4850369203125 0.33249140312500003
0 0.430847809375 0.27915653125 0.4398291828125 0.278164940625 0.474216459375 0.2831223328125 0.4761346265625 0.2788602328125 0.4712850984375 0.27495335625 0.49062512968750005 0.27133735468750003 0.4940050125 0.26647835625 0.49993630624999996 0.26512668125 0.49508678125000005 0.2612198046875 0.47820580156250003 0.25794443437500003 0.43313006718749997 0.2608305375 0.42360780781249996 0.264451403125 0.4202279265625 0.26931040156249997 0.42462100156249993 0.2768824765625 0.430847809375 0.27915653125
0 0.48780713750000004 0.199700809375 0.491432390625 0.1885868046875 0.495817534375 0.1867961078125 0.4627310390625 0.1885327453125 0.440467578125 0.1933425453125 0.43436741874999996 0.1926223765625 0.427979671875 0.19763925 0.4197924796875 0.19910933125000002 0.41261055312500006 0.2036477140625 0.411571 0.2094242265625 0.418676425 0.21321269687500002 0.4660924890625 0.21124410781249997 0.48780713750000004 0.199700809375
0 0.4756779703125 0.134274934375 0.44943566874999996 0.1273295 0.41577400000000003 0.140540228125 0.412436334375 0.1459171859375 0.414489078125 0.1525717453125 0.45956481406250005 0.1496856421875 0.4756779703125 0.134274934375
0 0.4657202671875 0.0676947328125 0.4556491953125 0.0645821 0.42277378125 0.06890854375 0.4039825625 0.0792580453125 0.40691392187500003 0.08742701875 0.45658588437500003 0.0853400234375 0.47350115312499996 0.079770584375 0.4759179859375 0.0723612484375 0.4698178265625 0.07164107656249999 0.4657202671875 0.0676947328125
0 0.47189950625000004 0.0137921421875 0.46934809375000003 0.010284821874999999 0.45392882968750004 0.00641255 0.42025923125000003 0.010260503125 0.40422257968749997 0.0173443578125 0.40468695937500004 0.02304193125 0.4132963125 0.0267514640625 0.42562328125000004 0.029745689062500004 0.44216652968750003 0.0288773703125 0.4678098734375 0.0192085703125 0.47189950625000004 0.0137921421875
0 0.32109013750000004 0.5169165125 0.3266494125 0.5202659578125 0.3460316609375 0.5171679171875 0.3532558046875 0.5131474984375 0.36219496093750003 0.5116379453125 0.365659275 0.507814871875 0.36022665 0.506019309375 0.359136953125 0.5019150875 0.3656935640625 0.49897005781250003 0.3288472375 0.5009040421875001 0.30742017499999996 0.506710296875 0.30391364374999996 0.5100154109374999 0.30818006875 0.5160336015625 0.32109013750000004 0.5169165125
0 0.31515349062500003 0.46260950625 0.32447259375000004 0.46576160624999996 0.3536303984375 0.46215046875 0.371500784375 0.4497685921875 0.370453303125 0.44618233125 0.36409984687499997 0.4423543921875 0.350480028125 0.4420289125 0.33873616093750003 0.43692337343750004 0.3205280421875 0.4451615578125 0.3108369203125 0.446710578125 0.2994809296875 0.45562946562500006 0.29773162656249996 0.461963409375 0.30475261875 0.46471595624999995 0.31515349062500003 0.46260950625
0 0.362260759375 0.3919937328125 0.3649731078125 0.38821012499999996 0.35711571875 0.38446112656250003 0.35748773749999996 0.3797600046875 0.340691190625 0.37752055625000003 0.3232350390625 0.3857192703125 0.2980481484375 0.3917228703125 0.2953357984375 0.395506478125 0.298056075 0.4010856453125 0.319989734375 0.401494928125 0.3476436046875 0.3979627265625 0.362260759375 0.3919937328125
0 0.306905446875 0.3428814890625 0.3293799890625 0.3406614953125 0.35306294843749997 0.334736834375 0.36024487656250004 0.3301984515625 0.351052421875 0.32860023437499997 0.34699707812499997 0.3251718515625 0.33462789531250003 0.3216596640625 0.3085623875 0.3261488484375 0.282792396875 0.3342637640625 0.28246259375 0.339482846875 0.2867290171875 0.3455010390625 0.3003066203125 0.34530855625 0.306905446875 0.3428814890625
0 0.3038684453125 0.2592923625 0.2839453140625 0.265019678125 0.2830324125 0.2723500765625 0.28792415312499997 0.2767749140625 0.3092747109375 0.2792955109375 0.3182138671875 0.277785959375 0.33567795 0.2789500171875 0.35405493125 0.2727836765625 0.3500338765625 0.2605104796875 0.3038684453125 0.2592923625
0 0.347941490625 0.2070420515625 0.3460153953125 0.2019413765625 0.353197321875 0.19740299375 0.312717815625 0.20108820781249998 0.2963434328125 0.2040283703125 0.286111425 0.20820666718749997 0.2851140890625 0.2145011421875 0.2899636171875 0.21840801875000002 0.31653571875000003 0.2201343703125 0.328567171875 0.219502865625 0.3422634953125 0.21150149375 0.347941490625 0.2070420515625
0 0.3490099765625 0.13676204375 0.3274483375 0.131651640625 0.288016309375 0.1389231140625 0.27866291875 0.144615825 0.27908508125 0.14979543906249998 0.2832248578125 0.1542597453125 0.2900769828125 0.1549404484375 0.3156860375 0.1541164609375 0.328968125 0.1502982515625 0.3480126421875 0.14305651875 0.3490099765625 0.13676204375
0 0.30142762031250003 0.0903628796875 0.3164669375 0.0895734984375 0.3424480109375 0.084048390625 0.34657986093750004 0.079149925 0.33446397499999997 0.07874550625 0.321925925 0.073161475 0.276807975 0.0755296171875 0.26745458125 0.08122232812499999 0.26491109687500003 0.0870777796875 0.26529104375 0.0917394328125 0.2714756359375 0.093495525 0.2911533984375 0.0940232140625 0.30142762031250003 0.0903628796875
0 0.2715388578125 0.02014721875 0.26364718125 0.0252430296875 0.261729015625 0.029505128125000002 0.263570678125 0.0335698828125 0.26741494062500004 0.034408459375 0.30714248125 0.030762715625 0.32029791875 0.0253906203125 0.3242609015625 0.0184203078125 0.3164035125 0.014671307812500001 0.2715388578125 0.02014721875
0 0.2635241265625 0.718645725 0.23740847656250003 0.7132541734375 0.22492057187499997 0.717550878125 0.2061214265625 0.7185376046874999 0.1853618953125 0.7232684671875 0.1862484390625 0.7341456562500001 0.20312941874999998 0.737421028125 0.23864067812499998 0.737637828125 0.2492447046875 0.7287584109374999 0.25028425625 0.722981896875 0.2635241265625 0.718645725
0 0.19233531718750002 0.6698443703125 0.2382052328125 0.667436759375 0.250313190625 0.658478403125 0.2345984140625 0.6509804015625 0.19762543593749998 0.6513605015625 0.18229853437500002 0.6578869265625 0.1835570953125 0.66406299375 0.19233531718750002 0.6698443703125
0 0.25213364375 0.5881589265625 0.2356246828125 0.5801824328125 0.2210418171875 0.577306615625 0.2060025 0.578095996875 0.1757629296875 0.5869656875 0.1754753421875 0.59270273125 0.180282653125 0.5960916453125 0.18717699375000002 0.597290309375 0.2239811046875 0.5948383640625 0.23270918125 0.59073900625 0.25213364375 0.5881589265625
0 0.2466956640625 0.5307046828125 0.2485716140625 0.5259246234375 0.24213372500000002 0.5210607625 0.22755085937500003 0.51818494375 0.2250416640625 0.5151955828125 0.22123961718750002 0.5148749671874999 0.21330572343749998 0.5194528171874999 0.1903747296875 0.525338009375 0.1823986203125 0.5293979 0.173298525 0.5381983796875 0.18182344687500002 0.5408719875 0.232120725 0.5371916390625 0.2466956640625 0.5307046828125
0 0.2433288578125 0.4523346390625 0.21721320781250003 0.4469430890625 0.1728129359375 0.458116575 0.167802471875 0.46150062500000005 0.16747266875 0.46671970781249994 0.1715280125 0.47014809375000005 0.20323722812499997 0.47004427812499994 0.22207858906250003 0.4695755140625 0.2363580125 0.45946282656250004 0.24738420312499998 0.45576302343749997 0.2433288578125 0.4523346390625
0 0.1891819640625 0.399517728125 0.175190128125 0.4038933703125 0.16821928125000002 0.41102155781249994 0.171522659375 0.41448941250000004 0.17987871718749998 0.415091175 0.2077014546875 0.4136308203125 0.225782921875 0.4038387515625 0.22841083750000002 0.399019221875 0.222184028125 0.39674516875 0.1891819640625 0.399517728125
0 0.2174215109375 0.34757830625 0.23216531406250002 0.3431631953125 0.2346665796875 0.3367897828125 0.21243740781249998 0.332754771875 0.171459234375 0.339587221875 0.1620636234375 0.344761971875 0.1608974234375 0.3489846 0.16654113125 0.35336996875 0.1749394046875 0.35448969375 0.1878494734375 0.355372603125 0.21028180000000002 0.3526346484375 0.2174215109375 0.34757830625
0 0.20148236874999997 0.27246904375000003 0.19020288125 0.27306107812499997 0.16777055624999998 0.2757990328125 0.1582060796875 0.27890193750000003 0.1540320140625 0.28328244375 0.155079496875 0.286868703125 0.1651505671875 0.2899813359375 0.1990734625 0.2892411515625 0.224513653125 0.28634532031250004 0.228814365625 0.2835187 0.20148236874999997 0.27246904375000003
0 0.1792056265625 0.2122573875 0.161749475 0.2204561046875 0.16212942187499998 0.22511775625000002 0.1661425484375 0.22802817968750003 0.17675450312500002 0.2285115359375 0.20532920468750002 0.22701171250000002 0.2227009234375 0.217777071875 0.221611228125 0.21367285156250002 0.20535556562499999 0.20880412499999998 0.1792056265625 0.2122573875
0 0.2173737375 0.14315116562500002 0.1947725453125 0.14381727500000002 0.17463833281250002 0.1469547859375 0.16290239374999999 0.1512120203125 0.16102644375 0.155992078125 0.1643720375 0.15997789375 0.18655899375 0.16349494375 0.2137986296875 0.1641459046875 0.230874834375 0.1512855359375 0.230537103125 0.14714184375 0.2173737375 0.14315116562500002
0 0.20760075625000002 0.09736835625 0.2175794640625 0.090082290625 0.20704401562500002 0.081272084375 0.18966436874999998 0.0811439484375 0.16251709375 0.0908916859375 0.1542111796875 0.10017065781250001 0.1561372765625 0.10527133281250001 0.1593140046875 0.107185303125 0.169841525 0.1066327359375 0.195070634375 0.10114709687500001 0.20760075625000002 0.09736835625
0 0.2062022625 0.0246169484375 0.179047059375 0.0250019125 0.1605012109375 0.02909640625 0.1564537953125 0.0350307953125 0.16055135468749998 0.0389771421875 0.166862596875 0.042287118750000005 0.1767225859375 0.04280994375 0.2075109703125 0.040673749999999995 0.2192891234375 0.036934478124999996 0.22337875624999998 0.03151805 0.2062022625 0.0246169484375
0 0.58635430625 0.24134423124999999 0.57749958125 0.24388970625 0.579721190625 0.2526161125 0.6001931328125 0.25362229375 0.608963425 0.2500408953125 0.6080003781250001 0.2474905578125 0.6034463671875 0.24720941093749998 0.5953778953125 0.240870603125 0.58635430625 0.24134423124999999
0 0.3364303234375 0.5754115421875 0.3643295625 0.5656243359375 0.35296564375 0.56518045 0.3327390703125 0.5579192625 0.30266043593749997 0.5594980234375 0.29146538125 0.5611259828125 0.2812333734375 0.5653042796875 0.278563240625 0.569605846875 0.28115686875 0.5736311296875 0.2929007375 0.5787366703125 0.3244833015625 0.5770789703125 0.3364303234375 0.5754115421875
0 0.4489931125 0.640767646875 0.47723801093749996 0.6444869062499999 0.5038021859375 0.6368504828125 0.49160186718750004 0.6354101437499999 0.48048331875 0.62871125 0.47467074374999996 0.6222540359375001 0.47341218124999995 0.6160779671875 0.46965235156249996 0.6162753125 0.4549929828125 0.6217263453124999 0.4324340078125 0.6229104171875 0.4208669328125 0.6292394984375 0.420832646875 0.638084309375 0.44160010156249996 0.6427162203125001 0.4489931125 0.640767646875
0 0.4286345359375 0.5762938937500001 0.4393652125 0.5689683609375 0.455325359375 0.57021135625 0.47654133906249996 0.5618152937499999 0.47858615625 0.5591070796875 0.47603474375 0.55559975625 0.45367892187500003 0.5500108625 0.426819234375 0.5540215546875 0.4086955484375 0.5632956625000001 0.4163920015625 0.5743355921875 0.41948429843749996 0.5752136375 0.42545780625 0.574379925 0.4286345359375 0.5762938937500001
0 0.6227051515625 0.6410130703125 0.64146208125 0.6395083828125 0.6521584671875 0.6410276609375 0.6673165062499999 0.632429390625 0.663218946875 0.6284830453125 0.653105659375 0.6248524515625 0.65351989375 0.6206692921875 0.661411571875 0.6155734796875 0.6546438796875 0.6159287015625 0.6467944171875 0.6215424734375 0.6010933671875 0.62602193125 0.597502403125 0.6282911234374999 0.5978823515625 0.6329527749999999 0.603568275 0.63785610625 0.6227051515625 0.6410130703125
0 0.5444794921875 0.570733621875 0.5525822515625001 0.5682276171875 0.5594343765625001 0.5689083171875 0.5688379125 0.5730963421874999 0.5830408328125001 0.5713105078125 0.60213549375 0.5739495109375 0.6141669453125 0.57331800625 0.64783654375 0.569470053125 0.6558970875 0.5664460859375 0.6446941046875 0.558711271875 0.620961 0.5547551984375 0.6074678296875 0.5559836015624999 0.60433331875 0.5545875953125 0.5893362171875001 0.5558949375 0.5838270859375 0.5624262250000001 0.5542893375 0.5613757109375 0.5427644796875 0.5682227531249999 0.5444794921875 0.570733621875
0 0.7785731640625 0.6354327859375 0.805855015625 0.63660170625 0.8330445078125001 0.6273719296875 0.82690213125 0.6261337984375 0.8211317749999999 0.6201945453125 0.79881816875 0.6151236109375 0.77041233125 0.6186952812500001 0.7536579999999999 0.6169737937499999 0.747811140625 0.6193613890624999 0.7429695421875 0.6248172890625 0.749702946875 0.633306878125 0.760399334375 0.6348261578125001 0.76520664375 0.638215071875 0.7785731640625 0.6354327859375
0 0.8156937937500001 0.5627403015625 0.8098812203125 0.5562830875 0.819192396875 0.5500724140625 0.81902353125 0.54800056875 0.8061556796874999 0.5476356203125 0.7929923125 0.543644940625 0.77252036875 0.5426387593750001 0.7540167375 0.547251215625 0.741824346875 0.5551736484375 0.7405737140624999 0.5583603546875 0.7537450078125 0.5717138078125 0.82651683125 0.5658134640625 0.8156937937500001 0.5627403015625
0 0.7878841375000001 0.48097161406250005 0.7632803453125 0.4848639 0.7462727140625 0.48003464375 0.7406369374999999 0.4850120484375 0.72514116875 0.489466628125 0.7234762984375 0.49683649374999994 0.7275316421875 0.5002648796875 0.75293754375 0.5062138593750001 0.7681457265625 0.5074963234375 0.7884910203125 0.506948621875 0.8152161328125 0.49202127031250004 0.7878841375000001 0.48097161406250005
0 0.7602829843750001 0.4480886421875 0.7749423546875 0.442637609375 0.7891874875 0.441369734375 0.8004168328124999 0.43089696406250005 0.7990738359375 0.423684975 0.8032056843750001 0.41878650781250004 0.7790583453125 0.41901359375 0.757842365625 0.42740965624999994 0.7414257656250001 0.429831859375 0.7364997343749999 0.4342518328125 0.73546018125 0.440028346875 0.7388057765625 0.4440141609375 0.7480826640625 0.4466483015625 0.7602829843750001 0.4480886421875
0 0.7668316671875 0.435780840625 0.7664517203125001 0.43111918749999995 0.7609346625 0.428287703125 0.7530007671875001 0.43286555312499997 0.7596497390625 0.44031922031250004 0.7642459671874999 0.44111832968750003 0.7668316671875 0.435780840625
0 0.735615765625 0.3770787375 0.7453491062500001 0.376047678125 0.7546682109375 0.3791997796875 0.7560454937500001 0.37756695625000003 0.785414378125 0.376545625 0.8024985093750001 0.3730480296875 0.805210859375 0.369264425 0.8038960078124999 0.3623977421875 0.80791528125 0.3561180453125 0.7738235203125 0.354786384375 0.7350168078125 0.3604645046875 0.7306738796875 0.3627731640625 0.727420646875 0.3691860453125 0.7293467421875001 0.3742867203125 0.735615765625 0.3770787375
0 0.42484814374999996 0.44644832812499996 0.43738619375 0.45203235937499997 0.4470351 0.44996537812500004 0.4638738625 0.4527227890625 0.4806202640625 0.44508150156250004 0.497036865625 0.44265930000000003 0.5013375765625 0.439832678125 0.5011264953125 0.437242871875 0.4897124296875 0.42691824843750004 0.46961250625 0.42121094687499994 0.465142928125 0.42196572187500003 0.457792134375 0.42443225937499995 0.45161546875 0.4320389390625 0.4301461921875 0.43732723125 0.42380066406249994 0.4428620671875 0.42484814374999996 0.44644832812499996
0 0.49802884687500004 0.38070614375 0.49042475625000004 0.3800649109375 0.4855330125 0.3756400734375 0.48987594375 0.3733314125 0.48745117968749996 0.371377975 0.46835651875 0.368738971875 0.45264966875 0.37060374375 0.43786365 0.3745008921875 0.4174840671875 0.383893409375 0.41723869843749994 0.3901484140625 0.42288240625 0.3945337828125 0.434204109375 0.3944597078125 0.49802884687500004 0.38070614375
0 0.4855595765625 0.505682984375 0.459063978125 0.49562978125 0.44001153437499996 0.49350873906250003 0.42000397187500005 0.49820013281250003 0.41277982656249995 0.502220553125 0.41152919375 0.505407259375 0.4157111859375 0.5103895281249999 0.439317640625 0.5127917171874999 0.4488900453125 0.5190515859375 0.455699953125 0.519214325 0.47148330781250003 0.5090227031250001 0.4855595765625 0.505682984375
0 0.618960975 0.5116854656250001 0.6253513625 0.5097895171875 0.6584774343750001 0.5054499156250001 0.65588380625 0.5014246328125 0.6443932359375 0.49942685937500003 0.6311032203125 0.49388229843750003 0.59070021875 0.48924065937499994 0.572112153125 0.49281719218750003 0.5780513765624999 0.5008282921875 0.6035839265625 0.5083311562499999 0.613494059375 0.5187347171875001 0.618960975 0.5116854656250001
0 0.2602447375 0.891516690625 0.2680519828125 0.88538495625 0.2894790453125 0.8795787015625001 0.289141315625 0.8754350093750001 0.28446065468750004 0.8735999781249999 0.23984137031250002 0.872820884375 0.21665707968749998 0.875598309375 0.2039660203125 0.8866679796874999 0.20213228593750002 0.891966 0.204725915625 0.8959912828125001 0.212498871875 0.8987043609375001 0.22160689374999998 0.8992666546875 0.2602447375 0.891516690625
0 0.2191609203125 0.8229289890624999 0.2313269515625 0.8332141406250001 0.234867771875 0.8210642140625 0.26294380624999997 0.822711628125 0.27375891406249997 0.8164220171875 0.2870832171875 0.8131217671875 0.27383541875 0.8080951671875001 0.271030709375 0.801480075 0.265471434375 0.7981306296875 0.2404876953125 0.7973612625000001 0.20966502343750001 0.8083422671875 0.2062851421875 0.8132012640624999 0.2075014875 0.8188593718750001 0.2191609203125 0.8229289890624999
0 0.3985905984375 0.8655288375 0.38112651875000003 0.8643647812499999 0.369551515625 0.8613310859375 0.324272628125 0.8709901578125001 0.317842665625 0.8754890703125 0.3176395125 0.8822620359375 0.3263755171875 0.8875254531250001 0.3536995859375 0.889212334375 0.380052678125 0.8789861046875 0.39667243124999996 0.8697909359375 0.3985905984375 0.8655288375
0 0.48132269687499996 0.8799127906249999 0.5009160265625 0.8794045562499999 0.5200027578124999 0.8726807859375001 0.5356251765625 0.8697800906250001 0.5296859546875 0.8617689921875 0.517696715625 0.8629184578125001 0.49997933906250003 0.8586466328125001 0.4684389890625 0.8608222937500001 0.445135978125 0.8714086078125 0.4458114375 0.8796959890625 0.4514973609375 0.8845993203125 0.45989563593750005 0.8857190453125 0.48132269687499996 0.8799127906249999
0 0.6094181187500001 0.88567359375 0.62199045625 0.8824128140624999 0.6392856703125 0.881505025 0.6553302515625 0.8837839437499999 0.66810574375 0.8737501953125 0.6769604671875 0.871204721875 0.6740291078125 0.8630357468750001 0.65046486875 0.8611515187500001 0.641391134375 0.8517444125000001 0.6224732671875 0.8605400281250001 0.6082281328125 0.8618079015625 0.5988325234375 0.8669826515624999 0.5855583656250001 0.8801636359374999 0.6023126953125 0.8818851249999999 0.6094181187500001 0.88567359375
0 0.752014546875 0.846978384375 0.76080069375 0.8621225375 0.777681675 0.8653979078124999 0.8024543296875001 0.86357746875 0.8192930953124999 0.8663348781250001 0.8193907062499999 0.8582670078125 0.8308522406250001 0.8506430249999999 0.8320184421875 0.846420396875 0.827963096875 0.8429920109375001 0.8133802328125 0.8401161937499999 0.8046442265625 0.8348527796875 0.7956628546875 0.8358443687499999 0.7827607140625 0.8443242312500001 0.7728162921874999 0.842765484375 0.7716421625 0.8376253390624999 0.7684311453125 0.8445561828124999 0.752014546875 0.846978384375
0 0.784597021875 0.792730303125 0.80360725 0.7943333828125 0.8067760515625 0.7868845796875 0.8199314890625 0.781512484375 0.8284484843750001 0.77482331875 0.8402688546875 0.7716020078125 0.8362135109375 0.7681736234375001 0.81711885 0.7655346187500001 0.7831115203125 0.7652388796875 0.7643545921875 0.76674356875 0.752745303125 0.7725546875 0.754671396875 0.7776553625 0.7518746140625 0.780403046875 0.7593599859375 0.7888531671875 0.784597021875 0.792730303125
0 0.8027417140625 0.709589928125 0.8233825234375001 0.712667953125 0.8334878796874999 0.7069357734375 0.8534110109374999 0.7012084562500001 0.8300921406249999 0.6930692234375 0.8179340390625001 0.69214684375 0.804517375 0.685048396875 0.7934067515625001 0.687712278125 0.7840454296875 0.684042215625 0.762913884375 0.6934742 0.7595762171875 0.6988511578125001 0.7662251906249999 0.7063048281250001 0.793135021875 0.71217486875 0.8027417140625 0.709589928125
0 0.678355978125 0.6937510421875 0.6603932296874999 0.695734221875 0.627636534375 0.6922517781249999 0.6166024171875 0.6865888078125 0.5956397359375 0.6980926375000001 0.6016211734375 0.706621696875 0.62155223125 0.7102571546875 0.6335414687500001 0.7091076890625 0.6593616046874999 0.710873509375 0.688764778125 0.701007365625 0.678355978125 0.6937510421875
0 0.6138163421875 0.8006538546874999 0.6184125703125 0.8014529625 0.6238372671875 0.7938857515625 0.6496574046875 0.795651571875 0.669496103125 0.78888833125 0.6653141109375 0.7839060625000001 0.64822205 0.7780408859375 0.6493460328125 0.77330029375 0.6469212718749999 0.77134685625 0.63518533125 0.7756040890625 0.6020144015625 0.7763048046875001 0.5918246093749999 0.7810010640625 0.5898642265625 0.7847451999999999 0.6128532953125 0.798103515625 0.6138163421875 0.8006538546874999
0 0.4270596578125 0.7886088609375 0.4301176671875 0.7983317203125 0.44319659843750003 0.8012864765625001 0.4633308109375 0.7981489671875 0.47198238437500006 0.802376459375 0.4803384390625 0.8029782234375 0.5053142515625 0.794384815625 0.49528539687500006 0.7917901453125 0.497161346875 0.7870100859375 0.5043010578125 0.7819537421875 0.5032113609375 0.777849521875 0.4828238515625 0.7778792625000001 0.4741300640625 0.7731338078125 0.4688240859375 0.7728921296875 0.45805119375 0.7796997015625 0.43194347187500004 0.783670925 0.4270596578125 0.7886088609375
0 0.3864192140625 0.799585003125 0.388041865625 0.791697175 0.375131796875 0.7908142640625 0.36806859062499997 0.7875437562500001 0.34254396875 0.789403665625 0.3222066015625 0.7993141421875001 0.32024621875000003 0.8030582796875001 0.3229242796875 0.8081194859374999 0.3520900125 0.813871121875 0.368675475 0.8135207640625 0.3731371265625 0.8034032140624999 0.3864192140625 0.799585003125
0 0.3308369640625 0.7291574062499999 0.3480899609375 0.72773165625 0.3617942125 0.7290930578125 0.3737333046875 0.7180628578125 0.38463284531249997 0.71280916875 0.38433733124999997 0.709183440625 0.3795722359375 0.7063124843749999 0.38282547031249997 0.6998996046875 0.3753480296875 0.70081225625 0.37272011250000003 0.705631784375 0.36620571874999996 0.7090947734374999 0.320209153125 0.709948503125 0.31612744843749996 0.724727703125 0.3208925421875 0.7275986578125 0.3308369640625 0.7291574062499999
0 0.45569758125000004 0.7137607312500001 0.480884475 0.70775713125 0.4901956515625 0.701546459375 0.5043141359375001 0.6987247015625 0.5039341890625 0.6940630484375 0.4998366296875 0.690116703125 0.4869265609375 0.6892337921875 0.47736208593749996 0.692336696875 0.45781097343750005 0.6933628921875 0.4310357171875 0.6984095078125 0.42335512187499996 0.7060951265625001 0.4245292515625 0.7112352703125 0.43088270937499995 0.715063209375 0.45569758125000004 0.7137607312500001
0 0.3413512046875 0.6635833843750001 0.360437934375 0.6568596125 0.372714759375 0.649973103125 0.3816459875 0.639100778125 0.377759509375 0.6377442390625 0.34855949062499997 0.640837415625 0.33289485625 0.64322015 0.324918746875 0.6472800390625 0.315100975 0.6472751765625 0.308628796875 0.6512561265625 0.3060853125 0.6571115765625 0.3117712375 0.6620149078125 0.3194597609375 0.6636920625 0.3413512046875 0.6635833843750001