0 1 0.8598540328125001 0.989243665625 0.85485359375 0.95292231875 0.8587110046875001 0.9382269515624999 0.8657077703124999 0.9361814921875 0.8733996171875 0.9456308453125001 0.8800971921875 0.9514796671875001 0.8805114765625 0.971003978125 0.8734548734375001 0.9825663984374999 0.87306821875 1 0.8653727171875 1 0.8598540328125001
0 0.99209651875 0.7804025671875 0.930610575 0.7840850421875001 0.9299963671875 0.7872566062499999 0.9358451890625 0.7876708921875 0.9382906171875 0.792264828125 0.9241361421875001 0.8041225109375001 0.9413445484375 0.8023272968749999 0.9600461171875001 0.8052595078125 0.9739920546875 0.800219078125 0.9845345953125 0.799358296875 0.9997089484374999 0.7879747390625 0.9971282968749999 0.782165571875 0.99209651875 0.7804025671875
0 0.9645467984374999 0.7111294 0.9444815921874999 0.7133250859375 0.9143414249999999 0.7292749515625 0.9321583375 0.73294826875 0.974058059375 0.7270746859375 0.9895704703125 0.7187292015625 0.9801211203125 0.7120316265625 0.9645467984374999 0.7111294
0 0.9378535250000001 0.6537598734375 0.920983178125 0.6585931609375 0.91607521875 0.675325575 0.9355938281249999 0.6769090671875 0.9407608328125001 0.6798873015625 0.9491283953125 0.67686304375 0.9766145984374999 0.6631364953125 0.9738311124999999 0.6555044859375 0.9378535250000001 0.6537598734375
0 0.990096528125 0.5930867890625 0.9810528484375001 0.5900349031250001 0.91793281875 0.5964148171875 0.9143941999999999 0.5993792375 0.9157521359375 0.6028914359375 0.924863428125 0.6065509375 0.9445172625 0.6093496578125001 0.9724710484375001 0.6085165078125 0.9809062203125001 0.6060998625 0.989273784375 0.6030756046875 0.992609565625 0.5982883390625 0.990096528125 0.5930867890625
0 0.9591963328125 0.523984421875 0.929202790625 0.5238693249999999 0.9225369265625 0.524803759375 0.91647956875 0.5312067234375 0.9017165890625 0.537595875 0.9059989359375 0.541315215625 0.9006910078124999 0.5457618453124999 0.921843703125 0.5446478984375 0.9588468703125 0.5382265390625001 0.9707530515625 0.5322378609375 0.9682400124999999 0.527036309375 0.9591963328125 0.523984421875
0 0.9417573875 0.46286851249999994 0.9094479421875 0.468014803125 0.8998519640625 0.4773821890625 0.891416790625 0.4797988328125 0.9188239781249999 0.482744859375 0.9499783234375 0.47590921562500005 0.9571231734375001 0.47058798749999997 0.9555624 0.4652529453125 0.9417573875 0.46286851249999994
0 0.9063663078124999 0.39686405625 0.8878561734374999 0.41303487812500006 0.8997566515625 0.41568629375 0.904039 0.419405634375 0.9188019796875 0.41301648437500005 0.9387995734375 0.41021318281249997 0.935880865625 0.4013659453125 0.9173821328124999 0.40025657812500004 0.9063663078124999 0.39686405625
0 0.931503203125 0.335950709375 0.9159288812499999 0.3350484828125 0.9054596531250001 0.327876784375 0.897294925 0.3327238859375 0.8776353890624999 0.3385652609375 0.8846336125 0.34930899531250004 0.8927926375 0.3531019875 0.9117703546874999 0.3498245640625 0.9344219125000001 0.3447979484375 0.93667020625 0.33892894375 0.931503203125 0.335950709375
0 0.9183523078125001 0.26991404375 0.891215565625 0.26939847499999997 0.8599259984375 0.275018890625 0.8820928718750001 0.2830191640625 0.9205215859375 0.280717615625 0.9259647375 0.27748621406249996 0.92549145625 0.27323291250000004 0.9183523078125001 0.26991404375
0 0.9060826875 0.2120749828125 0.8751368812500001 0.2120933765625 0.863709684375 0.21369526093750002 0.8648647875 0.21538461718750002 0.846901246875 0.22777625937499998 0.8631573875 0.2261145359375 0.890564575 0.2290605625 0.9057332265625 0.22631709843749998 0.9138303437499999 0.22086238281249998 0.9150587578125 0.21451925468750002 0.9060826875 0.2120749828125
0 0.8181313828125001 0.5338856937500001 0.8101018796874999 0.5399480249999999 0.7897605249999999 0.5483533484375 0.787850290625 0.5572604250000001 0.7841088359375 0.558402 0.8092058203124999 0.5579693203125 0.8434198 0.552556046875 0.85171975 0.548924175 0.8497533078125 0.5399434453125 0.8181313828125001 0.5338856937500001
0 0.8001581953124999 0.4808668765625 0.788319625 0.48746317031249997 0.78620655625 0.494547403125 0.7994030609375 0.49146330625 0.83034886875 0.4914449140625 0.841235171875 0.484982109375 0.843415853125 0.4785054921875 0.839336340625 0.4766089953125 0.8001581953124999 0.4808668765625
0 0.8285328546875 0.4145629140625 0.806771653125 0.4102083296875 0.8004438484374999 0.4141808375 0.79262288125 0.4134259171875 0.760381046875 0.4191798234375 0.7599020624999999 0.423566615625 0.7658184953125 0.4245885171875 0.7662241671875 0.42823420624999997 0.760781015625 0.43146560625 0.7729519421875 0.43654748125 0.7931523703125001 0.435567025 0.827236828125 0.4202984265625 0.8307754468749999 0.41733400625000006 0.8285328546875 0.4145629140625
0 0.8183244249999999 0.3444112125 0.804587025 0.3426343921875 0.7786729968749999 0.3444157921875 0.7611208281249999 0.3518130296875 0.7665582796875 0.3572217234375 0.784645640625 0.3633254984375 0.81879200625 0.35730460937499997 0.82709195625 0.3536727375 0.827638553125 0.3498935609375 0.8183244249999999 0.3444112125
0 0.7923883984375 0.27646423750000004 0.7642260750000001 0.2841146390625 0.763747090625 0.2885014328125 0.7749657515624999 0.2937167984375 0.8084303 0.290259859375 0.8157779828124999 0.2867614765625 0.8161217437499999 0.2811594546875 0.7923883984375 0.27646423750000004
0 0.7866290421875 0.22049907968750002 0.737652084375 0.23230150156249998 0.7700910515625 0.23701053593750002 0.8024681093750001 0.23247185781250002 0.809612959375 0.22715063125 0.8082550218750001 0.2236384328125 0.7866290421875 0.22049907968750002
0 0.89285045625 0.1624122796875 0.8770056875 0.159079596875 0.8575489890625001 0.1667438140625 0.8522410609375 0.1711904453125 0.8546188765625 0.1751767671875 0.8705988687499999 0.17972467812499998 0.9048128468750001 0.1743114046875 0.9119576953124999 0.168990178125 0.9102616984375 0.162439909375 0.89285045625 0.1624122796875
0 0.8082339718749999 0.1755081640625 0.80456583125 0.1686172609375 0.78790401875 0.166633296875 0.7707689249999999 0.16039603125 0.7359350375 0.17762096249999998 0.7508951500000001 0.18169475156249998 0.733410596875 0.18969960156250001 0.7562649890625 0.1864958296875 0.7670779796875 0.188065509375 0.77836995 0.1852483921875 0.7940851984374999 0.17872575156249998 0.8046277390625001 0.17786497031249998 0.8082339718749999 0.1755081640625
0 0.7027841312499999 0.42725386875 0.6846910703125 0.4297901875 0.6691167499999999 0.4288879625 0.6533281890625 0.44344308593750004 0.65271398125 0.44661465 0.6684235265625 0.44873210312499995 0.6875364671875 0.4466699078125 0.703319325 0.44075488125 0.7103965609375 0.43482603906249995 0.7027841312499999 0.42725386875
0 0.70548370625 0.35590979218749996 0.6683453171875 0.361115921875 0.6473221437500001 0.3720851921875 0.67071743125 0.3737423390625 0.700987121875 0.367647796875 0.7094222953125 0.3652311546875 0.7110563812499999 0.36253371562500003 0.70548370625 0.35590979218749996
0 0.6838300265624999 0.29168215625 0.6602262015625 0.2968422625 0.63417125 0.30604852656250003 0.6589244734374999 0.31121787031250003 0.6893969984375 0.30694617343749997 0.702255446875 0.30082400468750004 0.7047065734375 0.29677784375 0.6838300265624999 0.29168215625
0 0.6706058171875 0.23367797031249998 0.6306106296875 0.239284571875 0.6355071859375 0.2398323484375 0.6361833031249999 0.245908496875 0.6325094609375 0.2476576875 0.6474019640625001 0.2511238609375 0.6556962125 0.2561320828125 0.6793000375 0.250971975 0.6997090046875 0.24317426874999998 0.7018220734375 0.2360900359375 0.6706058171875 0.23367797031249998
0 0.676832609375 0.176649665625 0.647109515625 0.178965025 0.619696625 0.1846590953125 0.6240465859375 0.18898605 0.6468276656249999 0.1938147578125 0.6851887703124999 0.190905596875 0.695393253125 0.1870067421875 0.6977091578125 0.181745353125 0.676832609375 0.176649665625
0 0.895206271875 0.096670225 0.8833734046874999 0.0946264234375 0.8527656562500001 0.09768289062499999 0.8401776546875 0.10623551875 0.854929234375 0.11712655937500001 0.8812546343750001 0.1103507484375 0.8988068 0.1029535125 0.899353396875 0.09917433437499999 0.895206271875 0.096670225
0 0.59004135625 0.75252061875 0.5805243953125 0.7452154281250001 0.56222279375 0.7545689984374999 0.5394360125000001 0.7583803859375 0.5269832359375 0.7681482421875 0.5377286140625 0.76911030625 0.545070596875 0.77425201875 0.5549313203125 0.7759551874999999 0.5726863234375 0.7703807953124999 0.5824794328125 0.771476346875 0.6015304625 0.7601664421875001 0.5988822015624999 0.7537496609375001 0.59004135625 0.75252061875
0 0.574817959375 0.68524141875 0.5563868390625 0.684739665625 0.5495124359375 0.69249135 0.5263142828125 0.70129714375 0.546306175 0.7071339390625 0.5609282296875 0.708169653125 0.5790889031249999 0.7062409484375001 0.5964382359375 0.69702086875 0.5968496078125 0.6920264609375 0.5917502171875 0.689655840625 0.574817959375 0.68524141875
0 0.5737187078125 0.6187302406249999 0.53447295 0.6223805078125 0.53916096875 0.6297455359375 0.5234457234375001 0.6362681765625 0.5337121171875 0.6416170328125 0.556701734375 0.6396284890625 0.5658806375000001 0.64389560625 0.577375446875 0.6429013359375 0.5814549578125 0.64479783125 0.5861486796875 0.6435227640625001 0.5892140140625 0.6363050421875001 0.59860145625 0.63375490625 0.5999650937500001 0.6286270093749999 0.595682746875 0.6249076687499999 0.5737187078125 0.6187302406249999
0 0.5838795484375 0.5580842625 0.553542246875 0.563571190625 0.5455127453124999 0.5696335218749999 0.5240838984375 0.5769571046874999 0.5262588781249999 0.5791205828125 0.5544154984375 0.580110275 0.5772022812500001 0.5762988874999999 0.5995833937499999 0.5688418125 0.6015612375 0.5605423515625 0.5838795484375 0.5580842625
0 0.5885783203125 0.4960152625 0.5789204328124999 0.4961349390625 0.548036534375 0.5054010421874999 0.5483069828125 0.5078315015625 0.57197271875 0.5119191062499999 0.5784300453125 0.5178019234375 0.612644025 0.51238865 0.61965365 0.50585219375 0.6161883453125 0.500784134375 0.5885783203125 0.4960152625
0 0.585046859375 0.4382046703125 0.5365545843749999 0.43698020625 0.5329483546875 0.4393370109375 0.538729565625 0.43914368281250005 0.5449840578125 0.44320365781250004 0.53804204375 0.45034772656250005 0.5509624015625 0.45347326718750003 0.5703457890625 0.45384152968749997 0.5969416359374999 0.44949618124999996 0.601708671875 0.440188634375 0.5954541765625 0.436128659375 0.585046859375 0.4382046703125
0 0.6016190578125 0.3698526421875 0.5759811781249999 0.36542440468750004 0.5616295703125 0.36681914843749996 0.540065503125 0.3729275046875 0.5329825625 0.387496440625 0.535360378125 0.3914827625 0.559099425 0.38753788437500003 0.5939276125 0.3789530484375 0.6011400734375 0.3742394359375 0.6016190578125 0.3698526421875
0 0.5904403078125 0.3041566109375 0.5800329890625 0.306232621875 0.5519439796875 0.30585054375 0.5477911546875001 0.3119865296875 0.5366344046875 0.316018871875 0.535608825 0.32418484375 0.552338246875 0.3267764203125 0.5636978328125 0.32456692187499997 0.5946493421875 0.31590843281250003 0.5964919640625 0.3063937421875 0.5904403078125 0.3041566109375
0 0.5484509734375 0.2396942046875 0.5271516515625 0.2568731125 0.529597078125 0.2614670484375 0.5492509125 0.26426576874999996 0.576460965625 0.25674885468749997 0.5874824921874999 0.25150128125000004 0.5877586421875 0.24529164531249997 0.5484509734375 0.2396942046875
0 0.5478090640625 0.1817774859375 0.5155672296875 0.18753139375 0.5037286609375 0.19412768593750002 0.5096450953125 0.1951495859375 0.5152853796875 0.202381125 0.51371890625 0.20568617968749997 0.532150028125 0.20618793124999998 0.5738469140625 0.19849150468750001 0.58575309375 0.1925028265625 0.5850093640625 0.185819065625 0.5478090640625 0.1817774859375
0 0.46724197187499994 0.4485478578125 0.45649659531250003 0.4475857953125 0.450242103125 0.4435258203125 0.44663587343750005 0.44588262500000003 0.42072184375 0.4476640265625 0.39296519375 0.45896011718749996 0.3934384765625 0.46321341875 0.40166511250000003 0.46761402656250006 0.4494136578125 0.46215473124999995 0.46526412656250005 0.45684731875000006 0.47152432187500004 0.452267196875 0.46724197187499994 0.4485478578125
0 0.421105515625 0.3815813375 0.40797661874999996 0.3852730484375 0.392599434375 0.3948337625 0.42401852343749996 0.39906867031250004 0.430611075 0.40616671875000004 0.43645989687500003 0.406581003125 0.4606836296875 0.3896092375 0.45892002187500003 0.3824513546875 0.421105515625 0.3815813375
0 0.4605940171875 0.319273246875 0.43910326250000004 0.31734912187500003 0.41747158124999995 0.3228498640625 0.4013449640625 0.334366909375 0.387196190625 0.3375844984375 0.40100120468749995 0.3399689328125 0.4003869953125 0.343140496875 0.40623581875000003 0.34355478281249996 0.4290226 0.33974339531250003 0.45970366093750004 0.32865444843749997 0.46297183437499995 0.32325956875 0.4605940171875 0.319273246875
0 0.44498629218749997 0.2659228359375 0.41995691874999996 0.26696313125 0.3887349640625 0.2731911625 0.410631390625 0.278760978125 0.447087959375 0.2761187953125 0.45062657812499995 0.2731543765625 0.45008568281250005 0.26829345937500004 0.44498629218749997 0.2659228359375
0 0.435435928125 0.20616946249999998 0.419523546875 0.20222916406250002 0.3971481375 0.2010461421875 0.3800073421875 0.20344897187500002 0.4063832484375 0.223201065625 0.4461756046875 0.21577161875 0.4533880625 0.2110580078125 0.4478153890625 0.20443408437500002 0.435435928125 0.20616946249999998
0 0.27400520625 0.46761395156249996 0.2585661078125 0.467926953125 0.236184996875 0.47538402968750004 0.222915178125 0.48650060625 0.2564416359375 0.492291378125 0.2939913984375 0.4820908390625 0.2992317140625 0.47703659531250003 0.2976709421875 0.47170155312500006 0.27400520625 0.46761395156249996
0 0.294318859375 0.398120346875 0.2781303296875 0.40038968593749996 0.26235317343750003 0.3976646171875 0.25187824375 0.3991330125 0.21561880625000002 0.41223813125 0.2419385046875 0.4141024203125 0.2522048984375 0.419451275 0.291997253125 0.41202183124999997 0.3002295921875 0.40778234218750004 0.2993506375 0.399883353125 0.294318859375 0.398120346875
0 0.280891815625 0.3382933171875 0.26946461875 0.3398952046875 0.24885851875 0.3372299734375 0.21546158124999998 0.341294528125 0.22253311718750002 0.3440057796875 0.217698471875 0.3527057140625 0.2200762890625 0.356692034375 0.2417022671875 0.359831390625 0.2795224765625 0.352061309375 0.2885042453125 0.3458654875 0.2880309640625 0.3416121859375 0.280891815625 0.3382933171875
0 0.253186478125 0.27182855156249996 0.2400575828125 0.27552026406249996 0.21319128906249998 0.277435153125 0.20040045312500002 0.2841649375 0.21100490624999999 0.2925518671875 0.2246746953125 0.29372107187499996 0.23126724687500003 0.30081911875 0.258274465625 0.2914793625 0.2684113359375 0.28697289375 0.2716795078125 0.2815780140625 0.253186478125 0.27182855156249996
0 0.22975778593750001 0.2177232234375 0.21166472500000003 0.2202595421875 0.1847927296875 0.23081452656249998 0.22580209375 0.23432214375 0.2611035640625 0.2299906109375 0.2613797109375 0.22378097343749997 0.256212709375 0.22080273906249998 0.22975778593750001 0.2177232234375
0 0.1602738265625 0.8013789796875 0.1561267046875 0.79887486875 0.1309621078125 0.7986999328125 0.11286904375 0.801236253125 0.0867464796875 0.8098349046875001 0.08137093906250001 0.813673921875 0.0846334109375 0.8169191375 0.10020773281249999 0.8178213609375 0.11027128906250001 0.8213473734375001 0.13414556093750002 0.8186177265625 0.1546221390625 0.8114276328125 0.159930065625 0.806981003125 0.1602738265625 0.8013789796875
0 0.156620021875 0.716394909375 0.14594225624999999 0.7160404609375 0.1126805453125 0.7213202437499999 0.097100521875 0.7290581140625 0.08920624218749999 0.7363356750000001 0.0966158359375 0.7420850031249999 0.1111702796875 0.7425131031250001 0.1326667359375 0.735797134375 0.1451138109375 0.734669371875 0.1594711203125 0.724634534375 0.160767146875 0.718899021875 0.156620021875 0.716394909375
0 0.13860743749999999 0.650123796875 0.1199058703125 0.647191584375 0.0913321765625 0.6598363968750001 0.079764053125 0.6688631484374999 0.0907122671875 0.6716480546875 0.10615136562500001 0.6713350499999999 0.132544378125 0.6651668578125001 0.15845840625000002 0.6633854578125 0.160301028125 0.6538707671874999 0.1498994109375 0.64730668125 0.13860743749999999 0.650123796875
0 0.1451722890625 0.5961335625 0.12953035468750002 0.5946237234375 0.10647312499999999 0.5960046515624999 0.08905618125 0.6046171171875 0.07280004062499999 0.606278840625 0.09864075624999999 0.612529921875 0.1042134296875 0.61915384375 0.12367012968749999 0.6114896265625 0.1361848171875 0.6109694796875 0.1489756515625 0.604239696875 0.14938702343750002 0.5992452875 0.1451722890625 0.5961335625
0 0.1071492421875 0.6020807984375 0.10850718125 0.60559299375 0.1155111046875 0.607696634375 0.1229940109375 0.60541348125 0.1252423046875 0.5995444765625 0.11062025 0.5985087625000001 0.1071492421875 0.6020807984375
0 0.14384855937500002 0.5407807953125 0.130516828125 0.5426496625 0.10521700781250001 0.5412594984375 0.08045238125000001 0.553370346875 0.102754478125 0.5625858484374999 0.1304378140625 0.5593222375 0.149826903125 0.55105040625 0.15295985 0.5444402953125 0.14384855937500002 0.5407807953125
0 0.149804903125 0.48132202968750004 0.13321070468750001 0.4799456796875 0.08770475 0.48817606874999997 0.0778383265625 0.495112996875 0.10830515156250001 0.4994813953125 0.1549662046875 0.492940359375 0.15850482187499998 0.4899759375 0.1578963171875 0.4845074078125 0.149804903125 0.48132202968750004
0 0.1101314734375 0.41159823125 0.0997917671875 0.41428185781250004 0.0812140203125 0.4298450640625 0.10202295624999999 0.434333140625 0.117873425 0.4290257265625 0.128551190625 0.4293801765625 0.14617097031249998 0.42259055468750006 0.1455624640625 0.41712202343750004 0.1101314734375 0.41159823125
0 0.11506793906249999 0.35166534375 0.09874418593749999 0.3527194515625 0.0782676078125 0.35990954531249997 0.07982837968749999 0.3652445875 0.07152843125 0.368876459375 0.10491966562499999 0.37345200312500004 0.115326984375 0.371375990625 0.14328646875 0.36190274375000003 0.14437966093750002 0.35434438749999997 0.11506793906249999 0.35166534375
0 0.0933466484375 0.28683009375 0.0652519359375 0.2950881109375 0.0608286640625 0.29879363593749997 0.0632064796875 0.30277995625 0.08490007031249999 0.3065269265625 0.089385253125 0.312069109375 0.10618799062499999 0.3066282078125 0.12537424218749998 0.29653353125000004 0.123678246875 0.28998326093750004 0.0933466484375 0.28683009375
0 0.1053546484375 0.22960845624999998 0.077333253125 0.22983399375000002 0.0563100765625 0.240803265625 0.059093564062500006 0.248435275 0.0709940421875 0.251086690625 0.1090170859375 0.2451394546875 0.1209908796875 0.23975839062499998 0.121402253125 0.234763984375 0.1053546484375 0.22960845624999998
0 0.12377442812499999 0.968771603125 0.111321653125 0.9785394593750001 0.09016325625 0.9882935046875 0.1112426375 0.9952120359375 0.11268525468749999 0.9953142203124999 0.14405966718750002 0.9936699578124999 0.162462190625 0.9861807062500001 0.168390025 0.9699224140625 0.1632230234375 0.9669441796875 0.12377442812499999 0.968771603125
0 0.1384535 0.8834063671875001 0.084371446875 0.901478265625 0.0881072 0.9089767828124999 0.0942264703125 0.9118215281250001 0.119458678125 0.912604078125 0.1289813421875 0.911269171875 0.1512272296875 0.9025968687500001 0.16102604375000001 0.8950523265625 0.160349925 0.88897618125 0.1384535 0.8834063671875001
0 0.3131636828125 0.9585852812500001 0.3052074921875 0.9566151328125001 0.2821502640625 0.9579960609375 0.2661645703125 0.96208824375 0.247862971875 0.9714418140625 0.24636411093750002 0.9753544828124999 0.2518015609375 0.9807631765625 0.280504775 0.977973690625 0.31125345000000004 0.96749235625 0.31472445625 0.963920321875 0.3131636828125 0.9585852812500001
0 0.46813970468750005 0.94333025 0.467260753125 0.9354312609375001 0.45440800625 0.932913334375 0.4438654640625 0.9337741156250001 0.40638331406250006 0.94458226875 0.40691850625 0.9580832812500001 0.424464971875 0.9593261390625001 0.434872290625 0.957250128125 0.44589381718750004 0.9520025546875001 0.45820566874999996 0.9496595640625 0.46813970468750005 0.94333025
0 0.593238178125 0.91161985625 0.5779343031249999 0.9131480906249999 0.5728349140625 0.9107774687499999 0.5450782625 0.922073559375 0.5326254859375 0.9318414171875 0.53717828125 0.9379912171875 0.5567645015625 0.9401823234375 0.57873994375 0.929079559375 0.59118701875 0.9279517984375 0.5988784640625 0.91885139375 0.5974529125 0.9147315828125 0.593238178125 0.91161985625
0 0.73960894375 0.897252975 0.7330163921875 0.890154925 0.7224738484375 0.8910157078125 0.7125455140625 0.8887049250000001 0.6845860296875 0.8981781718749999 0.6681213515625 0.9066571484375 0.6746462906249999 0.9131475796874999 0.688518915625 0.9161396296875 0.7124607984375 0.9140175968750001 0.7240289203125 0.9049908437499999 0.73266693125 0.9043970421875 0.73960894375 0.897252975
0 0.5910447875 0.8310689281249999 0.587032884375 0.8297800453124999 0.549826884375 0.8343785609375001 0.5404337421875 0.845568790625 0.5415155296874999 0.8552906234375 0.5615131265625 0.8524873218750001 0.5932816765625 0.8424801140625 0.5955975828125 0.8372187265625 0.5910447875 0.8310689281249999
0 0.7243620828124999 0.8123802546875 0.70110201875 0.8119383390625 0.6877702890624999 0.8138072078125 0.6731425328125 0.8214115874999999 0.6656539234375 0.832334834375 0.6832003906249999 0.8335776953125 0.6808168734375 0.8382314671875 0.6932639484374999 0.8371037078124999 0.7127882609375 0.830047103125 0.7197245718749999 0.831543128125 0.7272074796875 0.8292599734375001 0.73272394375 0.81799609375 0.7243620828124999 0.8123802546875
0 0.47286128281249995 0.84670086875 0.4625272765625 0.8407443984375 0.42382241406250004 0.8492555828125001 0.389535121875 0.8627013375000001 0.3900760171875 0.8675622531249999 0.40347535625 0.8663010015625 0.42237975937499994 0.8710560578125 0.43373934687500004 0.86884655625 0.4521085546875 0.8601005984375 0.47278796874999995 0.8547333515625001 0.47286128281249995 0.84670086875
0 0.3104699578125 0.8648466046875001 0.267482746875 0.8696384500000001 0.24958681875000002 0.8826377093750001 0.246312946875 0.8966726828124999 0.254545284375 0.8924331953125 0.26855313281250004 0.8966404750000001 0.2761712640625 0.89557255 0.3120250296875 0.8788217421875 0.3156988703125 0.8770725515625 0.31468469374999997 0.86795833125 0.3104699578125 0.8648466046875001
0 0.29358901249999997 0.782671328125 0.28624702968750004 0.7775296140625 0.255019371875 0.792397740625 0.23386667656250001 0.7935116890625 0.2504551734375 0.8035281328125 0.273580015625 0.8027548187500001 0.31051556874999997 0.7957258453125 0.3196382625 0.78210515625 0.3018213515625 0.7784318406249999 0.29358901249999997 0.782671328125
0 0.30132606875 0.7044501609375 0.2867716265625 0.7040220609375 0.243508265625 0.7150235421875 0.2336361390625 0.7306005640625 0.2536337328125 0.7277972640625 0.2702279328125 0.7291736125 0.2907045109375 0.72198351875 0.2986607015625 0.7239536671875 0.313153234375 0.715134059375 0.3144492609375 0.7093985453125 0.30132606875 0.7044501609375
0 0.286137528125 0.6374842265625 0.2727324875 0.6473855765625001 0.25769905937500004 0.6513442671874999 0.23947077343749998 0.652665359375 0.24667753281250002 0.6565918421875 0.27428755625 0.6613607109374999 0.280812496875 0.66785114375 0.3012890765625 0.6606610500000001 0.31591683125 0.653056671875 0.317145246875 0.64671354375 0.286137528125 0.6374842265625
0 0.27018393125 0.589716859375 0.22548932187499998 0.6052386234375 0.29880243125 0.61224004375 0.3023410515625 0.6092756234375 0.3124836234375 0.5961290609375001 0.30004225 0.5886167265625 0.27018393125 0.589716859375
0 0.2881678015625 0.529844790625 0.287491684375 0.52376864375 0.27130315625 0.5260379828125 0.256878234375 0.5354652062499999 0.227081828125 0.54581305 0.2570020546875 0.5539606265625 0.291148421875 0.5479397374999999 0.3012176828125 0.5428256546875 0.3026489328125 0.5383053703125 0.2881678015625 0.529844790625
0 0.72930425 0.7438072703125 0.720874778125 0.7375838203125 0.7061175000000001 0.735332875 0.68040630625 0.73893711875 0.668156365625 0.7505278203125 0.654142815625 0.7549606359375 0.6516916890625 0.7590067953124999 0.6665841890624999 0.76247296875 0.69236299375 0.759476340625 0.711137875 0.7543760703125 0.7183503359375 0.749662459375 0.7287576546875 0.7475864484375 0.72930425 0.7438072703125
0 0.7224811609375 0.6737980984374999 0.6850723249999999 0.6765737703125 0.6710587765625 0.6810065875 0.6669735625000001 0.6877501859375 0.6595582656250001 0.690640953125 0.69220006875 0.6971728296874999 0.71784365 0.6929609703125 0.7358748015625001 0.681176940625 0.7313896171875001 0.67563475625 0.7224811609375 0.6737980984374999
0 0.701165540625 0.6126085359375 0.67879013125 0.6114255140625 0.658854446875 0.6234765265625 0.6640890609375 0.6270623750000001 0.68177075 0.6295204625 0.72394091875 0.626077340625 0.7285727296875 0.6155545625000001 0.719805196875 0.6062930375 0.701165540625 0.6126085359375
0 0.7124298109375 0.5487031390625 0.6806669609375 0.550070253125 0.6732516656249999 0.5529610218750001 0.654194934375 0.5729110234375 0.6652783703125 0.5769111578125 0.698269634375 0.5692009171875 0.70180825625 0.5662364984375 0.7114661421874999 0.5661168203125 0.7231694875 0.5583052984375 0.7214734921875 0.5517550265625 0.7124298109375 0.5487031390625
0 0.70233285 0.49272894218749996 0.679208009375 0.49350225625000005 0.6602979046875 0.49738729531250003 0.652065565625 0.5016267828125 0.675387540625 0.511316409375 0.7001464671875001 0.50784565625 0.7178338578125001 0.501663646875 0.719197496875 0.49653574999999994 0.70233285 0.49272894218749996
0 0.45262990312499995 0.764696321875 0.432091415625 0.7626387046875001 0.42229260156250004 0.7701832468750001 0.39283425312500003 0.7835691640625 0.43377600781250003 0.7864691671874999 0.4413941390625 0.7854012421875 0.45228044062499995 0.7789384390625 0.46656443750000004 0.77693608125 0.47466155312499997 0.7714813640625 0.470520128125 0.760337159375 0.45262990312499995 0.764696321875
0 0.452836790625 0.6841271328125 0.4399107328125 0.6896416875 0.426511390625 0.690902940625 0.40406266874999996 0.6977523999999999 0.394466690625 0.7071197859375 0.41194554375000003 0.707755028125 0.41670117500000003 0.7157276734375 0.44451973593750005 0.713679290625 0.4589446578125 0.7042520671875 0.4705746890625 0.704473025 0.47636160156249996 0.6956396015624999 0.4748008296875 0.690304559375 0.452836790625 0.6841271328125
0 0.470114265625 0.6308046125 0.4457610109375 0.6379210546875 0.42950487031250006 0.6395827781250001 0.40555728281250003 0.6503449078125 0.40752372656249997 0.6593256359375 0.42187533593750004 0.6579308937499999 0.43173605937500004 0.6596340609375 0.45432000468749995 0.6539998312499999 0.48098916562499994 0.6416220015625 0.477321025 0.634731096875 0.470114265625 0.6308046125
0 0.43822123749999997 0.5701625015625 0.40134759375 0.5864391875 0.410458884375 0.5900986890625 0.4290252296875 0.591815671875 0.46548179999999995 0.589173490625 0.47616526718749996 0.58088784375 0.475353925 0.57359646875 0.46427048906249996 0.5695963328125 0.43822123749999997 0.5701625015625
0 0.43755228281249997 0.5033114046875 0.43285856093749997 0.5045864718749999 0.4263222203125 0.5153762296875 0.4084996046875 0.5203430078125 0.409925153125 0.52446281875 0.42760684375 0.5269209078125 0.45529018125 0.5236572984375 0.4683514640625 0.519357971875 0.47175485781250004 0.515178321875 0.43755228281249997 0.5033114046875
0 0.8402844359375001 0.8720324250000001 0.8130743812500001 0.8795493375 0.805794309375 0.8836553359374999 0.7980295515625 0.9007882203124999 0.8247606218750001 0.8976581015624999 0.8346946578125 0.8913287890625 0.8487758187500001 0.8875035859375 0.8572166937500001 0.87644685 0.8508945906250001 0.871779259375 0.8402844359375001 0.8720324250000001
0 0.855492996875 0.8088082968749999 0.8599162703125 0.8051027703125 0.858355496875 0.79976773125 0.8464550171875 0.7971163140625 0.8076149312500001 0.8044122687499999 0.79108834375 0.803643534375 0.7885696015625 0.8070820796874999 0.801416646875 0.8182400984375 0.8003234578124999 0.82579845625 0.8270545265625 0.8226683375 0.8411356890624999 0.818843134375 0.84624078125 0.812573659375 0.855492996875 0.8088082968749999
0 0.8518761687499999 0.7241565359375 0.810725878125 0.728073784375 0.7826987812499999 0.7369394171875 0.7849413734375 0.7397105093749999 0.7816055890625 0.744497771875 0.791533925 0.74680855625 0.7872458734375 0.7517293109375001 0.7892856296875 0.7526775578125 0.8309825171874999 0.744981134375 0.856085203125 0.7359083562500001 0.8560232937500001 0.7266606484375 0.8518761687499999 0.7241565359375
0 0.83640936875 0.6633812609375 0.8065453515625001 0.6731214875 0.7832062718749999 0.6893521484375 0.8325889015625 0.6811954124999999 0.8375530687499999 0.6823508031250001 0.8436780374999999 0.676555453125 0.856739321875 0.6722561265625 0.8560632046875 0.6661799796875 0.8509638140625 0.663809359375 0.83640936875 0.6633812609375
0 0.8288311484375 0.6039685171875 0.8125750078125 0.605630240625 0.78624390625 0.62104614375 0.8197027531250001 0.6262293 0.8392270640625 0.619172696875 0.8509923203125 0.620608884375 0.8580019453125001 0.6140724296875 0.8573934375000001 0.6086038968749999 0.8288311484375 0.6039685171875
0 0.8713719093750001 0.0389192078125 0.8602208609374999 0.03431145625 0.8457340312499999 0.03449096875 0.8233529203125001 0.041948043750000004 0.8506191828125 0.052318937499999996 0.8842189546875 0.050077228125 0.8951728687499999 0.0442220390625 0.8947671984375001 0.04057635 0.8713719093750001 0.0389192078125
0 0.6258088078124999 0 0.6421184515625 0.012432598437500001 0.671368265625 0.0058639328125 0.6777636796875 0.002499040625 0.6774856015624999 0 0.6258088078124999 0
0 0.5270152890625 0 0.5190903546875 0.0019097437500000002 0.5330248890625 0.0141495046875 0.5721354234375 0.00928400625 0.5760854140625 0.0013251796875 0.5732348484374999 0 0.5270152890625 0
0 0.4305295796875 0.014324362500000002 0.386454878125 0.018034465625000003 0.3776140328125 0.0168054234375 0.359588584375 0.0199493578125 0.370469184375 0.0221266484375 0.377129346875 0.029832310937500002 0.3971888515625 0.036276720312499997 0.429025015625 0.026877125 0.436169865625 0.021555898437500002 0.4356965828125 0.017302596875 0.4305295796875 0.014324362500000002
0 0.256879034375 0.0355815609375 0.18872722656250002 0.040198471875 0.221228103125 0.05415521250000001 0.2563267375 0.0480008359375 0.2624517078125 0.042205484375000005 0.2619108125 0.0373445671875 0.256879034375 0.0355815609375
0 0.0853415609375 0.0497545296875 0.023106184374999998 0.055393339062500005 0.0524065046875 0.075352575 0.07532850937499999 0.0727564171875 0.09526419375 0.0607054078125 0.0945204640625 0.054021646874999996 0.0853415609375 0.0497545296875
0 0.091758978125 0.1161180140625 0.0682284671875 0.1132456390625 0.032853684375 0.12560965468750002 0.03033494375 0.1290482 0.0335974140625 0.13229341562500002 0.059302904687500005 0.1373292671875 0.0763760890625 0.13431882343749998 0.1017492234375 0.12767650625 0.10515261718749999 0.1234968578125 0.091758978125 0.1161180140625
0 0.11231946562499999 0.18790400625 0.11565525000000001 0.183116740625 0.1130746 0.1773075765625 0.0924008875 0.17403473125 0.0675067375 0.17629025468749998 0.0475767546875 0.179701171875 0.036487615625000004 0.1843411296875 0.058654490625 0.1923414015625 0.05259713125 0.198744365625 0.0634101203125 0.20031404375 0.07476970625 0.19810454375 0.0876957640625 0.1925899890625 0.1011627171875 0.19193635 0.11231946562499999 0.18790400625
0 0.258630434375 0.16430839375 0.2246249921875 0.1629044140625 0.1927212171875 0.1716963953125 0.184015596875 0.1716825796875 0.183469 0.175461759375 0.206520528125 0.18272092499999998 0.22692379375 0.1835633109375 0.24386175312499997 0.1793376390625 0.2616167546875 0.173763246875 0.2629803953125 0.1686353484375 0.258630434375 0.16430839375
0 0.4245276234375 0.1429038875 0.42398672968750006 0.13804297031249999 0.400112459375 0.14077262031249999 0.38623413281249996 0.146420665625 0.368755278125 0.1457854203125 0.3743279515625 0.1524093453125 0.3966300484375 0.16162484375 0.42995937343749996 0.1569526765625 0.44016385781249995 0.15305382343750001 0.44329680312499997 0.146443715625 0.4245276234375 0.1429038875
0 0.5418243671874999 0.12799413125 0.50863026875 0.1338815296875 0.5080160609375 0.1370530921875 0.5322226890625 0.146001615625 0.574257634375 0.141343259375 0.5849411015625 0.1330576140625 0.5706628078125 0.1264198765625 0.5418243671874999 0.12799413125
0 0.6685049578125 0.11919325624999999 0.6463323828124999 0.11983307968750001 0.6279631718750001 0.1285790359375 0.6431937328124999 0.135083284375 0.6616924656250001 0.13619265 0.6749565843750001 0.13371616875 0.68509345625 0.1292097 0.685504828125 0.1242152921875 0.6685049578125 0.11919325624999999
0 0.75733618125 0.109209096875 0.739851625 0.11721394843749999 0.7594321453124999 0.12804515156250001 0.7914035328125 0.1198607859375 0.797460890625 0.1134578203125 0.785222353125 0.10776833125 0.75733618125 0.109209096875
0 0.775401540625 0.0455844953125 0.7468392484375 0.0409491171875 0.73493306875 0.0469377953125 0.735338740625 0.050583484375 0.74587558125 0.058362796875 0.7618555734375 0.0629107109375 0.772330503125 0.061442315625 0.7924014109375 0.05060653281250001 0.785808859375 0.0435084859375 0.775401540625 0.0455844953125
0 0.6681448984375 0.04642680625 0.6639244609375 0.051955176562500004 0.652564875 0.054164678125 0.6369229437499999 0.052654837499999996 0.6149475015625 0.0637576 0.62276846875 0.06451252187499999 0.638607534375 0.076485296875 0.65160120625 0.07157835781250001 0.675475478125 0.0688487109375 0.68071579375 0.06379446562499999 0.6796340046875 0.0540726296875 0.6681448984375 0.04642680625
0 0.5704671296875 0.0638220171875 0.5429923296875 0.0602683765625 0.513128309375 0.0700086046875 0.5135339812499999 0.07365429375 0.52040268125 0.074542703125 0.5339991562499999 0.08374438906250001 0.5644716812499999 0.0794726921875 0.5763102499999999 0.0728763984375 0.5757017453125 0.0674078671875 0.5704671296875 0.0638220171875
0 0.390015496875 0.084798421875 0.36267021875 0.09110010625000001 0.3906183015625 0.0989070484375 0.426804425 0.09383440937500001 0.4328617828125 0.08743144375 0.42266300156250003 0.082690203125 0.390015496875 0.084798421875
0 0.2109275015625 0.10064692812500001 0.189977640625 0.1035837203125 0.187323678125 0.1058070359375 0.1918088609375 0.11134922031250001 0.20506727812499997 0.1175128328125 0.251114125 0.1141433609375 0.252207315625 0.10658500625 0.24371023125 0.09975394062500001 0.2109275015625 0.10064692812500001