0 0.11115847187500001 0.017671696875 0.11021917031249999 0.032075675 0.10449487187499999 0.052424940625000006 0.111781846875 0.064936728125 0.1141878453125 0.08410797656249999 0.1165426015625 0.0851235515625 0.13195336875000002 0.0594318046875 0.1326149796875 0.050801475 0.13002726874999998 0.036689701562499996 0.132128575 0.017346810937500002 0.1295511140625 0.0068661734375 0.1248313515625 0.0012038890625 0.1197379203125 0.0020294203125 0.11563503125 0.0066066515625 0.11115847187500001 0.017671696875
0 0.182448784375 0.0692718671875 0.1816054625 0.08296167343750001 0.19004419374999998 0.08690341093750001 0.19600144375 0.0796503421875 0.1982192265625 0.06685555 0.203569853125 0.05299410156249999 0.20100638437499999 0.012750215625 0.1962866234375 0.007087929687499999 0.19089500312500002 0.006424840625 0.1872822609375 0.0110623515625 0.18242178125 0.02498408125 0.1789665109375 0.050694228125 0.182448784375 0.0692718671875
0 0.2553474953125 0.031048965625 0.2517655 0.0465798796875 0.25467189375 0.0694425421875 0.257633275 0.07706649843749999 0.26194861875000003 0.078323196875 0.26673361562500003 0.07237790625 0.269249584375 0.0610717359375 0.27873384687499997 0.053526462500000004 0.2799265984375 0.05948095 0.283847775 0.0599631984375 0.28107835625 0.0509109015625 0.2787235984375 0.049895328125 0.272951803125 0.0186945375 0.26452332031250003 0.018383934375 0.2553474953125 0.031048965625
0 0.3291780203125 0.0452108515625 0.32262065156249997 0.0828810609375 0.326881009375 0.0993764671875 0.330226309375 0.1041437390625 0.33192970312500003 0.117420778125 0.334082253125 0.1162335609375 0.3346478828125 0.10831740000000001 0.34233276875 0.0882092578125 0.3470767703125 0.067739428125 0.3440091640625 0.0571985125 0.3457265515625 0.040712303125 0.34286115 0.032374178125 0.3398140390625 0.0290955296875 0.3340487484375 0.0349202578125 0.3291780203125 0.0452108515625
0 0.4070219578125 0.0925351984375 0.41484381875 0.0862374234375 0.41590984375 0.0820126796875 0.412245859375 0.0684945171875 0.40981936562500004 0.042060998437500004 0.402744846875 0.0353831375 0.39883391874999996 0.038532025 0.391913125 0.0863211859375 0.3885743296875 0.11857943124999999 0.39034295937499996 0.120248896875 0.4070219578125 0.0925351984375
0 0.46100989531250003 0.12458403437500001 0.4654212203125 0.1251265640625 0.4688727484375 0.1328108 0.47140921562500004 0.1287668984375 0.47311635625 0.10864955312499999 0.47554659375 0.101688690625 0.47591376093750004 0.0581753546875 0.4710980203125 0.0532272421875 0.46649473593749996 0.054113054687499995 0.46151778125 0.061486685937499994 0.45782955468750003 0.0741006359375 0.4554198125 0.08832377031250001 0.46100989531250003 0.12458403437500001
0 0.5361021499999999 0.099698453125 0.5299017 0.090224190625 0.52835951875 0.06462540624999999 0.522083584375 0.0631275859375 0.5190569703125 0.06711120625 0.515858890625 0.07978543593750001 0.5159203796875 0.10157224375 0.5205954046875 0.1261043734375 0.535430290625 0.10469765 0.5361021499999999 0.099698453125
0 0.58402385 0.065663496875 0.5767676203125001 0.06404511562500001 0.5753074265625 0.06749540781249999 0.5688665328125 0.11171371249999999 0.5743093953125 0.130532475 0.5788269484375 0.133991965625 0.5847637015625 0.119476628125 0.58722843125 0.090014784375 0.58402385 0.065663496875
0 0.6294630828125001 0.12424801562500001 0.6336069656250001 0.1341953234375 0.633329275 0.139968971875 0.644147003125 0.11879417187500001 0.642872265625 0.08379060625 0.6418714734375001 0.0764077734375 0.639314509375 0.0731894078125 0.6343170578125 0.0733007703125 0.6303203953125001 0.0807949625 0.62818834375 0.0892444484375 0.6283560625 0.1139482203125 0.6294630828125001 0.12424801562500001
0 0.6882155171875 0.14308929374999999 0.6985738453125 0.1327476171875 0.6959898796874999 0.0852414625 0.6891278187500001 0.0843975296875 0.6836709625 0.095342015625 0.6795643296875 0.133313628125 0.6882155171875 0.14308929374999999
0 0.7512255546875 0.10800608125 0.7457994453125 0.12984396874999998 0.7447194265625 0.16383196093750002 0.7481607046875001 0.1678850609375 0.7512730515625 0.159556134375 0.7619295671875 0.1507030828125 0.7695287203125 0.13494024375 0.770296559375 0.129226878125 0.76702674375 0.1164831671875 0.764696228125 0.0893354796875 0.7588042125000001 0.0849809734375 0.7551812234375 0.08598734999999999 0.7518666671875 0.09211348124999999 0.7512255546875 0.10800608125
0 0.810793325 0.17268405 0.822399390625 0.15305815312499998 0.828487109375 0.1225899328125 0.8259441375 0.0896083171875 0.8230339984375 0.1001400375 0.8173646890624999 0.10525059375000001 0.81454028125 0.11143700781250002 0.8065124703125001 0.148926371875 0.8096555625 0.15149085 0.8075440078125 0.16720260625 0.810793325 0.17268405
0 0.8768364796875 0.17064273125 0.8802265171875 0.15654015937500002 0.883085415625 0.1278527671875 0.88139226875 0.1182068640625 0.879133490625 0.1164771171875 0.873059765625 0.11718208906250001 0.8689671234375 0.1253904515625 0.8656283296874999 0.1576486984375 0.8692923140625 0.1711668609375 0.8739058453125 0.1739121828125 0.8768364796875 0.17064273125
0 0.9263720984375 0.187624503125 0.9326377859375 0.185491190625 0.9357501312500001 0.17716226562499998 0.9392156515625001 0.1550832515625 0.9381943640625 0.1404381515625 0.9405836093750001 0.1189527484375 0.9379306671875 0.1164485515625 0.928820075 0.11750600781250001 0.92385336875 0.1285107734375 0.9183722734374999 0.165587371875 0.9222794578125001 0.19583286718749998 0.9263720984375 0.187624503125
0 0.9810766328125 0.1958043015625 0.9897623109374999 0.1830789890625 0.9965116390625001 0.14398044062499998 0.9946162859375001 0.13213174218749998 0.99087681875 0.12659001875 0.9864654921874999 0.1260474921875 0.9794217203125 0.13026303749999998 0.9704956015624999 0.196680915625 0.972966834375 0.20424458906249998 0.9804047734375001 0.20080349687500001 0.9810766328125 0.1958043015625
0 0.0826599671875 0.16299164531250002 0.0837772328125 0.176922575 0.08803759375 0.1934179828125 0.101563253125 0.1595086703125 0.10676665625 0.12820572187499998 0.10458336406249999 0.118499534375 0.0988833078125 0.1127166875 0.090602046875 0.1298475875 0.0832805828125 0.139836778125 0.076671971875 0.1593513109375 0.0793146671875 0.158224375 0.0826599671875 0.16299164531250002
0 0.09622563437500001 0.24742115468749998 0.0947141984375 0.232715771875 0.0907725234375 0.2249712578125 0.0828341875 0.224720934375 0.07796346093749999 0.2350115296875 0.07601962500000001 0.2754270578125 0.0785011046875 0.2866218671875 0.0784358703125 0.298229440625 0.093260509375 0.2731915828125 0.09622563437500001 0.24742115468749998
0 0.0540132546875 0.39468437343749996 0.060223954687500005 0.4077897703125 0.0606591140625 0.42308876093750003 0.0641106421875 0.4307729953125 0.07892503281249999 0.402104003125 0.0860890265625 0.37104217500000003 0.08940358125 0.36491604375 0.08739175 0.346519246875 0.08248003125 0.342285303125 0.0760121359375 0.342215821875 0.0659827421875 0.3649395265625 0.0599192625 0.36927563124999996 0.0567109375 0.378318728125 0.0540132546875 0.39468437343749996
0 0.031663959375 0.5313229109375001 0.037446003125 0.566154834375 0.042165762499999995 0.5718171203125 0.0444552859375 0.58444026875 0.0469917546875 0.58039636875 0.0532714328125 0.5484998062499999 0.05345688750000001 0.5100459500000001 0.0511878625 0.5046850671875001 0.0454020765625 0.503247528125 0.0411929578125 0.50490779375 0.0363119828125 0.5115672531250001 0.0322295890625 0.5234067515625 0.031663959375 0.5313229109375001
0 0.018356275 0.7119059484375 0.023257746875 0.71250875625 0.033509846875 0.6992501171875001 0.038051640625 0.6765774953125 0.03730804375 0.656158746875 0.03444264375 0.6478206234375 0.02797475 0.64775114375 0.02132514375 0.6527411390625 0.017540940625 0.6660692578125 0.0119536140625 0.7002288937500001 0.017259503125 0.7052372890624999 0.018356275 0.7119059484375
0 0.09751594531249999 0.8087583984375 0.0934885375 0.8053591890625 0.0931493578125 0.7893460265625001 0.0891117015625 0.78231568125 0.08509454375 0.7825476046875 0.07776283125 0.7889056609375 0.0718055828125 0.79615873125 0.070643578125 0.8010976453125 0.0709622609375 0.8098485375 0.067849915625 0.8181774624999999 0.06936135156249999 0.83288284375 0.06726004218750001 0.8522257359375001 0.073779178125 0.870450890625 0.0741183609375 0.8864640500000001 0.07938325625 0.8769479062500001 0.083304434375 0.877430153125 0.0861595859375 0.88213714375 0.0881099265625 0.8787471312499999 0.0863208 0.8698153984375001 0.093423303125 0.8169667625000001 0.096940065625 0.813043421875 0.09751594531249999 0.8087583984375
0 0.16776821718749999 0.805056815625 0.157581353125 0.8067078828125 0.15279635625000001 0.812653171875 0.1460405234375 0.814726203125 0.1466778921875 0.8322279874999999 0.1502254 0.8391980515625 0.14510772656249998 0.8661556984375001 0.149069896875 0.8811624828125 0.14861049531249998 0.8919956062500001 0.1548761796875 0.88986229375 0.1598838828125 0.8933820671875001 0.162101665625 0.8805872734375001 0.17018071875000002 0.8612535812500001 0.1695433515625 0.8437517984375 0.17260445468750002 0.8172672000000001 0.16776821718749999 0.805056815625
0 0.214492434375 0.9022760359375 0.2207478734375 0.8965115875 0.2274077265625 0.895152728125 0.24067619218749997 0.87427933125 0.24183819843749998 0.8693404171875001 0.23592943125 0.8243292609375 0.2275009484375 0.8240186578124999 0.2208615890625 0.8326397859375 0.21774924375000002 0.8409687124999999 0.2109999140625 0.8800672609375001 0.2146638984375 0.893585425 0.214492434375 0.9022760359375
0 0.303645234375 0.8246715796874999 0.300214203125 0.8242496140625001 0.291998178125 0.8297729374999999 0.28949245625 0.8447102421875 0.29070195781249997 0.8913213828125001 0.2984483359375 0.8930000484375 0.30484449062499996 0.8676515859375 0.3079913265625 0.83682168125 0.303645234375 0.8246715796874999
0 0.3477649921875 0.8671223734375 0.34369284843750003 0.8825930078124999 0.34508780781250004 0.890750290625 0.35041419218750003 0.903020953125 0.350626646875 0.9088548812499999 0.36046033906249997 0.9209539031249999 0.36126916875 0.929765075 0.3722686109375 0.9035308000000001 0.3733243890625 0.895674921875 0.37180645 0.8439440234375001 0.366894728125 0.83971008125 0.3627815890625 0.840656175 0.3597549765625 0.844639796875 0.35451057812500003 0.8614182078124999 0.3477649921875 0.8671223734375
0 0.43024296093750003 0.924454309375 0.43500745937499996 0.9112467499999999 0.441150165625 0.8655398218749999 0.4354193640625 0.8488635718750001 0.4233986359375 0.8604527484375 0.41932649218750007 0.87592338125 0.41964517656250006 0.8846742734375 0.4150074015625 0.908061065625 0.4239017890625 0.9345640640624999 0.43024296093750003 0.924454309375
0 0.48980146874999997 0.8816868625 0.49089823906249996 0.8883555218750001 0.48910536875000005 0.9128181703125 0.492663125 0.92341936875 0.49991935468750004 0.925037753125 0.505760128125 0.911236584375 0.5055169265624999 0.8945092515624999 0.50754275 0.8831428015625 0.5042524375 0.863136821875 0.500619196875 0.8605120609375 0.494075821875 0.8684190218750001 0.49095322656249996 0.8731168125 0.48980146874999997 0.8816868625
0 0.5628501609375001 0.9313253609375 0.5666548640625 0.9252595093749999 0.569266815625 0.91323916875 0.5675876609375 0.8738300156250001 0.5627514234375 0.8616196328125 0.5594163734375 0.8604834968749999 0.5559955890625 0.8636926640624999 0.55211540625 0.87773495625 0.5524200968749999 0.9162490953125 0.5567661890625 0.9283991984375 0.5628501609375001 0.9313253609375
0 0.61714003125 0.9314684390625001 0.6209242359375 0.9181403187500001 0.624849159375 0.8852281828124999 0.6212914031250001 0.874626984375 0.617562184375 0.87271639375 0.6141414015625 0.8759255640625 0.610442928125 0.884908378125 0.6054519796875 0.9220452578125 0.60999003125 0.9327670203125 0.613815228125 0.9339634359375 0.61714003125 0.9314684390625001
0 0.6857708953125 0.9435388953125001 0.6885953015624999 0.9373524812499999 0.6908028359375 0.9209265546875001 0.6892196640625 0.88080323125 0.687834953125 0.8762770828124999 0.68126083125 0.8732906390625 0.675793728125 0.8806039890624999 0.6723282078125 0.902683 0.6734967171874999 0.9347696031250001 0.6796011875 0.9449580375 0.6857708953125 0.9435388953125001
0 0.7469125796875 0.94089476875 0.7487399390625 0.8939311421875 0.744702284375 0.8869007984374999 0.7406851249999999 0.887132721875 0.737072384375 0.89177023125 0.7336720984375 0.9022416703125 0.731227865625 0.93896578125 0.7342954749999999 0.9495067015625 0.7378327328125 0.95284563125 0.7469125796875 0.94089476875
0 0.7960642765625 0.960733225 0.80396161875 0.9464590078124999 0.8068000203125001 0.9105093468750001 0.8039448671875 0.90580235625 0.7981590796875 0.904364815625 0.78850335625 0.9206006999999999 0.7845169421875 0.9317260296875001 0.7827790593749999 0.940949965625 0.7852707890625 0.9557759109375 0.7897985921874999 0.9628665359375 0.7960642765625 0.960733225
0 0.8499702265625 0.9637329843750001 0.8553515984375 0.9607649390624999 0.855633034375 0.9215969109375 0.8535559671874999 0.9148076890624999 0.8493366015625 0.9128368203124999 0.8461077796875 0.9146176468749999 0.8378470140625 0.9390108140625 0.8346694343750001 0.9589473140625 0.84090063125 0.9793149796874999 0.8453976859375001 0.975512203125 0.8499702265625 0.9637329843750001
0 0.9049729484375 0.9734014046875 0.9101521109374999 0.9682305671875 0.9134564171875 0.9584733 0.916497025 0.9247264312500001 0.9133231890625 0.91126855 0.9076333796875 0.9091168375 0.90381843125 0.9115515546875 0.8990091953125001 0.9436289578125001 0.8989644562500001 0.9624988015625 0.9012437296875 0.9714908171875001 0.9049729484375 0.9734014046875
0 0.6230367765625 0.79861428125 0.6274481 0.7991568078125 0.62926146875 0.7819564296875 0.6306256828125 0.7792203093750001 0.638457790625 0.7765536671875 0.640600090625 0.7717353140625 0.633398846875 0.7548782203125 0.635596134375 0.734821159375 0.633316859375 0.72582914375 0.622735828125 0.7267057593749999 0.6141871250000001 0.7532414390625 0.6086752843750001 0.7794246328125001 0.6230367765625 0.79861428125
0 0.6815767562499999 0.8116216296875001 0.6883875765624999 0.794309890625 0.6890939234375 0.7668097171875 0.691215728125 0.7547290953125 0.6872535562500001 0.7397223109375 0.6816699749999999 0.7404875609375 0.676597040625 0.7485753625 0.67348095 0.790298671875 0.6777208140625001 0.799531809375 0.6782314578124999 0.806854359375 0.6815767562499999 0.8116216296875001
0 0.7331726875 0.794735971875 0.732243634375 0.8127710828125 0.7346086406250001 0.8174177921875 0.74020246875 0.8202836765624999 0.7501563796874999 0.8055364125000001 0.7579884859375 0.802869771875 0.7549311265624999 0.7959599890625 0.7518877578125001 0.7592869578125 0.7447172609375 0.75332326875 0.740412165625 0.7556977046875 0.7333031578125 0.7715208234375 0.731267084375 0.7792561390625 0.7331726875 0.794735971875
0 0.8125560453125 0.797239203125 0.8093514640624999 0.7728879171874999 0.8059101859375 0.7688348171875 0.8019032765624999 0.7726978765625 0.7999631828125 0.7797190203125 0.7935977734375 0.8159608875 0.7955033765625 0.83144071875 0.8008092640625 0.8364491140625001 0.810571215625 0.8231301921874999 0.8125560453125 0.797239203125
0 0.8644976625 0.8333922218750001 0.8677162375 0.8279802609375 0.8709897984375001 0.807329590625 0.871120265625 0.784114440625 0.8675830093749999 0.7807755109375 0.8624895765625 0.7816010437500001 0.8547087109374999 0.8024233578125 0.8520007796875 0.8151578687500001 0.8522234843750001 0.8246229312500001 0.8599903578125 0.833563865625 0.8644976625 0.8333922218750001
0 0.9325601375 0.7829589359375 0.9317513046875 0.7741477671875 0.9268395859374999 0.769913821875 0.9197855625000001 0.7704982328125001 0.9154907140624999 0.7765038015625 0.9133586625 0.7849532890625001 0.9109144312499999 0.8216774015625001 0.9162305671875 0.83031693125 0.924542575 0.8240794375 0.9325601375 0.7829589359375
0 0.5294373718750001 0.620128721875 0.538712921875 0.5733551390625 0.5363479156250001 0.568708428125 0.5307540890625 0.565842546875 0.523624584375 0.574403396875 0.514616478125 0.6117721984375 0.5155622828124999 0.634393740625 0.5187156234375 0.640589353125 0.5221364046875 0.637380184375 0.5294373718750001 0.620128721875
0 0.5838167171875 0.5825321125 0.5784520984375 0.6261568093750001 0.593197509375 0.6424897734374999 0.5981437203125 0.6242227390624999 0.5978800203125 0.6002331390625 0.5932254953125 0.5829632796875 0.5856710781250001 0.5798562734375 0.5838167171875 0.5825321125
0 0.6324027859375 0.6102867265625 0.6292904390625 0.618615653125 0.6257391875 0.6450399703125 0.6296808609375 0.6527844875000001 0.6353706703124999 0.6549361984375001 0.6404436062500001 0.6468483953125 0.643586696875 0.6494128734375 0.6449509124999999 0.6466767531250001 0.6468192640625 0.6142376640625 0.64935573125 0.6101937640624999 0.6499213625 0.6022776046875 0.6476523375000001 0.5969167234375 0.6424526765625 0.59482529375 0.6386377265625 0.5972600109374999 0.6324027859375 0.6102867265625
0 0.6927486421875 0.6728824625 0.6962859031249999 0.67622139375 0.699802665625 0.672298053125 0.7084166046875 0.6341548 0.7131298609375001 0.6027915671875 0.7114469640625 0.596776796875 0.7096783328125 0.59510733125 0.7042969625 0.5980753765625 0.6958134921875 0.61300348125 0.6923684703124999 0.6423447624999999 0.6924402078125 0.66776270625 0.6927486421875 0.6728824625
0 0.7607523890625 0.6710822703125 0.7670628109375001 0.6500791140625 0.7706140625 0.623654796875 0.7680263546874999 0.6095430234375 0.7604719375 0.6064360171875001 0.7581274312499999 0.6090515765625 0.750846959375 0.6335653078125 0.7479573187499999 0.6513592953125 0.7539760578125 0.6658930328125 0.7549870984375 0.676906996875 0.7607523890625 0.6710822703125
0 0.8051843249999999 0.6852584390625001 0.8131776484375 0.670270053125 0.8179766359375 0.634561515625 0.81668790625 0.629321196875 0.8118824124999999 0.6280042171875 0.808557609375 0.630499215625 0.8004785562500001 0.6498329078125 0.7953711328125 0.6804216875 0.79705403125 0.6864364578125 0.8009752078125001 0.6869187046875 0.8051843249999999 0.6852584390625001
0 0.887749009375 0.6344307859375 0.8806949890625001 0.635015196875 0.8778705828125 0.6412016109375 0.8702881796874999 0.6976210984375 0.8772769671875 0.708644265625 0.8859523953125 0.69228781875 0.8918071609375 0.6487234015625 0.8906041625000001 0.6391377781250001 0.887749009375 0.6344307859375
0 0.9358961734375001 0.6802807921875 0.9453701859375 0.669104384375 0.9489316859375 0.6463112 0.9492643624999999 0.6252988453125 0.9444486218750001 0.6203507312500001 0.9407296515624999 0.6220712765624999 0.937116909375 0.6267087874999999 0.934504959375 0.6387291281249999 0.9320644703125 0.6420588578124999 0.9284274874999999 0.6728284828125 0.9309947015625 0.679677984375 0.9358961734375001 0.6802807921875
0 0.6441365593749999 0.4970257828125 0.65272625625 0.48501464062500005 0.6555096703125 0.46430368906249997 0.65664093125 0.4484713703125 0.6551602421875 0.44465939218750006 0.651527003125 0.44203463281250005 0.6452715640625 0.44779908125 0.6424471578125 0.45398549531250004 0.6391838453124999 0.4782672984375 0.6410996953125 0.4973782671875 0.6441365593749999 0.4970257828125
0 0.7034071281250001 0.4564008453125 0.70274551875 0.46503117656250004 0.6920545140625001 0.49638520937499997 0.6956877515625 0.49900996875 0.7001848109375 0.49520719062499996 0.700140071875 0.514077034375 0.7040714984374999 0.518190415625 0.704283953125 0.5240243421875 0.7087810125 0.5202215640625 0.71481374375 0.50499205625 0.720082384375 0.46208152968749994 0.7183892375 0.452435625 0.7144578109374999 0.44832224375 0.7066257031250001 0.45098888437499995 0.7034071281250001 0.4564008453125
0 0.7673964734375 0.525252475 0.7771136890625 0.530803396875 0.7780082515625 0.5352692640625001 0.7822313609375 0.503845753125 0.7816797234374999 0.4819986640625 0.78342785625 0.4764058578125 0.7798803484375 0.46943579687500003 0.7799558328125 0.4614593546875 0.7769944515625 0.4538354015625 0.771794790625 0.4517439703125 0.767009796875 0.45768925937500005 0.760472921875 0.5026217359375 0.7673964734375 0.525252475
0 0.83050899375 0.5264806078125 0.8416146624999999 0.5031632953125 0.8352464921875 0.4689852640625 0.83082491875 0.4648116015625 0.8242610453125 0.46545629218749995 0.8189924046874999 0.5083668171875 0.83050899375 0.5264806078125
0 0.89431386875 0.529971815625 0.8989926374999999 0.5211095625 0.9007650093749999 0.48938464374999996 0.8944378343749999 0.46973114843749997 0.8863075390624999 0.4709091671875 0.8794827265625 0.51798415625 0.8816865171874999 0.5349526109375 0.888164659375 0.5386532265625 0.889912790625 0.5330604234375 0.89431386875 0.529971815625
0 0.9434553203125 0.5461791359375 0.9471742890625 0.544458590625 0.953505209375 0.530717703125 0.9558637109375001 0.4983388953125 0.9520934999999999 0.4819037671875 0.946701878125 0.481240678125 0.9417249234374999 0.4886143109375 0.9367582171875 0.4996190734375 0.9346466609374999 0.5153308328125 0.9391297249999999 0.541291303125 0.9434553203125 0.5461791359375
0 0.50121399375 0.30739238125 0.4971111046875 0.3119696109375 0.49657621875 0.33077917343749996 0.49904745312500004 0.3383428484375 0.49887599062500004 0.3470334578125 0.501827121875 0.351026278125 0.50445956875 0.34626820625 0.5084767265625 0.34603628125 0.51006364375 0.3527652234375 0.5147666546874999 0.31777085625 0.5131387421875 0.2965173765625 0.510677759375 0.2925848390625 0.5043160921875 0.2954323203125 0.50121399375 0.30739238125
0 0.5528714156250001 0.31229353125000003 0.5482886265625 0.3204416140625 0.54650600625 0.3485353953125 0.55488975 0.36771584375 0.558416759375 0.3674236390625 0.563105778125 0.3621925203125 0.5658137078125 0.34945800781249997 0.572645025 0.3394085359375 0.56818245625 0.3207103375 0.5684499 0.311305553125 0.56214321875 0.298914328125 0.5565493921875 0.296048446875 0.552744690625 0.3021142984375 0.5528714156250001 0.31229353125000003
0 0.6103621234375 0.37018227656249997 0.6134092328125 0.3734609265625 0.618290209375 0.366801465625 0.6226055546875 0.36805816406249997 0.62765799375 0.3527080921875 0.6230994453124999 0.3347240625 0.621951434375 0.309899728125 0.618904321875 0.3066210796875 0.6132247609375 0.30810050312500004 0.6089709062499999 0.3286306125 0.6073802453125 0.355296053125 0.6103621234375 0.37018227656249997
0 0.6659034734375 0.3276467515625 0.6640043734375001 0.3491924359375 0.665344346875 0.372588428125 0.6683057265625 0.380212384375 0.671418071875 0.37188345625 0.6753290015625 0.36873456875 0.6807858578125 0.35779008437500004 0.6812042640625 0.3324324234375 0.6781916421874999 0.3066527953125 0.67338615 0.305335815625 0.6670244859375 0.3081833 0.6648067 0.320978090625 0.6659034734375 0.3276467515625
0 0.74433728125 0.340922825 0.742517409375 0.3210976875 0.7358473078125 0.3188254140625 0.730860103125 0.32256791093750004 0.724741640625 0.3421427265625 0.724570178125 0.3508333375 0.720402053125 0.367018140625 0.7229040296875 0.3854752171875 0.7350514859375 0.384065275 0.74433728125 0.340922825
0 0.7852487109374999 0.39241671562499997 0.7903421453125 0.3915911828125 0.7933035265624999 0.39921513750000004 0.7970159921875 0.3604690734375 0.7971669578125 0.34451619375 0.7950796453125 0.3340958390625 0.7893898359375 0.331944128125 0.7848927812500001 0.335746903125 0.7785926046875 0.36038119375 0.777056928125 0.3718079265625 0.7820953734375 0.386221103125 0.7852487109374999 0.39241671562499997
0 0.850554775 0.40698216875000004 0.8591239749999999 0.387708759375 0.8593094296875 0.3492549 0.8556556953125 0.339367871875 0.850754221875 0.3387650640625 0.8458629984374999 0.3417933890625 0.8440188859375001 0.3481003640625 0.8402654265624999 0.3723218890625 0.8414786734374999 0.38553864843749996 0.844864965625 0.40483045781250004 0.850554775 0.40698216875000004
0 0.9021954437499999 0.3712266671875 0.9002758484375001 0.3855100828125 0.900837734375 0.4109883046875 0.90467318125 0.41581585781249997 0.90718915 0.40450968749999994 0.9146065953125 0.393806325 0.9203653828125 0.35095607968750003 0.9167116468750001 0.3410690515625 0.9117039468750001 0.33754927968750004 0.9072926203125 0.33700675156250004 0.9045641921875 0.34247899375 0.9005982765624999 0.36086659062500004 0.9021954437499999 0.3712266671875
0 0.97290711875 0.3566919625 0.96955156875 0.34829355624999997 0.9659183312499999 0.34566879687499996 0.9618051921875 0.34661489218749997 0.960345 0.350065184375 0.9567285140624999 0.3880970765625 0.9594122031250001 0.4014946765625 0.9652082390625001 0.40656335156249995 0.9700892140624999 0.39990389375 0.97290711875 0.3566919625
0 0.3233837609375 0.21437635781250003 0.3330189859375 0.1908782046875 0.33121961093749996 0.178315334375 0.33361910625 0.1604610640625 0.332875509375 0.14004231875 0.322582415625 0.13877642031249998 0.3165496828125 0.15400593125 0.3100780453125 0.18733083281250001 0.31648070625 0.1990078875 0.321680365625 0.20109931718750002 0.3233837609375 0.21437635781250003
0 0.3814308328125 0.156903528125 0.375576065625 0.2004679453125 0.38178676562499997 0.213573340625 0.39154871875 0.2002544203125 0.39772216875 0.1654408953125 0.394346125 0.1497802203125 0.38836837812499997 0.149771021875 0.3814308328125 0.156903528125
0 0.44699684843750004 0.22885296406250002 0.45734492656250003 0.21488015312500003 0.46259957500000004 0.20173287499999998 0.46451917031249995 0.18744946093749998 0.46159227812500003 0.157324528125 0.4562966390625 0.15594726718750002 0.4522897296875 0.1598103265625 0.44995546875 0.166057021875 0.44574260624999995 0.20111166875 0.44802187968749996 0.21010368281249997 0.44699684843750004 0.22885296406250002
0 0.5014991734375001 0.2348299703125 0.505622559375 0.2375150109375 0.5112918703125 0.23240445312500002 0.5165465171875 0.219257175 0.5197753406250001 0.21747634843750002 0.5207453859375 0.213965775 0.517879984375 0.20562765 0.5164440328125 0.182945828125 0.5140687796875001 0.174667984375 0.5074741609375 0.1644192703125 0.5034775 0.1719134625 0.49802714843749996 0.219883465625 0.5014991734375001 0.2348299703125
0 0.575127490625 0.24678906406249998 0.5847627171875 0.2232909078125 0.582189 0.1794158890625 0.5799199765624999 0.174055009375 0.5751144828125 0.17273802968750002 0.5712035531249999 0.1758869171875 0.5657019609375 0.205701246875 0.56281231875 0.223495234375 0.569715375 0.2388637046875 0.5712165609375 0.24993795156249998 0.575127490625 0.24678906406249998
0 0.6339079125 0.2061038453125 0.6323004953125 0.1921126359375 0.62688838125 0.1841872765625 0.6230734296875 0.1866219953125 0.6210373578125 0.1943573109375 0.61748610625 0.220781628125 0.623419115625 0.239660671875 0.6274465218749999 0.2430598828125 0.6306650953124999 0.237647921875 0.6339079125 0.2061038453125
0 0.6773250656250001 0.2426604328125 0.6788365015625 0.257365815625 0.6843343484375 0.2609458671875 0.692019234375 0.2408377234375 0.6928867984375 0.2010158046875 0.689723209375 0.1911890578125 0.685993990625 0.18927846875 0.6809108078125 0.1937351359375 0.6783845875 0.20141017187500002 0.6752824890625 0.21337023125000001 0.6738735375 0.23497619687500002 0.6773250656250001 0.2426604328125
0 0.7501343031250001 0.24217721874999998 0.7515739984375001 0.2314646578125 0.75298295 0.2098586921875 0.7517799515625 0.20027306875 0.7484346515625 0.195505796875 0.7449076406249999 0.195798003125 0.7402288734375 0.2046602546875 0.734929490625 0.236677378125 0.7331366171875 0.2611400265625 0.7350114765625 0.2657264546875 0.7501343031250001 0.24217721874999998
0 0.8101792124999999 0.23286443281250002 0.8056206671874999 0.214880403125 0.8012093421875001 0.2143378765625 0.797788559375 0.21754704375 0.795464546875 0.2274248734375 0.791817315625 0.2545633609375 0.7973561578125 0.272667953125 0.8013733140625 0.27243603125 0.8087805109374999 0.258101534375 0.8101792124999999 0.23286443281250002
0 0.8678413828125 0.28206256875 0.8712109234375 0.2606977265625 0.8718417875 0.2411739953125 0.869946434375 0.2293252953125 0.865823046875 0.22664025468750001 0.8615179515625 0.22901469218749998 0.8543232125 0.249183115625 0.8489073515625 0.2746521375 0.8578772234375001 0.293178696875 0.8617984 0.29366094375 0.8678413828125 0.28206256875
0 0.9122323265625001 0.2817142015625 0.9172605234375 0.29249624218750003 0.9273309125000001 0.284297078125 0.9305187406250001 0.2679917125 0.9262276375 0.2406029 0.9190468921875 0.2310080765625 0.9139534593749999 0.23183360937500003 0.9116089515624999 0.23444916875000002 0.910265234375 0.2444475578125 0.9109231 0.2692116109375 0.9122323265625001 0.2817142015625
0 0.9802770625000001 0.2944385453125 0.9847126312500001 0.2688489609375 0.984171240625 0.25063300625 0.9793554999999999 0.24568489218749998 0.9749544218749999 0.2487734984375 0.970755553125 0.2540648984375 0.9685275234375 0.2632285578125 0.9650825 0.2925698390625 0.96648770625 0.30435825625 0.9708133 0.3092460890625 0.9802770625000001 0.2944385453125
0 0.71118976875 0.6098127125 0.7103809375 0.6010015390625 0.701856475 0.60140510625 0.69730443125 0.62044659375 0.6990935578124999 0.6293783296875 0.7016402734375 0.6289655625 0.7027063015625 0.62474081875 0.7100380109375 0.6183827609375 0.71118976875 0.6098127125
0 0.44399348906249997 0.310518753125 0.4481886140625 0.3386217359375 0.45060860468749997 0.3280297375 0.460946434375 0.310425790625 0.4647856265625 0.2818589609375 0.465245028125 0.2710258390625 0.46315771562499997 0.26060547968750003 0.45962045625 0.2572665515625 0.4554113390625 0.2589268171875 0.4485800234375 0.2689762890625 0.44454887187500003 0.298971459375 0.44399348906249997 0.310518753125
0 0.3632141875 0.403672521875 0.3547614625 0.42949403124999996 0.3571879578125 0.4559275484375 0.3606842234375 0.4447419390625 0.36889000156249996 0.43558748124999996 0.3759337734375 0.4313719359375 0.381911521875 0.43138113593750005 0.382391421875 0.4278102828125 0.379899690625 0.412984340625 0.38277908437499997 0.39155921718750003 0.3789231421875 0.379469396875 0.37068661718749996 0.3777304515625 0.36270354375 0.396349971875 0.3632141875 0.403672521875
0 0.4268923375 0.3969844953125 0.43182455624999994 0.4084807078125 0.427848390625 0.42323717031249997 0.4319270390625 0.44479205468750005 0.43408983437500004 0.44723597187499997 0.4378088046875 0.44551542499999996 0.4469641328125 0.425588125 0.44796866875 0.39957657343749997 0.4425258078125 0.38075780937500003 0.4308787484375 0.38585916875000004 0.4295145359375 0.388595290625 0.42923684531250006 0.3943689375 0.4268923375 0.3969844953125
0 0.33231618749999997 0.5668467390624999 0.330406840625 0.5847612875 0.327102534375 0.5945185562499999 0.3324391671875 0.6104203546875 0.3368402453125 0.607331746875 0.3420091609375 0.598529775 0.345834359375 0.5997261921875 0.34918990625 0.6081245984375 0.350053725 0.6016970625 0.3462080296875 0.5932383734375 0.35010220625 0.549432834375 0.3486215171875 0.5456208578124999 0.344210190625 0.5450783312499999 0.338636859375 0.5494747171875 0.33231618749999997 0.5668467390624999
0 0.4116213046875 0.5069065109374999 0.41252611562499997 0.5150035125 0.410682003125 0.5213104875 0.4051189203125 0.529338009375 0.40427559999999996 0.5430278140625 0.39844507500000004 0.5604601171875 0.39690939687500004 0.5718868484375 0.394550896875 0.6042656562500001 0.39594585625 0.6124229390625 0.405131928125 0.60338904375 0.41300877343750003 0.5818525578125 0.4142462625 0.5689372046875001 0.4161006234375 0.5662613624999999 0.417530071875 0.5519176671875 0.41241614374999996 0.54548093125 0.418610090625 0.517929675 0.414264 0.5057795734375 0.4116213046875 0.5069065109374999
0 0.3099976375 0.71437868125 0.3040916296875 0.7397874234375 0.3078925859375 0.767115953125 0.31013086562500003 0.7615834296874999 0.3166844921875 0.75730760625 0.325349671875 0.737320025 0.3270363140625 0.7099404125000001 0.3315986078125 0.6945300609375 0.3304058546875 0.6885755703124999 0.326176240625 0.682973565625 0.3170758984375 0.6876621578125001 0.31377159374999997 0.697419425 0.30976468437500004 0.701282484375 0.3099976375 0.71437868125
0 0.3711868171875 0.7632846109375 0.378230590625 0.759069065625 0.382374471875 0.769016375 0.3843350609375 0.7692574999999999 0.38694701249999996 0.757237159375 0.3929899953125 0.745638784375 0.3975420375 0.726597296875 0.3965105 0.7083210625 0.3912800953125 0.6953362265624999 0.388531171875 0.6935462 0.37376151874999997 0.70334535 0.3664120703125 0.7728610359375 0.3711868171875 0.7632846109375
0 0.4522978125 0.75293276875 0.45301440781249996 0.7290637281250001 0.46051758437499996 0.7140150625 0.456874096875 0.70775916875 0.45545864218750004 0.692339615625 0.4488845203125 0.689353171875 0.4449735875 0.692502059375 0.43494419375 0.7152257609375 0.431064009375 0.7292680546875 0.42798240937500004 0.7484903828125 0.4371749859375 0.776482003125 0.4522978125 0.75293276875
0 0.48781486406249996 0.7333436703125 0.49030659375 0.7481696125 0.48897312499999995 0.7617991390625 0.4967502453125 0.7743712078125 0.5037082890625 0.7745009671875 0.507543734375 0.7793285187500001 0.5115953828124999 0.75659561875 0.5075167328125 0.735040734375 0.508157846875 0.7191481359375 0.504908528125 0.7136666921875 0.49970886718749996 0.7115752625 0.49540376875 0.7139496984375 0.49131113125 0.7221580609375 0.48781486406249996 0.7333436703125
0 0.498128453125 0.7418718390625 0.502539778125 0.742414365625 0.5061525203125 0.7377768546875 0.50328711875 0.7294387296875 0.4951670734375 0.7342478828125001 0.4936108984375 0.738412346875 0.498128453125 0.7418718390625
0 0.558344828125 0.7238684421875 0.5575872359375 0.7332129421875 0.5530044484375 0.741361025 0.55428293125 0.7429702093749999 0.5500495734374999 0.7707625874999999 0.5502927734374999 0.78748991875 0.5533398859374999 0.7907685671875 0.5599711609375 0.79085814375 0.56511366875 0.79584644375 0.57237364375 0.7640704453125 0.573933559375 0.7265116 0.5725488484375 0.7219854515625 0.56714698125 0.717691228125 0.5620535484375 0.7185167609375 0.558344828125 0.7238684421875
0 0.548565334375 0.41848224843750004 0.5411478890625 0.42918561093749996 0.54137059375 0.43865067187499995 0.5358280093750001 0.45394046250000003 0.5399923890625 0.4711500421875 0.539351275 0.487042640625 0.54122613125 0.49162906875 0.54367686875 0.49193047500000003 0.5553136796875 0.48319798281250004 0.5641810656249999 0.46541319375 0.5642667968749999 0.46106788749999994 0.56326600625 0.45368505625 0.5572677625 0.4464135890625 0.5561299984375 0.425220390625 0.5520923437499999 0.41819004531250004 0.548565334375 0.41848224843750004
0 0.5969109593749999 0.4999294296875 0.598851053125 0.492908284375 0.6038382546875 0.4891657875 0.6052229671875 0.49369193593749994 0.6074714953125 0.491790546875 0.6133020203124999 0.47435824374999996 0.6143373000000001 0.459240096875 0.6133160125 0.444594996875 0.608161090625 0.42363372187500004 0.602375303125 0.4221961796875 0.59729211875 0.426652846875 0.5953622765625 0.4373051265625 0.5969109593749999 0.4999294296875
0 0.48264515937499997 0.46409718125 0.496691709375 0.44114155312500003 0.5020320890625001 0.4236489703125 0.5011925125000001 0.40394439374999996 0.4987212796875 0.3963807203125 0.4959723546875 0.39459069375 0.490590984375 0.3975587390625 0.4841845796875 0.41927606562499997 0.4766609078125 0.4270624640625 0.47530694218749997 0.4334297203125 0.48201803906249996 0.45022653124999995 0.48264515937499997 0.46409718125
0 0.4534990375 0.5882842109374999 0.454137653125 0.594654534375 0.4523332875 0.626617509375 0.456542403125 0.6249572437500001 0.46043283593749995 0.6145460859375 0.467946259375 0.603128553125 0.47940510312500006 0.5660611546875 0.479353859375 0.54790548125 0.470839646875 0.5519401828125 0.45933981093750004 0.5744830421875 0.44789496093750003 0.58178719375 0.4534990375 0.5882842109374999
0 0.16286240624999998 0.177937184375 0.167198246875 0.1864561515625 0.168826159375 0.20770963125000003 0.1727473359375 0.2081918765625 0.1752838046875 0.2041479765625 0.18388749375 0.1623735875 0.185392425 0.14005345 0.17731711562500002 0.1259927625 0.172703584375 0.123247440625 0.1684944671875 0.12490770625 0.16459378593750001 0.13168772812500001 0.162461734375 0.14013721562499998 0.16286240624999998 0.177937184375
0 0.2340334828125 0.15256935625 0.2223006921875 0.16201601875 0.2329982015625 0.167687503125 0.22650606562500003 0.19375013593749998 0.230457990625 0.20512578750000002 0.23118108906249998 0.218282265625 0.238204365625 0.2068044515625 0.2448642171875 0.2054455890625 0.24896710781250003 0.2008683609375 0.25409503125 0.17754185 0.2493035296875 0.1464616234375 0.24537210312500002 0.142348240625 0.239884503125 0.14239932187499998 0.2340334828125 0.15256935625
0 0.16265546875 0.3129430546875 0.1668235921875 0.2967582515625 0.17169431875000002 0.2864676546875 0.170687025 0.2420593078125 0.1676296640625 0.2351495234375 0.1613537296875 0.233651703125 0.1549063328125 0.24084449062500002 0.14851017500000002 0.2661929515625 0.15338740625 0.2929278734375 0.159022228125 0.3103182953125 0.16265546875 0.3129430546875
0 0.13464435 0.387903384375 0.13165873125 0.40641154375 0.13455487500000002 0.425643071875 0.13449988906250002 0.44088178125 0.143014103125 0.43684707968750003 0.1440596328125 0.42536006718749997 0.151168640625 0.40953694843750005 0.1547096421875 0.379481496875 0.14895834531250002 0.355542978125 0.1411159890625 0.3545784828125 0.135542659375 0.35897486875 0.1330164390625 0.3666499046875 0.13464435 0.387903384375
0 0.10666023437500001 0.5071515 0.10747931562499999 0.5195938078125 0.10527177812499999 0.5360197343750001 0.10031532031249998 0.5506556359375 0.1074103359375 0.564595765625 0.10821916718749999 0.5734069374999999 0.1163494625 0.57222891875 0.1222657203125 0.5504513109375 0.13263429375 0.54374076875 0.127777559375 0.524268115625 0.129111028125 0.5106385906249999 0.12594744062500002 0.5008118421875001 0.116007521875 0.4857958578125 0.11144523125000001 0.5012062109375 0.10666023437500001 0.5071515
0 0.1175449734375 0.6486033078125 0.10188075781249999 0.6539365890625 0.0958480234375 0.6691661 0.0931708390625 0.692794015625 0.08762825156250001 0.7080838046875 0.09512955625 0.709732328125 0.10021086718750001 0.721972853125 0.10394008749999999 0.723883440625 0.10785101562499999 0.720734553125 0.11310566250000001 0.7075872750000001 0.119553059375 0.7003944859375 0.1202146703125 0.69176415625 0.1145900953125 0.67800486875 0.117798421875 0.6689617734375 0.12279587343750001 0.6688504109375 0.116903859375 0.66449590625 0.1175449734375 0.6486033078125
0 0.1623468359375 0.6896860421875 0.15749660625 0.7072389046875001 0.16387876875000001 0.7116536921875001 0.1665624578125 0.72505129375 0.1712924671875 0.7343447125 0.172207528125 0.7460728484375 0.1761184578125 0.7429239609375 0.18194898125 0.725491659375 0.1882286625 0.693595096875 0.1901380078125 0.6756805484374999 0.18677221093750002 0.6636510078125 0.18167877968749999 0.6644765406250001 0.1796119640625 0.661318453125 0.1704156421875 0.6667212140625 0.1623468359375 0.6896860421875
0 0.23662277187499997 0.722778053125 0.2301101390625 0.741578415625 0.23366789531249998 0.752179615625 0.23548776562499998 0.7720047546875 0.247189809375 0.7516646875 0.250195928125 0.740418796875 0.2591797921875 0.7291821078125 0.2586589 0.7182284234375 0.2637318359375 0.7101406203125 0.25867289375 0.6884651749999999 0.25425131875 0.6842915140625 0.2461312734375 0.689100665625 0.23590991875 0.7132527093750001 0.23662277187499997 0.722778053125
0 0.27334380625 0.6089602984375 0.2746670265625 0.5916996375 0.2836956296875 0.5615931046875 0.2909211140625 0.5523180859375 0.2839015828125 0.530401515625 0.2748972203125 0.5343759343750001 0.2679904203125 0.5524018484375001 0.266944890625 0.5638888609375 0.260740696875 0.58780898125 0.264743859375 0.6173403046875 0.27334380625 0.6089602984375
0 0.185114540625 0.5276898421875 0.18355836718750002 0.5318543046875 0.189652590625 0.5384116031249999 0.18344839375 0.5623317250000001 0.1862485609375 0.5822774234375 0.19162993125 0.5793093781249999 0.2001134015625 0.564381275 0.20433276718750001 0.56635214375 0.2065812953125 0.5644507546875001 0.20468594062499998 0.5526020546875 0.209889346875 0.5212991062500001 0.207311884375 0.5108184671875 0.2041687921875 0.5082539875000001 0.18766125625000002 0.527277075 0.185114540625 0.5276898421875
0 0.22931175 0.354535634375 0.2197110125 0.3555328109375 0.21464832500000003 0.367251746875 0.2140174609375 0.38677548125 0.208550359375 0.39408883125 0.2065142859375 0.401824146875 0.2101130359375 0.4269498859375 0.21430165625000003 0.41802735 0.21842504375 0.420712390625 0.2218765703125 0.4283966265625 0.22589372812500003 0.4281647015625 0.22946547499999997 0.40900265312500006 0.235422725 0.40174958437499997 0.2365847328125 0.39681066875000004 0.2321426609375 0.3853747375 0.23305121875 0.3600773578125 0.22931175 0.354535634375
0 0.2262581359375 0.31423146874999996 0.23332240468749998 0.31727819375 0.236424503125 0.3053181328125 0.24071935 0.2993125625 0.24349251718749998 0.2749704765625 0.23784744687499998 0.2539489203125 0.2347043546875 0.2513844421875 0.22951494375 0.2529241453125 0.2190056515625 0.279218703125 0.2164039484375 0.294870178125 0.2250448859375 0.301014709375 0.2262581359375 0.31423146874999996
0 0.3017035640625 0.2755958015625 0.299986175 0.29208200781250004 0.29629795 0.304695959375 0.3044692390625 0.3180424796875 0.30744086875 0.32929756875 0.3108719 0.3297195359375 0.31438866249999997 0.32579619531250004 0.31979052812500003 0.33009041875 0.32026018125 0.3228884296875 0.3162327734375 0.31948921874999997 0.3141557078125 0.312699996875 0.3214809171875 0.2693164234375 0.3084286515625 0.26262936406250004 0.3049118890625 0.2665527046875 0.3017035640625 0.2755958015625
0 0.29400744375 0.395887090625 0.29515545625 0.4207114234375 0.2992993390625 0.43065873281249994 0.2994363125 0.44446909999999995 0.3038476390625 0.44501162812499995 0.308248715625 0.441923021875 0.3113508140625 0.4299629625 0.31014781406249997 0.4203773375 0.3126432890625 0.4018088984375 0.3126675296875 0.3756767859375 0.30686124375 0.366976975 0.3018637921875 0.3670883375 0.2971747765625 0.37231945624999996 0.29400744375 0.395887090625
0 0.36095639375 0.29812849375 0.363852540625 0.317360025 0.36810265000000003 0.330224296875 0.37665785937499996 0.34071413281249996 0.3786082 0.337324121875 0.3808809703125 0.3092906203125 0.381426103125 0.29411219375000003 0.37905085 0.2858343484375 0.380788734375 0.27661040937500003 0.378221521875 0.26976090625000004 0.3732138203125 0.2662411328125 0.36764049062500004 0.2706375203125 0.364720103125 0.2775381046875 0.36095639375 0.29812849375