0 0.0337446 0.17965161875 0.0432611234375 0.19662137500000001 0.0476524109375 0.2137360203125 0.054126025 0.1961936796875 0.059461085937500005 0.19700726875000002 0.06194889375 0.20248228125 0.0648111984375 0.20083420468750002 0.0464669546875 0.14059511875 0.0429601203125 0.13635442343749998 0.03639620625 0.13581667343749998 0.030746843750000002 0.15417956875 0.03366935 0.1645848828125 0.0337446 0.17965161875
0 0.10470834062500001 0.140107409375 0.113940665625 0.18228034375 0.1238617890625 0.1981537015625 0.1286116484375 0.1639035125 0.1235908859375 0.14391344374999998 0.1171615453125 0.129267434375 0.10728557187500001 0.1224341171875 0.10470834062500001 0.140107409375
0 0.1743223953125 0.11643652499999999 0.16591519999999998 0.11631253906250001 0.16237914375 0.147273540625 0.16242429375 0.15631358125 0.16715998125 0.1602784390625 0.1756574765625 0.1784825125 0.1901637828125 0.16818725 0.1888446296875 0.150383003125 0.1743223953125 0.11643652499999999
0 0.23934131406249998 0.1470926078125 0.24614515468749998 0.154615525 0.25004153906250004 0.154746478125 0.25165994375 0.15036089375 0.235353753125 0.0876531734375 0.2291643375 0.0799923359375 0.2232148484375 0.07931666875 0.21975316562499997 0.0841160140625 0.21979831718749998 0.0931560578125 0.22045789375 0.1020581796875 0.229614965625 0.129164375 0.23934131406249998 0.1470926078125
0 0.30944612656250003 0.14342306875 0.3145864125 0.1462915296875 0.3155301890625 0.129990475 0.3195912484375 0.12203985937499999 0.31812247031249996 0.11533052968749999 0.3073168953125 0.0865832234375 0.3011274796875 0.078922384375 0.295177990625 0.07824671718750001 0.2936047375 0.0916723453125 0.30055908124999997 0.129328740625 0.3070185203125 0.150001446875 0.30944612656250003 0.14342306875
0 0.365672353125 0.0704674375 0.359932690625 0.07075024375 0.35731030937499997 0.0793834921875 0.361776846875 0.11156487500000001 0.3744106515625 0.13688507187500001 0.37375107500000004 0.1279829484375 0.3794305359375 0.1156467515625 0.3729108953125 0.082920653125 0.365672353125 0.0704674375
0 0.44243138281250005 0.0854157328125 0.4347581390625 0.068032215625 0.42512209062500006 0.0681840703125 0.4295284265625 0.0883120609375 0.4285846515625 0.1046131171875 0.43372493749999996 0.107481578125 0.44054382812500004 0.1180178421875 0.4496548734375 0.094855603125 0.44243138281250005 0.0854157328125
0 0.5152037265625 0.0821529890625 0.5170018546875 0.072699184375 0.506301628125 0.0650453140625 0.49987229062500005 0.0503993015625 0.495136603125 0.046434446875 0.490236240625 0.050551157812500004 0.4934287765625 0.0739683390625 0.497010859375 0.093275775 0.503604875 0.09984021562499999 0.5165379296875 0.1029705828125 0.5152037265625 0.0821529890625
0 0.557448646875 0.0425030046875 0.5689138 0.0801524328125 0.5845896390624999 0.09875633125 0.578894246875 0.066850790625 0.5687181484375 0.0409789125 0.562948384375 0.035235024999999996 0.5586473984375 0.0362004671875 0.557448646875 0.0425030046875
0 0.640765725 0.0741117046875 0.6428188296874999 0.07465641875 0.6403009234375 0.0631547078125 0.629285521875 0.033448926562499995 0.6237105328125 0.02565016875 0.6179859203125 0.028946325000000002 0.6155733640625 0.0385380484375 0.6183161453125 0.054011581249999996 0.6309499515625 0.0793317796875 0.6351314125 0.095487946875 0.640765725 0.0741117046875
0 0.3449650875 0.2350020796875 0.34799206875 0.22527243593750002 0.330832403125 0.1969458578125 0.32140618125 0.1980561890625 0.32083690468750004 0.20723415156249997 0.32777619687500004 0.24187720000000001 0.33630379375 0.2661079671875 0.3360789171875 0.26213614375 0.3440514109375 0.2573298296875 0.3449650875 0.2350020796875
0 0.3960782171875 0.185803575 0.39278120781250003 0.18252135625000002 0.38726642187500004 0.1867759875 0.384868915625 0.19938105781249998 0.39588431874999996 0.2290868390625 0.397593021875 0.24278134218749997 0.40372223749999997 0.238388790625 0.405909915625 0.22482524218750002 0.3960782171875 0.185803575
0 0.45866786406250004 0.236142996875 0.46794446093750003 0.24612758124999998 0.4691432125 0.23982504375000002 0.472829771875 0.238997521875 0.47593200312499995 0.2443346140625 0.4800231640625 0.242410696875 0.47411795 0.2095466796875 0.47059606406250004 0.202292634375 0.4721994171875 0.19489370156250002 0.4602101390625 0.1754622796875 0.45671835781250003 0.17423493125 0.45509995312499996 0.178620515625 0.45241825 0.216428765625 0.45866786406250004 0.236142996875
0 0.5386289343749999 0.17443553750000002 0.5320048171875 0.1618443984375 0.523357696875 0.1547352421875 0.5198809640625 0.156521240625 0.5193116890625 0.1656992046875 0.52563655625 0.200480171875 0.538015384375 0.2158018484375 0.545208775 0.219215025 0.546137503125 0.199900621875 0.5386289343749999 0.17443553750000002
0 0.5881424984375 0.1532654640625 0.5967152453125 0.1865362734375 0.605782015625 0.195562384375 0.6098731749999999 0.193638465625 0.60726496875 0.16405666875 0.5942416109375 0.14284621718749999 0.5889215984375 0.1450459765625 0.5881424984375 0.1532654640625
0 0.669686153125 0.20184815937499997 0.6636906359375 0.15090405625 0.6529302078125 0.1311967921875 0.649033825 0.1310658390625 0.64641144375 0.13969908749999999 0.6535455125 0.1722872640625 0.669686153125 0.20184815937499997
0 0.69113950625 0.043666224999999996 0.6822524609375 0.029571895312500002 0.6760178953125 0.012871015625000001 0.669049378125 0.013429664062499999 0.6664269984375 0.0220629125 0.673366290625 0.0567059609375 0.683482190625 0.0705244484375 0.6882028265625 0.07147595625 0.69063043125 0.0648975796875 0.69113950625 0.043666224999999996
0 0.707551925 0.16869576875 0.7125877390625 0.1916991890625 0.714130890625 0.172246865625 0.7234225375000001 0.1852447984375 0.727737696875 0.1460643109375 0.71556869375 0.1317011078125 0.707700675 0.1163724625 0.6996980796875001 0.11515208125000001 0.698694103125 0.1193997453125 0.701616609375 0.1298050578125 0.7008826578125 0.1470645890625 0.7021717140625 0.158842140625 0.707551925 0.16869576875
0 0.4967009421875 0.3185942171875 0.4927142578125 0.30038317812500004 0.482643509375 0.295604734375 0.4794067015625 0.304375903125 0.4792871765625 0.3214975140625 0.484098115625 0.3405291078125 0.49175630937500003 0.3548992765625 0.49461861406249996 0.3532512015625 0.5031302828124999 0.333240228125 0.4967009421875 0.3185942171875
0 0.5512644921875001 0.28221251875000003 0.5561356296875 0.313297503125 0.5660868546875 0.3351975578125 0.5692484109375 0.3113596515625 0.561065215625 0.2739790953125 0.552642971875 0.2708417625 0.5506049171875 0.2733103953125 0.5512644921875001 0.28221251875000003
0 0.6143706890625 0.2730749359375 0.6210851046875 0.303746159375 0.6349327125 0.3257771671875 0.6345874359375 0.29769856250000004 0.6311850765625 0.2733229078125 0.6187911984375 0.25498788125 0.615734115625 0.25869083125 0.6143706890625 0.2730749359375
0 0.692643646875 0.3037726046875 0.6987879109375 0.30239340000000003 0.7010658921874999 0.30690993906249997 0.6922532171875 0.26665395625 0.6787801109375 0.23749985625 0.672650896875 0.2418924078125 0.6723516484375 0.2640822390625 0.67575400625 0.28845789375 0.6835768765625 0.29474649531249997 0.6922540953125 0.30788234999999997 0.692643646875 0.3037726046875
0 0.7330444125 0.2233079875 0.7287584781249999 0.2272867796875 0.7286088515625 0.23838169374999998 0.7394595796875 0.2761690421875 0.752273109375 0.29642101875 0.7580278234375 0.299151559375 0.7537861609375 0.270942 0.745438290625 0.24164301250000003 0.7330444125 0.2233079875
0 0.741371971875 0.002223275 0.7378952390625 0.0040092718749999996 0.7369665109375 0.023323675 0.7397694953125 0.050850598437500005 0.7556100078125 0.06137293125 0.7594311421875 0.0464371453125 0.7514878703125001 0.0160417625 0.74528340625 0.0053675734375 0.741371971875 0.002223275
0 0.206652571875 0.5586715421874999 0.2118229578125 0.5675666984375 0.219436003125 0.5728968234375 0.22420178750000003 0.5828883765625 0.229251775 0.5676767500000001 0.2248303875 0.5445354124999999 0.22739256718749998 0.523848771875 0.2169021671875 0.517153375 0.21255603281250002 0.509078775 0.2053776921875 0.5086789484375001 0.20118205625000002 0.5307378265625 0.2057380171875 0.5397709015625 0.206652571875 0.5586715421874999
0 0.2893886484375 0.5612168421875 0.289672846875 0.5360136640625 0.2947529328125 0.5268287328125 0.2876941171875 0.5093072953125 0.277368390625 0.49453033125 0.2732471328125 0.49042755624999995 0.2685415453125 0.4924893953125 0.2657695390625 0.512217559375 0.2703706515625 0.530290678125 0.2765901671875 0.5439782125 0.2893886484375 0.5612168421875
0 0.3292355421875 0.4692963828125 0.33010494375 0.4791569796875 0.3241855546875 0.48450800781250003 0.32462025625 0.48943830781250003 0.3279172640625 0.492720528125 0.331049596875 0.5040843171875 0.33846786562500003 0.5114693156250001 0.34473253125 0.53419689375 0.3535894765625 0.5422645265625 0.35432342656250004 0.52500499375 0.3631502734375 0.5270459328125 0.35270414687499996 0.48816218593749994 0.3388715890625 0.469144528125 0.33373130156249997 0.4662760671875 0.3292355421875 0.4692963828125
0 0.41348685781250005 0.4891151765625 0.40800129375000005 0.45816811093750004 0.39930902343749997 0.4420189109375 0.3919509546875 0.44668730468750006 0.3926857828125 0.470656165625 0.39710716874999996 0.493797503125 0.40810752031249997 0.5204899375 0.410984878125 0.5218552078124999 0.41045987500000003 0.498844821875 0.41348685781250005 0.4891151765625
0 0.46995548906250006 0.44225008906249996 0.46662838124999995 0.43294117187500003 0.452151296875 0.40803473749999997 0.44599198281249997 0.4064005953125 0.4421407484375 0.4153096828125 0.449080040625 0.44995273124999996 0.457097684375 0.45418646249999994 0.46950661406250005 0.47553483593749996 0.4719643203125 0.474983153125 0.46995548906250006 0.44225008906249996
0 0.5290140734375 0.46619948593749994 0.5334797328125 0.457152475 0.5396540984375 0.46179996562500003 0.541527478125 0.46741289999999996 0.54253145625 0.4631652359375 0.5240526359375 0.41703441249999995 0.52235898125 0.406353259375 0.5161846171875 0.40170576718750006 0.5088415984375 0.40938750781250005 0.5141022890625 0.4363627515625 0.52137093125 0.4548426640625 0.5290140734375 0.46619948593749994
0 0.5979936312499999 0.4014424390625 0.5845506234375 0.378315034375 0.5804594640625 0.380238953125 0.5784515109374999 0.38873428125 0.582528496875 0.4250254078125 0.5871597093750001 0.449125221875 0.59188034375 0.4500767296875 0.603509296875 0.4384161984375 0.6017554406250001 0.41568165312499994 0.5979936312499999 0.4014424390625
0 0.6599612765625 0.4106607828125 0.6644419859374999 0.40462712031250003 0.654056059375 0.377796765625 0.65236240625 0.3671156125 0.6480313203125 0.36205435937499997 0.6394444 0.3669985921875 0.6420676578125 0.3995937359375 0.6439711390625 0.4112333671875 0.6524535828125 0.42642409062500003 0.6600214765625 0.42271417343750006 0.6599612765625 0.4106607828125
0 0.7034049484375 0.364708259375 0.7058033296875 0.3933315796875 0.715529678125 0.41125981093749997 0.7208647421875 0.41207339843749996 0.7299607359375 0.38589780937499996 0.710508040625 0.3500413484375 0.7045736 0.35237902656250003 0.7034049484375 0.364708259375
0 0.7870731703125 0.40827290937500005 0.7901754015625 0.4136100015625 0.7923630828125 0.40004645468750005 0.786457865625 0.3671824375 0.7692681 0.33282916406249996 0.7625094109375 0.3343462890625 0.76093615625 0.3477719171875 0.7683252 0.3903586109375 0.77538401875 0.40788005 0.7780364984375 0.40527349375000005 0.7870731703125 0.40827290937500005
0 0.5723718296875 0.6083088375 0.5734501828125 0.5778995203124999 0.5659416125 0.5524344359375 0.5669455906249999 0.5481867703125001 0.5607712265625 0.5435392796875 0.556005440625 0.5335477265625 0.550865153125 0.5306792687499999 0.5486473734375 0.5382161203125 0.549142275 0.555199809375 0.560862403125 0.602847759375 0.568070846875 0.6092742796875 0.5723718296875 0.6083088375
0 0.6231877453125 0.519472878125 0.6156048015625 0.520169446875 0.6077527093749999 0.5490825421875 0.6102405156249999 0.5545575546875 0.6194870124999999 0.5585154453125 0.6348034 0.5872557859375 0.638609484375 0.5693066515625 0.6375152046875 0.555474228125 0.6231877453125 0.519472878125
0 0.685111115625 0.5608795703125 0.6923496578125 0.5733327890625 0.690431128125 0.5586798125 0.6958706625 0.5393584421875001 0.6935023828125 0.516761815625 0.6839708109375 0.4967787125 0.6792501734374999 0.49582720468749997 0.6751740640625 0.500764471875 0.675339615625 0.533911296875 0.679761003125 0.557052634375 0.6822488078125 0.56252765 0.685111115625 0.5608795703125
0 0.7307123671875 0.4953368046875 0.7411434421875 0.5312072015625 0.754361575 0.5503627843750001 0.7492806125 0.5183193203124999 0.74136744375 0.493950634375 0.7372461828125 0.48984785625000005 0.732330771875 0.4909512203125 0.7307123671875 0.4953368046875
0 0.8000974031249999 0.4707117546875 0.791675159375 0.46757441875000005 0.7896672031249999 0.47606975 0.796636596875 0.5167394921875 0.825230440625 0.535460409375 0.8214535796875 0.518207846875 0.8123266062500001 0.497128346875 0.802825134375 0.48317193906250006 0.8000974031249999 0.4707117546875
0 0.5939688109375 0.7040184953125 0.588229146875 0.7043013015625 0.5851871156249999 0.7110175984375 0.588664725 0.75045999375 0.6062440437500001 0.7807035234375 0.6123130546875 0.7642575796875 0.6115782265624999 0.74028871875 0.6063777390625 0.7253668671875 0.5939688109375 0.7040184953125
0 0.6807985875 0.723745234375 0.67849050625 0.7132020015625 0.6702178859375 0.698969753125 0.6666508515625 0.6826756640625 0.6631440203125 0.6784349671875 0.655156475 0.6802279343750001 0.6539727734375 0.6895438171875 0.6609421656250001 0.7302135609375 0.6697991125 0.7382811921875 0.6809942390625 0.7629187546875 0.6807985875 0.723745234375
0 0.7380907453125001 0.7410521140624999 0.7448193375 0.73350829375 0.7499746734375 0.7393901015625 0.742016353125 0.7059813687500001 0.73208018125 0.6870946640625 0.7295622734375 0.675592953125 0.7237925093750001 0.669849065625 0.7194915265625 0.670814509375 0.71667436875 0.6815026296875 0.722609684375 0.7203933421875 0.733370109375 0.7401006031249999 0.7380907453125001 0.7410521140624999
0 0.8108480390624999 0.7347760234375 0.8128258921875 0.7202539984375 0.8051075000000001 0.6938304375000001 0.8040132203124999 0.6799980171875 0.7879478343749999 0.6655038609374999 0.783871725 0.670441128125 0.7831076718750001 0.6816739640625 0.7836627765624999 0.71071104375 0.7929092718749999 0.7146689328125 0.7989189624999999 0.7273979921875 0.8108480390624999 0.7347760234375
0 0.8418376328124999 0.6584350828125001 0.8502156031249999 0.693760765625 0.8682446718750001 0.7319479421875 0.868918421875 0.7026350203125 0.8649317375000001 0.6844239796875 0.852507759375 0.6600622609375 0.8477720718749999 0.656097403125 0.8418376328124999 0.6584350828125001
0 0.322661721875 0.9459224125000001 0.31734171093749997 0.9481221703125 0.31491410625 0.9547005484375 0.31522928281249996 0.976752459375 0.32004818125 0.9963435984375 0.33986475625 0.9961130125000001 0.33970186406249997 0.9913706 0.33571517968750003 0.9731595593750001 0.32657315625 0.9490667109375 0.322661721875 0.9459224125000001
0 0.4029643703125 0.98722580625 0.4111918390625 0.9924180109374999 0.4154476734375 0.982412525 0.417410478125 0.964877153125 0.4106810109375 0.93119258125 0.40652964999999996 0.9210631093750001 0.402618215625 0.9179188093749999 0.3975080296875 0.9210770437500001 0.39287769375 0.9382056203125 0.39621985312499997 0.9505278859375 0.39735928125000003 0.9734003515625 0.4029643703125 0.98722580625
0 0.48011040781250003 0.9789589984375 0.48475579375000005 0.96484376875 0.48685317031249997 0.9332001328124999 0.4773366484375 0.9162303765625 0.47604759375 0.904452828125 0.465961796875 0.8966610359375 0.457374878125 0.90160526875 0.4648834453125 0.927070353125 0.46830085468749993 0.9544593562499999 0.4735013421875 0.9693812062499999 0.48011040781250003 0.9789589984375
0 0.5281100421875 0.94203955 0.5433963296875 0.96475319375 0.53921486875 0.9485970265624999 0.541372446875 0.9290067828125 0.5344933562499999 0.9064171249999999 0.5274495890625001 0.8919090359374999 0.5229237296875 0.8889026546875 0.5182181421875 0.89096449375 0.5162402875 0.9054865187500001 0.5201968734375 0.9176708640625 0.5196877984375 0.938902215625 0.5281100421875 0.94203955
0 0.5313318 0.9302550343749999 0.535228184375 0.9303859875 0.5374610140625 0.92586248125 0.5312414984375 0.9121749484375 0.5263411375 0.9162916578125 0.5267908875 0.9242353046874999 0.5313318 0.9302550343749999
0 0.5748949984375 0.8671808999999999 0.5695900359375 0.8723940062500001 0.5684665328125 0.8937632828125001 0.5751659 0.9214211593750001 0.592070590625 0.9397492171874999 0.595007271875 0.9119394843749999 0.5846363953125 0.8881224796874999 0.5816988390625 0.8747038187499999 0.5748949984375 0.8671808999999999
0 0.6313620281250001 0.84243883125 0.6258321890625 0.8436801140625001 0.6242137859375 0.8480657 0.6344952375 0.8950310125 0.6496017984375 0.922812875 0.65282355625 0.9110283578124999 0.644595209375 0.864607759375 0.6373416171875 0.8491411953125001 0.6313620281250001 0.84243883125
0 0.7012269156250001 0.8317841234375001 0.6956970765625 0.8330254078125 0.6953827765625 0.8522018890625 0.6995341374999999 0.8623313609375 0.7000290390624999 0.8793150515624999 0.711808490625 0.8977879984375001 0.720305109375 0.874763678125 0.7192258828125 0.8639446046874999 0.7012269156250001 0.8317841234375001
0 0.7804888 0.8552207812500001 0.7756929125 0.8392025343749999 0.7626394546874999 0.8119653859374999 0.755685990625 0.8155373828125001 0.7564509171875 0.8455329390624999 0.7581445718750001 0.8562140921875001 0.7744950359375 0.8867334625 0.7750643125 0.8775554984375 0.780803975 0.8772726890625 0.7804888 0.8552207812500001
0 0.84842098125 0.8681281390625 0.8464272015625 0.8384084250000001 0.8325494921875001 0.8103507203125 0.8255809765625 0.81090936875 0.8226141953124999 0.8326924046874999 0.8233189218750001 0.8506345703125 0.8303024890625 0.8530892703124999 0.8416773421875 0.8726586125000001 0.846397978125 0.8736101203125 0.84842098125 0.8681281390625
0 0.8870085671875 0.794103978125 0.8823029828125 0.79616581875 0.88134415625 0.8094535265625 0.88912275 0.8479304781250001 0.8959416421874999 0.85846674375 0.9043488359375 0.8585907296874999 0.9075103921875 0.834752821875 0.89773889375 0.807784546875 0.8870085671875 0.794103978125
0 0.227550171875 0.9883892031249999 0.2273661125 0.9974220515625 0.25083525 0.9971489640625 0.25074874999999996 0.9942431421875 0.2375306203125 0.9750875609375 0.23138635624999998 0.9764667656249999 0.227550171875 0.9883892031249999
0 0.1287728484375 0.8979373296875 0.1270490953125 0.8812294796875 0.120170003125 0.858639821875 0.1154192671875 0.8516616203125 0.109679603125 0.8519444281249999 0.107446771875 0.8564679328125001 0.10822675 0.8894768375 0.11575037031249999 0.9179552687499999 0.12294376250000001 0.9213684437499999 0.12621066875 0.9186239687500001 0.1287728484375 0.8979373296875
0 0.09292445 0.7179416390625 0.090001940625 0.707536325 0.0829732234375 0.6960415828125 0.0749856828125 0.6978345484374999 0.0723783515625 0.7094811453125 0.07449165625000001 0.72207925 0.073323003125 0.7344084828125 0.0750166578125 0.7450896375 0.082480078125 0.7615146765625 0.0957876328125 0.757521953125 0.09292445 0.7179416390625
0 0.0555580640625 0.62979404375 0.0631560578125 0.6321108234375 0.06820604531249999 0.616899196875 0.0692843953125 0.5864898796875 0.0651631359375 0.5823871015625001 0.061191499999999996 0.567189409375 0.056665640625 0.564183028125 0.05215483125 0.5641899984375 0.046055715625 0.5746092453125 0.0493978734375 0.586931509375 0.04644614375 0.611727890625 0.0555580640625 0.62979404375
0 0.039314465625 0.49366527656250003 0.04168186875 0.47503350781250003 0.0409169421875 0.44503795156250003 0.035132128125 0.43628071718749994 0.0322096203125 0.42587540312499994 0.0229631234375 0.42191751406250005 0.0184974640625 0.4309645234375 0.0210003203125 0.4394528859375 0.016354935937500002 0.4535681171875 0.022829426562499998 0.47725416875000004 0.03068239375 0.4895694671875 0.039314465625 0.49366527656250003
0 0.1326337828125 0.54009141875 0.128347846875 0.5440702078124999 0.129952078125 0.57789966875 0.134358415625 0.5980276609375 0.1441892390625 0.5958209328125 0.1517119796875 0.583070971875 0.14291435624999999 0.5458283390625 0.140231775 0.5424081968750001 0.1326337828125 0.54009141875
0 0.0979240234375 0.44631961562500005 0.1012661828125 0.4586418796875 0.104937690625 0.45480100781250005 0.11240110781249998 0.4712260515625 0.1203435015625 0.46039304062499997 0.12251613125000001 0.44381614375 0.11957857499999999 0.4303974859375 0.110856203125 0.4082215890625 0.10241890625000001 0.40207090624999997 0.0934424375 0.41112488437500005 0.09389218906249999 0.41906853125000004 0.097818671875 0.42522618124999995 0.0979240234375 0.44631961562500005
0 0.18134500781250001 0.7463614734374999 0.1821834328125 0.708966984375 0.17665272031249998 0.668979875 0.167181346875 0.6610501640625001 0.1594036296875 0.6638016046875 0.16156208593750002 0.685439753125 0.15961433125 0.705988471875 0.1615178109375 0.7176281015625 0.1728776140625 0.734184096875 0.17642959687499998 0.7474648375 0.18134500781250001 0.7463614734374999
0 0.1994043296875 0.8951551468750001 0.21187258125000002 0.8873285187500001 0.2181213203125 0.8658143562499999 0.2074503203125 0.8229587875 0.20292445625000002 0.8199524078125 0.1937080625 0.8220212140625 0.19331851093750002 0.8261309578124999 0.18982760468749998 0.866132 0.1915062078125 0.8737998062500001 0.20058803125 0.8858392625 0.1994043296875 0.8951551468750001
0 0.30091838437499996 0.817061621875 0.2933053421875 0.811731496875 0.29448904374999996 0.8024156124999999 0.2845679203125 0.786542253125 0.2745874734375 0.79984389375 0.280927390625 0.8376382109374999 0.2884209078125 0.8600899468750001 0.3040666453125 0.8726671515625 0.2976072046875 0.8519944453124999 0.30091838437499996 0.817061621875
0 0.3652693609375 0.8518899359375001 0.3768832609375 0.837216059375 0.37214669843750003 0.7920228093749999 0.36654161093750004 0.77819735625 0.3570551875 0.7672542953125 0.351945003125 0.7704125296875 0.3485435203125 0.7872652671875 0.35329425468750003 0.794243471875 0.3536094328125 0.81629538125 0.3608630265625 0.8317619468749999 0.3652693609375 0.8518899359375001
0 0.4389060890625 0.8202770578124999 0.43369055 0.802341859375 0.4321766203125 0.7865924859375 0.43701678125 0.7704223828125001 0.4169948078125 0.7437438843749999 0.4112701953125 0.7470400390624999 0.40909756562500005 0.763616934375 0.4094127421875 0.7856688468749999 0.4180448125 0.7897646546875 0.432521896875 0.8146710890625 0.4389060890625 0.8202770578124999
0 0.4899678234375 0.817865396875 0.48911259375 0.769789753125 0.479535871875 0.7407666078124999 0.46780156718750004 0.7313337046874999 0.45864537343749995 0.7454559 0.45702697031249995 0.7498414859375 0.4899678234375 0.817865396875
0 0.5470129390625 0.7311667859375001 0.540868675 0.732545990625 0.52748586875 0.7214719765625001 0.5236045359375 0.7243543703124999 0.52222605625 0.735725128125 0.5285509234375 0.7705060953125 0.5471342171875 0.796501959375 0.5465640640625 0.7644515328125 0.550579971875 0.747460875 0.5470129390625 0.7311667859375001
0 0.17994286406249999 0.44701476093750003 0.188620084375 0.4601506140625 0.19167716562499998 0.45644766406250004 0.19098748906250002 0.4415188453125 0.19788075624999998 0.425893459375 0.192215465625 0.4000146125 0.18476709687499998 0.3866029203125 0.1757153765625 0.3805901578125 0.1722386421875 0.3823761578125 0.1739322984375 0.393057309375 0.17192434375 0.40155263906250005 0.173663146875 0.4212738359375 0.17994286406249999 0.44701476093750003
0 0.256805490625 0.40059970624999997 0.2461645890625 0.363770834375 0.2412040265625 0.3558341546875 0.23422046093749999 0.3533794546875 0.229200575 0.3746177765625 0.23425143906249998 0.40063454375 0.25223535625000004 0.429781675 0.25240003125 0.42170010781249995 0.2574951671875 0.41552852500000004 0.256805490625 0.40059970624999997
0 0.31270236875 0.343807209375 0.3005785140625 0.33848405000000004 0.2920066453125 0.34644163125 0.30369667499999997 0.3880628828125 0.3123889421875 0.40421208281250004 0.31773905625 0.40803901875 0.322339290625 0.38488374687500004 0.31321231875 0.36380424843750003 0.31270236875 0.343807209375
0 0.3685266234375 0.39563315 0.381114403125 0.3706849109375 0.3812790765625 0.3626033421875 0.371282703125 0.3316632453125 0.36509328750000003 0.32400240468749997 0.3581247703125 0.32456105625 0.354708240625 0.3384004453125 0.358035346875 0.3477093609375 0.35641694375 0.3520949453125 0.36068870625 0.3863312 0.3685266234375 0.39563315
0 0.41955236406249996 0.307755665625 0.41505660312500003 0.31077598125 0.4153567296875 0.3298145421875 0.4208121921875 0.3547349125 0.43854113593750005 0.373883525 0.4397248375 0.36456764062499997 0.43675717968749994 0.3451222859375 0.4292636609375 0.3226705484375 0.41955236406249996 0.307755665625
0 0.2570486296875 0.71678246875 0.259550609375 0.6840424390625001 0.26338679374999996 0.6721199999999999 0.254065046875 0.6530953734375 0.251921640625 0.634470571875 0.2396180625 0.6342156328125 0.2372055078125 0.6438073578125 0.24035288906250002 0.6581844953125 0.23795538437500002 0.6707895671874999 0.23963398749999998 0.6784573734375 0.2570486296875 0.71678246875
0 0.30652156875 0.643850490625 0.31444978749999997 0.6712325265625 0.3238910609375 0.6731355453125001 0.330740053125 0.68969850625 0.33641951406250004 0.6773623078125001 0.335070259375 0.6535313671874999 0.3315182765625 0.640250625 0.332267278125 0.6260044421875001 0.31843472031250003 0.60698678125 0.3126950578125 0.607269590625 0.30617629062499996 0.6157718859375 0.3105374765625 0.626859834375 0.30652156875 0.643850490625
0 0.3819447921875 0.6601042125000001 0.38386244375 0.6335287968750001 0.37968098281249996 0.6173726281249999 0.3779120796875 0.5916247359375 0.3715278890625 0.5860187703124999 0.36352529375 0.5847983875 0.361008265625 0.6145250703125 0.3635863734375 0.6380801703125 0.3687567609375 0.6469753265625 0.37251856875 0.6612145421875 0.3819447921875 0.6601042125000001
0 0.43946173593750004 0.576803096875 0.43162381875 0.5675011484375 0.4242507015625 0.56915619375 0.420009915625 0.5821750265625 0.4304409921875 0.6180454234375 0.43872866093749996 0.6352910203125 0.44553250312500003 0.642813940625 0.448199159375 0.6019923421875 0.43946173593750004 0.576803096875
0 0.51382071875 0.5852511046875 0.51338601875 0.58032080625 0.4896624375 0.55145648125 0.48681518125 0.55611790625 0.48729503125000007 0.5700882484375 0.4939943984375 0.597746125 0.50268666875 0.6138953265625 0.5071974781249999 0.613888359375 0.5056685 0.5951256390624999 0.51382071875 0.5852511046875
0 0.008034534375000001 0.306610646875 0.0017595578125000001 0.3024423875 0.0021164468749999997 0.363786375 0.0125763203125 0.3538587671875 0.01396985 0.3455013609375 0.01157146875 0.3168780390625 0.008034534375000001 0.306610646875
0 0.077690471875 0.3362258546875 0.0931113328125 0.3448312359375 0.0955539890625 0.3412662046875 0.08891482187500001 0.32566172031249996 0.0821552546875 0.2859504515625 0.07533636406250001 0.2754141859375 0.0695967 0.27569699375 0.067573696875 0.281178975 0.06721424687500001 0.291315415625 0.062943359375 0.298307553125 0.064247465625 0.31309845 0.07073700625 0.339797853125 0.077690471875 0.3362258546875
0 0.150612440625 0.321868196875 0.15639725468750001 0.330625434375 0.1598589375 0.3258260875 0.1633507203125 0.327053434375 0.161971365625 0.2971957984375 0.1511055890625 0.25639510312499997 0.1471941546875 0.2532508015625 0.138187584375 0.25627808281250003 0.1383230359375 0.28339821249999997 0.1457120796875 0.3259849078125 0.1473605828125 0.32762601875 0.150612440625 0.321868196875
0 0.21685009375000003 0.282866009375 0.2156655125 0.250953503125 0.210060425 0.23712804531249998 0.20593916562499998 0.23302527031250003 0.1997949015625 0.2344044734375 0.20027475312499998 0.24837481718749999 0.19682812031250002 0.256187509375 0.1997205265625 0.260566128125 0.20940260156249998 0.31068270937500003 0.21685009375000003 0.282866009375
0 0.2614022171875 0.212530865625 0.25587238125 0.2137721484375 0.252021146875 0.2226812390625 0.257611184375 0.23349334531250002 0.2577165359375 0.2545867796875 0.2746814265625 0.284968228125 0.2802705875 0.2545519421875 0.2760891265625 0.238395775 0.2614022171875 0.212530865625
0 0.7945191984375 0 0.7944676187499999 0.00036063750000000003 0.8042692171875 0.0333556078125 0.8240663171874999 0.056062282812499996 0.8233314875 0.032093421875 0.8183408265625 0.018130046875 0.8098884828124999 0.0089660171875 0.8058143890625 0 0.7945191984375 0
0 0.8569860140625 0 0.857004540625 0.000401015625 0.86386858125 0.0199773265625 0.8751982843749999 0.030506625 0.8770716625 0.036119559375 0.8774564359375001 0 0.8569860140625 0
0 0.9185551625 0.1313875859375 0.912590625 0.1276985703125 0.9061763328125 0.1160659078125 0.89511578125 0.07732008124999999 0.890589921875 0.0743137015625 0.886094159375 0.0773340171875 0.8845660578125001 0.0997996875 0.8871140640625 0.11732809375 0.898054215625 0.1319671359375 0.9175511859375 0.13563525 0.9185551625 0.1313875859375
0 0.913311278125 0.18988247656249999 0.9173581640625 0.22014690625000002 0.942864825 0.23654407812499997 0.9438537515625001 0.2292830671875 0.936555009375 0.20477645781249998 0.9192156171875 0.1815181 0.9143002062500001 0.1826214640625 0.913311278125 0.18988247656249999
0 0.9453685578125001 0.28626083125 0.9545858296875 0.32542041875 0.9714453703125001 0.33470843281249996 0.9684476109375 0.3092363828125 0.9603848171875 0.2959626078125 0.9591108140625 0.28719840625000004 0.9516925468749999 0.279813409375 0.9453685578125001 0.28626083125
0 1 0.45635147187499997 0.9909591437499999 0.42384667968749995 0.9862234578125 0.41988182343749997 0.981922471875 0.4208472671875 0.979300090625 0.429480515625 0.9815187484375001 0.46317205625 0.9949316546875 0.4802727640625 1 0.4822361625 1 0.45635147187499997
0 0.9411542203125001 0.8382621125 0.9465344328124999 0.8481157453125 0.9505954921875001 0.8401651296875 0.9662713281249999 0.8587690296874999 0.9668255562500001 0.8465777187500001 0.963033646875 0.82631180625 0.9563493296875001 0.8016672765624999 0.9457987296875 0.7829184921875 0.9392348140625 0.78238074375 0.9357731312500001 0.7871800906249999 0.9358333312499999 0.79923348125 0.9399997421874999 0.8123763 0.9392507406249999 0.8266224843750001 0.9411542203125001 0.8382621125
0 0.9259706546875 0.7129567265625 0.922853371875 0.7046062859375 0.920020290625 0.6710526671875 0.90653213125 0.63888521875 0.9007774187500001 0.6361546812500001 0.896281659375 0.6391749953125 0.8971962109374999 0.6580756359375 0.8991297921875001 0.6757419625 0.9072226859375 0.6950424296875 0.9224939234375 0.714742725 0.9259706546875 0.7129567265625
0 0.8784155109375 0.510449465625 0.8789546874999999 0.4952448078125 0.8730946234375001 0.47142083437500004 0.8681792109375 0.4725241984375 0.8580482609375 0.4556923609375 0.8527433 0.46090546874999994 0.8525936749999999 0.4720003859375 0.85993756875 0.5055470359375 0.8768422578124999 0.52387509375 0.885264503125 0.5270124296875001 0.8784155109375 0.510449465625
0 0.8163113859375001 0.3283028 0.8267725640625001 0.37019989375 0.8440969031250001 0.3904449015625 0.8469592109375 0.38879682656250003 0.8408441703125 0.35497433125 0.8320916984375 0.3267717421875 0.820552171875 0.31528396718749996 0.8163113859375001 0.3283028
0 0.7932883015625001 0.2158184828125 0.788582715625 0.217880321875 0.7878186640625 0.22911315625 0.7901417953125 0.24266973749999998 0.7978150375 0.26005325468749996 0.8095643921875 0.2724995046875 0.8115121453125 0.2519507859375 0.8042284531250001 0.23045752656250001 0.7932883015625001 0.2158184828125
0 0.78071381875 0.1613232828125 0.7822569734375 0.141870959375 0.7737143265624999 0.1146268453125 0.7638233015625 0.10478018124999999 0.7597622453125 0.1127307953125 0.7632097546875001 0.14614649375 0.78071381875 0.1613232828125
0 0.852316634375 0.12916137968750002 0.837629725 0.10329646875000001 0.8359360703125001 0.092615315625 0.8266895734374999 0.088657425 0.823318190625 0.1115368578125 0.8256262718749999 0.122080090625 0.8357421703125001 0.135898578125 0.847056821875 0.1434145296875 0.8507433828125001 0.1425870078125 0.852316634375 0.12916137968750002
0 0.8736595140625001 0.256100909375 0.8771813984374999 0.2633549546875 0.880133128125 0.2385585703125 0.8730893609375 0.22405047968749997 0.87118588125 0.21241085312500002 0.8750521640625 0.206515109375 0.8635276875000001 0.1980406828125 0.8536968671875 0.20024740937500002 0.850654834375 0.20696370625 0.8565148984375 0.2307876796875 0.8563803234374999 0.24489594218750002 0.8736595140625001 0.256100909375
0 0.90622586875 0.3312479109375 0.8929776359374999 0.30606563593749997 0.8876275234375001 0.3022386984375 0.8820976843749999 0.3034799828125 0.8799100078125001 0.31704353125 0.8866244234374999 0.3477147546875 0.9004118312499999 0.35769237187499997 0.9037238890625 0.36398794218749997 0.9074104484375001 0.3631604203125 0.90622586875 0.3312479109375
0 0.94056288125 0.5145995906249999 0.9369356468750001 0.4862521125 0.927343871875 0.4542156171875 0.9191013531250001 0.4460100640625 0.91504029375 0.45396067812499996 0.9230136640625 0.4903827578125 0.94056288125 0.5145995906249999
0 0.9745687890625 0.6316576203125 0.964902640625 0.6257827796875 0.9579491750000001 0.629354778125 0.9710929343749999 0.6746720109375001 0.9818082078125 0.6853392296874999 0.9887917749999999 0.6877939296875 0.990005578125 0.6845047421875 0.9853894171875 0.6634182734375 0.9745687890625 0.6316576203125