0 0 0.632126896875 0.016854490625 0.6365645328125 0.0343775625 0.633570934375 0.0397585875 0.6305341828125 0.05360421562499999 0.629897378125 0.0527115 0.6275867093749999 0.04469325625 0.6263421 0.0252619765625 0.61676241875 0.0050198328125 0.6101733640625 0 0.61118520625 0 0.632126896875
0 0 0.558533659375 0.030758134375000003 0.5656740359375 0.063277471875 0.571807803125 0.06525133749999999 0.57013096875 0.0393826171875 0.5506747796875 0.034108179687500004 0.5421120640625 0.02994345 0.5406628734375001 0.015557248437499999 0.5432934296874999 0 0.5434504375 0 0.558533659375
0 0.0802770625 0.49790361718750004 0.0814933578125 0.493417678125 0.0898761078125 0.49051632500000003 0.0861168125 0.48757182343750005 0.06578045 0.48413185312499996 0.059019428124999995 0.48105195156249997 0.0145341140625 0.47702724218750003 0.00874765625 0.48155930625 0.0089646515625 0.48636216250000003 0.0157666 0.49209271093750007 0.0281256421875 0.49693871874999995 0.042323407812500005 0.5006063328125 0.0802770625 0.49790361718750004
0 0.066055465625 0.41868101874999997 0.0554285578125 0.4242560796875 0.0289945265625 0.42369440156250004 0.026521007812500004 0.43001563281250005 0.0301451609375 0.43345857656250003 0.042639346875 0.43780614531250006 0.06494957500000001 0.4395692828125 0.09076118125 0.43682341718749995 0.07107198125 0.4197902296875 0.066055465625 0.41868101874999997
0 0.0383974921875 0.366601703125 0.0356536859375 0.3739198125 0.0389666265625 0.37570898124999996 0.083263503125 0.3860318609375 0.1033419453125 0.382018325 0.10755996718750001 0.3776677828125 0.0935915625 0.37035264687499997 0.06380366562499999 0.3653511515625 0.0383974921875 0.366601703125
0 0.105173025 0.3248363515625 0.11597600156250001 0.3214135 0.1218443078125 0.3221827328125 0.1017906015625 0.30929550625 0.06576989062500001 0.307670740625 0.0580628578125 0.308079903125 0.054385414062500005 0.3104366953125 0.05375061875 0.3155795328125 0.06082285625 0.3203132046875 0.06915231250000001 0.32321158437499997 0.09446426875 0.3251101171875 0.105173025 0.3248363515625
0 0.13326206875 0.26606384843750003 0.12422833281250001 0.254556628125 0.07521378281249999 0.253228690625 0.0733217671875 0.26020681875 0.0837069421875 0.2667296609375 0.12195944218749999 0.27413109687500004 0.13326206875 0.26606384843750003
0 0.10679183750000001 0.1983975640625 0.12833212656249998 0.205801971875 0.162960471875 0.20976046875 0.167624853125 0.2065652609375 0.15956568124999998 0.20267000624999998 0.15210038125 0.190981265625 0.137104121875 0.1818538984375 0.13137095625 0.1805862296875 0.11783654375 0.182876809375 0.0896989296875 0.1829950875 0.08435883125 0.1886824859375 0.0848461140625 0.19248846718749998 0.09062020312499999 0.196406784375 0.10679183750000001 0.1983975640625
0 0.1819215625 0.1426298328125 0.1635714359375 0.12906265 0.1332962546875 0.12025517187500001 0.09915519218749999 0.1201026578125 0.1094994421875 0.12397485 0.11388116562499999 0.13022689999999998 0.11979039843749999 0.133646778125 0.1569617453125 0.1450357203125 0.160057690625 0.1420220296875 0.1758238921875 0.145508121875 0.1819215625 0.1426298328125
0 0.1897275375 0.0746176265625 0.175800059375 0.0699531375 0.1468639515625 0.0646116625 0.1367366953125 0.065542325 0.134627684375 0.067717596875 0.1344392484375 0.0740157671875 0.14222812812500002 0.0789079 0.1747474640625 0.0850416671875 0.18913366874999998 0.082411109375 0.19263504375 0.0779021078125 0.1897275375 0.0746176265625
0 0.21453219843750002 0.025156979687499997 0.213287346875 0.0185418921875 0.205228175 0.014646634375 0.1831473078125 0.009235976562500001 0.16800353437499999 0.009057428125 0.1463690265625 0.004802103125 0.14340822656250002 0.0073173546874999995 0.14312556875 0.0167646109375 0.1536458890625 0.022789014062499998 0.190776309375 0.0315273078125 0.22232108125 0.030049112500000003 0.21453219843750002 0.025156979687499997
0 0.062901703125 0.889773171875 0.0773288328125 0.8897932609374999 0.09485190624999999 0.8867996625 0.0621688703125 0.870063303125 0.03090675625 0.86209424375 0.020644356250000002 0.8635233437500001 0.013870965625 0.868893825 0.030165373437499997 0.8788365468749999 0.0392933296875 0.8871946812499999 0.05827825 0.895619028125 0.0575206796875 0.8928099218750001 0.062901703125 0.889773171875
0 0.1513564921875 0.8829155796875 0.1360775734375 0.8832354703125 0.12755967968749998 0.886635259375 0.12611401875 0.8947687234374999 0.13591769375 0.9006346687500001 0.17699585 0.9060192921875 0.188826684375 0.9044086734375 0.20069844374999998 0.9054487 0.17729087187499998 0.8881216593750001 0.1513564921875 0.8829155796875
0 0.2957705625 0.9386216171875 0.3101158421875 0.9333404109375 0.32584111718750003 0.9341758546875001 0.33422386875 0.9312745031249999 0.3070979265625 0.9136536046874999 0.2763763890625 0.90369079375 0.2706023 0.899772475 0.251469865625 0.9002969468750001 0.24640005625 0.9049874687499999 0.245359828125 0.9116256187499999 0.2671171125 0.9238328859375 0.270647046875 0.9304249125 0.27942286250000004 0.9344786265625 0.2957705625 0.9386216171875
0 0.4322853453125 0.9730331968750001 0.4688057078125 0.970013565625 0.47530881249999996 0.9656399609375 0.4885729375 0.9643462578124999 0.4848136421875 0.9614017546875001 0.45310516874999995 0.9522773593749999 0.41377151874999996 0.9488634218750001 0.4079441359375 0.9507448390625 0.4056057625 0.9565676328125001 0.406674546875 0.9610305109375 0.4127598484375 0.9666026000000001 0.42426710156249997 0.9717885875000001 0.4322853453125 0.9730331968750001
0 0.615635615625 1 0.616487975 0.9968563343750001 0.6044525125 0.9852137171875001 0.581925290625 0.9786477250000001 0.5609132078125 0.9776999421875001 0.5519489546874999 0.9799443984374999 0.550908728125 0.9865825484374999 0.5550201625 0.9938314703125 0.5680958515625 0.9988359390625 0.5727138187499999 1 0.615635615625 1
0 0.7261356390625 0.9286447750000001 0.7220527609375 0.9324968796875 0.705610840625 0.9315029765625 0.697809590625 0.9350612249999999 0.6974450812499999 0.9392071859375 0.702854665625 0.947271465625 0.7093863265625 0.9539988890625001 0.7142677 0.9556065374999999 0.723272878125 0.956012728125 0.7313320484375 0.9599079843749999 0.7466109671875001 0.959588096875 0.7660955390625 0.9633680421875 0.7857276234375 0.9581991734375 0.80216954375 0.9591930765625 0.7932176578125001 0.952987153125 0.7942988109375 0.94899965 0.7995446921875 0.9464613390625001 0.7963668984375001 0.9441737328125 0.7869562859375 0.9452628531249999 0.7339245203125 0.93353690625 0.7304355109375 0.929595528125 0.7261356390625 0.9286447750000001
0 0.7328728296875 0.8561696890625001 0.73303653125 0.8667722796874999 0.7384051890625 0.872185909375 0.7395148984375 0.8792994359374999 0.7575252531250001 0.8801118203125 0.7651913578125 0.8770520078124999 0.79201845625 0.884568753125 0.8079730921875001 0.8817566765624999 0.8189930640625 0.8831366828125 0.8177482109374999 0.87652159375 0.8221013765625 0.8716726124999999 0.8093369015625 0.8683219187500001 0.7907574140625 0.8584022578124999 0.77274705625 0.8575898765625001 0.7460960296875 0.8522253390625 0.7328728296875 0.8561696890625001
0 0.8393874453124999 0.8163229609375 0.8344242203125001 0.809414015625 0.83403115625 0.8024589484375 0.8146531703125 0.7870795359375 0.809771796875 0.7854718875 0.762812965625 0.787768409375 0.7612321609375 0.7964003109375 0.76906196875 0.8039430890625001 0.7771211375 0.8078383453125 0.816131209375 0.818048890625 0.8305174109375001 0.8154183312500001 0.8393874453124999 0.8163229609375
0 0.773309453125 0.718237828125 0.77236344375 0.7217268921875 0.77678609375 0.7306295890625 0.7917005046875001 0.734455659375 0.8395929765625001 0.737120453125 0.8424719265625 0.72930390625 0.817483553125 0.7206087640625001 0.7863975078125 0.714791915625 0.773309453125 0.718237828125
0 0.8233727765625 0.6764754484375 0.8385984015625001 0.681955290625 0.8471572203125 0.6812061484374999 0.860515565625 0.6767633609375 0.8665190171875 0.6770341546875 0.8803770125 0.6679469671875 0.889517334375 0.6678547218750001 0.864311965625 0.6543567234375 0.8564288640625 0.6526136765625 0.8032495875000001 0.6498365484375 0.7981797734375 0.6545270703125 0.7985319140625 0.6588314890625 0.8021560671874999 0.66227443125 0.8185446953125 0.6690680671875 0.8233727765625 0.6764754484375
0 0.8944158015625 0.5965580328125 0.8816104015624999 0.5905566890625 0.8357450921874999 0.5804153296875 0.8178165859375 0.5849042421874999 0.8278781796875 0.5982236921874999 0.8431038046875001 0.6037035359375 0.8521089828124999 0.604109728125 0.8753528515625 0.6108341796875 0.9038140453124999 0.603919290625 0.8944158015625 0.5965580328125
0 0.85956281875 0.5317931015624999 0.8665532046875001 0.5312254796875 0.8913245828124999 0.5351177640625 0.902709059375 0.53235180625 0.9054528656249999 0.5250337 0.892201109375 0.5178770234375001 0.87504254375 0.516724659375 0.8637113578125 0.5136908828125 0.8427402015625001 0.51539375 0.8395091125 0.5189058765625 0.8466222734375 0.526290196875 0.8509630734375 0.529891596875 0.85956281875 0.5317931015624999
0 0.9213180109374999 0.46091675 0.9156790671874999 0.45649999531249996 0.9037663796875 0.4528093203125 0.8631755078125 0.45123067656250004 0.8499523078125 0.45517502812500005 0.8482896546875001 0.45850563437499997 0.8510620171875001 0.46228855468749996 0.8648543515625 0.4674514796875 0.9043231468749999 0.47036697656250004 0.9174112015624999 0.4669210640625 0.9213180109374999 0.46091675
0 0.9295989 0.4051609046875 0.9165232124999999 0.4001564390625 0.8834223765625 0.3933657734375 0.8720378999999999 0.39613172812499997 0.8695234562499999 0.3998023125 0.87229581875 0.4035852328125 0.880936490625 0.4081373859375 0.91820205625 0.416377240625 0.9298568203125 0.412614409375 0.93165461875 0.4087853671875 0.9295989 0.4051609046875
0 0.9522374359375 0.335673475 0.9463282046874999 0.3322535953125 0.9298453578125001 0.32860904375 0.8885378375 0.32687194218750004 0.883697390625 0.32791494062500004 0.8796554359375 0.33441769374999997 0.886322240625 0.3406466796875 0.9084031078124999 0.3460573375 0.94142209375 0.34754670625 0.9527656453125 0.3421301046875 0.9522374359375 0.335673475
0 0.9586919734375 0.2726456453125 0.91089371875 0.26683176875000003 0.90309246875 0.2703900171875 0.9027279609375001 0.27453597812499997 0.906933615625 0.2786358140625 0.9171427218750001 0.2830064484375 0.9543673625 0.28859565468750004 0.9656166953125 0.2863281359375 0.9695644296875001 0.28297446875 0.9586919734375 0.2726456453125
0 0.9313166562499999 0.211119075 0.9289782828125001 0.21694186875 0.9441506140625 0.22822144375 0.954941221875 0.23324897187500002 0.96412246875 0.23580737499999999 0.979671675 0.2344906109375 0.986896415625 0.230797684375 0.9870807953125 0.2276320171875 0.9863632140625 0.223818834375 0.9729353875 0.21450994843750001 0.9365625375000001 0.20858076250000002 0.9313166562499999 0.211119075
0 0.9466574140624999 0.168547284375 0.9703885671875 0.1790777171875 0.9896312390625001 0.1838425734375 0.990872721875 0.162527134375 0.955228603125 0.1593477609375 0.9479679296875 0.16091225781250001 0.9453183421875 0.16508128125 0.9466574140624999 0.168547284375
0 0.9521659421875001 0.10900851874999999 0.9842798453125001 0.11663760000000001 0.9935002109375001 0.11741489218750001 0.9944108843749999 0.101779234375 0.967551446875 0.0970891625 0.9533003875 0.099221284375 0.9502453671875 0.1048856203125 0.9521659421875001 0.10900851874999999
0 0.794492675 0.387967003125 0.7957089703125 0.38348106249999997 0.778374334375 0.3801764921875 0.775778040625 0.3785457796875 0.7742219734375 0.370276921875 0.7696108875000001 0.36767239687500003 0.75127695 0.3736566203125 0.73107573125 0.3697182140625 0.721529978125 0.371305771875 0.720841890625 0.3822483421875 0.7467229765625001 0.393254153125 0.772698284375 0.401110878125 0.794492675 0.387967003125
0 0.816578265625 0.3289237046875 0.799878425 0.3204762953125 0.77183503125 0.317445490625 0.7597872015625 0.314253253125 0.7438325640625 0.31706533124999997 0.7437792703125 0.32286506406250004 0.751297865625 0.328754071875 0.7935390250000001 0.3354524890625 0.803625353125 0.33187118125000004 0.8111972406250001 0.3319604546875 0.816578265625 0.3289237046875
0 0.8070248687499999 0.2745076859375 0.8253464375 0.276973840625 0.8304571749999999 0.2749339671875 0.8342288390625001 0.2694280890625 0.8206249421875 0.2579669953125 0.819068878125 0.2496981328125 0.811537915625 0.25225950625000004 0.773543334375 0.2523115734375 0.7663645125 0.2591773671875 0.76814994375 0.2637987046875 0.7832813484375001 0.27242763281250004 0.790894159375 0.275167553125 0.8070248687499999 0.2745076859375
0 0.8214814593750001 0.19317305625 0.796075284375 0.194423609375 0.7914109046875 0.19761881875 0.7947647718749999 0.202058634375 0.8016609359375 0.2046400984375 0.8378044250000001 0.21421680625 0.8539351328125001 0.21355694062500002 0.8598567328125 0.2085264375 0.8476861281250001 0.19738225781250002 0.8214814593750001 0.19317305625
0 0.8662703437499999 0.14284796093750002 0.8612129 0.1390881015625 0.8405653234375 0.13399436250000002 0.8168218046875 0.1319143078125 0.8128740703125 0.135267975 0.8129559203125 0.1405692703125 0.8331038453125 0.1503074109375 0.8457331765625 0.1541565421875 0.8554550000000001 0.15472119374999999 0.8657706921875 0.147492359375 0.8662703437499999 0.14284796093750002
0 0.8248447750000001 0.0687049578125 0.815704453125 0.06879720624999999 0.8106346406249999 0.0734877265625 0.8101759156250001 0.0807827734375 0.8156797171875001 0.08569796562500001 0.8240091734374999 0.0885963453125 0.8612338156250001 0.094185553125 0.8708737875000001 0.0894489078125 0.8657344921875 0.08038775468750001 0.8248447750000001 0.0687049578125
0 0.59777021875 0.4691528015625 0.55128248125 0.4557038984375 0.54617174375 0.45774377343749995 0.5424000796875 0.46324965156250003 0.5500947421875 0.471290865625 0.5869958 0.4836766828125 0.6102929625 0.48460140156250003 0.6171072796875 0.48188156875 0.6143349171875 0.4780986484375 0.59777021875 0.4691528015625
0 0.567434103125 0.41014148281249996 0.611284621875 0.4193090265625 0.630212428125 0.4055313171875 0.6122553671875 0.3989192015625 0.5876600562500001 0.397179128125 0.5692851953125 0.4005127046875 0.5649729531250001 0.40801233281249993 0.567434103125 0.41014148281249996
0 0.6031235921875 0.362559278125 0.6111827609375 0.3664545359375 0.6376986453125 0.372317509375 0.6462165390625 0.36891771875 0.6492715578125 0.3632533828125 0.6417529656250001 0.3573643765625 0.6448489109375 0.3543506875 0.642252615625 0.3527199765625 0.6093278484375 0.348081521875 0.60556855 0.34513701874999997 0.5975503062499999 0.343892409375 0.5917229234375 0.3457738265625 0.5888030484375 0.35093972500000004 0.5907236234375 0.3550626234375 0.6031235921875 0.362559278125
0 0.6762385265625 0.30581773437500004 0.680186259375 0.302464065625 0.6766972499999999 0.2985226859375 0.6389444015625 0.28647685 0.60754714375 0.279006228125 0.6011382609375 0.280230746875 0.59916439375 0.28190758125 0.6013961812499999 0.2876842515625 0.615405509375 0.29765003437500004 0.64492311875 0.3036484046875 0.6709517171875 0.305705396875 0.6762385265625 0.30581773437500004
0 0.684585075 0.235811775 0.6640317203125 0.227568946875 0.6375158359374999 0.22170597343749998 0.6226832765625 0.2231811984375 0.618371034375 0.2306808265625 0.620697040625 0.23330841093750002 0.6446984812500001 0.2428419703125 0.662479475 0.24730187812499999 0.67825804375 0.242337590625 0.6896834453125 0.24222228281249997 0.684585075 0.235811775
0 0.70575321875 0.19135856874999999 0.6916087453124999 0.1818912234375 0.6557764703125 0.1739682859375 0.650219375 0.174852825 0.648151290625 0.1796787453125 0.6502070078125 0.18330320625000002 0.6687864968749999 0.193222865625 0.6993319640625 0.20103346875 0.7057408484375001 0.19980895 0.7068220015625 0.1958214484375 0.70575321875 0.19135856874999999
0 0.6660968890625 0.1022854953125 0.6656381625 0.109580540625 0.671547396875 0.11300042031249999 0.728162390625 0.1255186625 0.7404928749999999 0.1192636421875 0.7250502562500001 0.108980940625 0.6813348828125 0.09931495781250001 0.6713427703125 0.0997471828125 0.6660968890625 0.1022854953125
0 0.720243090625 0.056671009375000005 0.7102224203125 0.04600220625 0.687424909375 0.040433090625 0.66596646875 0.0383299765625 0.6601800124999999 0.0428620375 0.661383940625 0.0468264796875 0.6655895968750001 0.0509263171875 0.6775022796875 0.05461699062499999 0.68054493125 0.0574030359375 0.7114958328125 0.0637183234375 0.71889165 0.061655387500000006 0.720243090625 0.056671009375000005
0 0.48894759531250004 0.3410118609375 0.47793999375 0.331181475 0.457157275 0.326586171875 0.44112078437499996 0.3240969546875 0.43699698124999997 0.32529841249999997 0.43376589218749995 0.3288105390625 0.43872911718749996 0.33571948125 0.44463834999999996 0.3391393625 0.4690042984375 0.344526959375 0.48885337656249994 0.34416094531249997 0.48894759531250004 0.3410118609375
0 0.4562445484375 0.27672230625 0.4649794390625 0.2781253734375 0.4954716125 0.29173570781249997 0.4987027015625 0.28822358124999997 0.49548398125000004 0.2832853265625 0.514792484375 0.28491306562499996 0.51959200625 0.28121942031249997 0.5255954593750001 0.2814902140625 0.5223767390625 0.276551959375 0.5076916890625001 0.269078365625 0.4645578171875 0.26006927812499997 0.45443056249999997 0.2609999421875 0.4496310375 0.2646935875 0.4511871046875 0.2729624484375 0.4562445484375 0.27672230625
0 0.5363089421875 0.216762490625 0.5434468406249999 0.2072460515625 0.54815214375 0.2067014890625 0.51661974375 0.1997293046875 0.4941743703125 0.19846460625 0.48871149375 0.1962000609375 0.48104538750000003 0.1992598734375 0.47289200156250005 0.198513703125 0.46464439375 0.2009166171875 0.4617245171875 0.2060825140625 0.4670931734375 0.21149614374999998 0.5121066953125 0.2219774828125 0.5363089421875 0.216762490625
0 0.547022425 0.1520347671875 0.5248187828125 0.138672165625 0.488879921875 0.14234869375 0.48394525312500003 0.146540778125 0.48362167187500005 0.1533373859375 0.52675554375 0.162346471875 0.547022425 0.1520347671875
0 0.5601561312500001 0.08678554375 0.551785746875 0.0812365171875 0.5195776265625 0.07675652031249999 0.4985122515625 0.081608471875 0.49849988281249996 0.0900588515625 0.5456633421875 0.1010155671875 0.5633624828125 0.100174178125 0.5681210828125 0.09382988437499999 0.56265820625 0.091565340625 0.5601561312500001 0.08678554375
0 0.584109003125 0.037664878125 0.5829050765625 0.0337004375 0.5697884625 0.0260453203125 0.5369988390625 0.020908428125 0.519610909375 0.0234035890625 0.5181243249999999 0.028886406250000003 0.5249262734375 0.034616953125 0.5354465937499999 0.0406413578125 0.55121279375 0.04412745 0.5784576921875 0.041698501562500004 0.584109003125 0.037664878125
0 0.27342393125000003 0.471929103125 0.277494440625 0.476527378125 0.2966678 0.47865355468750004 0.3047802625 0.476749075 0.313650296875 0.4776537046875 0.3181795328125 0.4749569359375 0.313703590625 0.471853971875 0.314068096875 0.4677080109375 0.32119362812499996 0.4666419515625 0.28607799843750004 0.458877471875 0.2640789828125 0.45876810937499996 0.259684890625 0.46096644375 0.2616463890625 0.467739990625 0.27342393125000003 0.471929103125
0 0.2861807640625 0.41927621875 0.2938345 0.4246667890625 0.3223242515625 0.428852928125 0.3432135578125 0.4218487671875 0.3434429203125 0.4182012421875 0.3387909078125 0.412946071875 0.326161578125 0.4090969390625 0.31689847968749996 0.4012372421875 0.2970903265625 0.40425390156249996 0.28750364687499996 0.4031908140625 0.27387501406250003 0.408630478125 0.2701033484375 0.41413635624999995 0.27574229375 0.418553109375 0.2861807640625 0.41927621875
0 0.354049815625 0.365072984375 0.35786240625 0.36221775625 0.351777103125 0.356645665625 0.3537100453125 0.35231818593750003 0.33875470937499996 0.3458414671875 0.31966320000000004 0.349016584375 0.2940809578125 0.3481149265625 0.29026836562499997 0.35097015625 0.29093171875 0.3569283484375 0.31130900625 0.36301896562499997 0.33836546562500003 0.36688818749999996 0.354049815625 0.365072984375
0 0.3188323265625 0.3044540140625 0.340601978125 0.3082109015625 0.3647509296875 0.3087956421875 0.3729985375 0.306392725 0.3649393671875 0.302497471875 0.362302146875 0.2982161125 0.35191697187500004 0.291693271875 0.326023515625 0.289137840625 0.29918405312499996 0.2900714765625 0.297115965625 0.29489739375 0.2990774640625 0.3016709421875 0.31184194062500004 0.3050216359375 0.3188323265625 0.3044540140625
0 0.34417374375 0.2249978296875 0.3236080171875 0.22520538281250002 0.3202827109375 0.23186659375000002 0.32336628749999996 0.2373032875 0.34248635312500003 0.2452291953125 0.351356384375 0.24613382499999997 0.36729865781250004 0.251772128125 0.386566234375 0.2507492171875 0.38694310781249996 0.23815287812500002 0.34417374375 0.2249978296875
0 0.4030128796875 0.187289165625 0.4029310296875 0.18198787031250002 0.41117863593750004 0.1795849546875 0.3720743484375 0.1725234953125 0.3557675703125 0.17103115468750002 0.34478852656250003 0.1723017953125 0.3417335078125 0.1779661328125 0.34495222812500004 0.1829043859375 0.36922395468749997 0.1914410671875 0.3806902828125 0.193976409375 0.3961985640625 0.19000899843750002 0.4030128796875 0.187289165625
0 0.427707134375 0.12142619531250001 0.4092627875 0.1110080984375 0.3699291375 0.1075941625 0.35926130624999997 0.1105185765625 0.35790986406249997 0.115502953125 0.36027679687499997 0.1207811875 0.36645631875 0.1232041921875 0.390687121875 0.1290902265625 0.40439760312499995 0.12895185781250001 0.424652115625 0.12709053125 0.427707134375 0.12142619531250001
0 0.3988452359375 0.06538243906249999 0.41317814375 0.0685516125 0.4393418890625 0.07011016875000001 0.4448580578125 0.06657497968750001 0.43366201875000004 0.063042765625 0.4238174203125 0.054526171874999994 0.3808186890625 0.045018646875 0.3701508578125 0.0479430625 0.3657976921875 0.0527920421875 0.3645813953125 0.057277982812499996 0.3697739828125 0.060539403125 0.3880013328125 0.06615464374999999 0.3988452359375 0.06538243906249999
0 0.4444573515625 0.0036163359375000004 0.44332467812500004 0.0025791875 0.382844334375 0.0022273234375 0.3858970484375 0.0038759562499999997 0.42428469062499996 0.0107789578125 0.43840060625 0.0091452734375 0.4444573515625 0.0036163359375000004
0 0.151567653125 0.64680336875 0.128958578125 0.6349360796875 0.11582959687500001 0.635731346875 0.0979134609375 0.6317698765624999 0.076901378125 0.630822096875 0.074063353125 0.6412892890624999 0.0887484015625 0.648762884375 0.1218901640625 0.6582041953125 0.1348021515625 0.6526060734375 0.13772202656250002 0.6474401750000001 0.151567653125 0.64680336875
0 0.1014357515625 0.5823583265625001 0.145151125 0.5920243109375 0.15949640468749998 0.5867431046875 0.1473257984375 0.575598925 0.11261560156249999 0.5663391328125 0.0960794609375 0.5684943140625001 0.0951743796875 0.5746340265625001 0.1014357515625 0.5823583265625001
0 0.184907303125 0.52103859375 0.1721551953125 0.50923751875 0.15948494062500002 0.5027377390625001 0.14515202968750002 0.4995685640625 0.1138775484375 0.5000498828125 0.11167432031249999 0.5053742406249999 0.1150281828125 0.50981405625 0.1210725609375 0.5127354984375 0.15632333437499998 0.5200015390625 0.1658690890625 0.5184139796875 0.184907303125 0.52103859375
0 0.1991916453125 0.46555354375 0.202557878125 0.46154298125000004 0.1981761546875 0.45529093437499996 0.1855058984375 0.4487911515625 0.1841668265625 0.4453251515625 0.18071874062499999 0.44403441875 0.1717544890625 0.44627887499999996 0.1483221828125 0.44585259375 0.13949307500000002 0.44759861093750003 0.1280143796875 0.4535136515625 0.135086615625 0.45824732343749996 0.1833721515625 0.4678671859375 0.1991916453125 0.46555354375
0 0.22246497656250003 0.390923278125 0.1998559015625 0.3790559890625 0.1545597234375 0.37802190625 0.1487323390625 0.379903321875 0.1466642546875 0.38472924062499997 0.1493014734375 0.38901059843749997 0.178995153125 0.3971611796875 0.1967761453125 0.40162108593749996 0.21354164843749998 0.39581838281250004 0.2251021953125 0.3952046359375 0.22246497656250003 0.390923278125
0 0.1896267859375 0.327132159375 0.1750645109375 0.327610509375 0.166141184375 0.3325056125 0.168061759375 0.33662851250000003 0.175674571875 0.3393684328125 0.20219045468750002 0.34523140625000004 0.2224040390625 0.340719434375 0.22648691875 0.336867328125 0.22142947500000001 0.33310746875 0.1896267859375 0.327132159375
0 0.2335515109375 0.285597425 0.2488304296875 0.2852775359375 0.25331874062500004 0.2799301171875 0.23388746249999998 0.2703504359375 0.19325566249999998 0.26612114375 0.1827229765625 0.2685471203125 0.1802085328125 0.2722177046875 0.1840087546875 0.27781285625 0.1914864234375 0.2810512140625 0.20326396406249997 0.2852403265625 0.2251687609375 0.2884987765625 0.2335515109375 0.285597425
0 0.24396614843750003 0.2107655484375 0.23321646562499998 0.20838866718750002 0.21131167031250003 0.20513021718750002 0.2013195578125 0.20556244218750003 0.1959385328125 0.20859919218749998 0.19570917031249999 0.212246715625 0.204079553125 0.21779574375 0.23605831249999998 0.2259232609375 0.260829690625 0.2298155453125 0.2658052859375 0.22827410937499998 0.24396614843750003 0.2107655484375
0 0.2434302984375 0.148305340625 0.224338790625 0.15148045937500002 0.22312249374999998 0.1559663984375 0.22589485781250002 0.1597493203125 0.23565760624999998 0.1629646171875 0.262890134375 0.16898605 0.28225193125 0.16481405625 0.2826164375 0.16066809531249998 0.2690534671875 0.151857646875 0.2434302984375 0.148305340625
0 0.3024293171875 0.093197478125 0.28106509687500003 0.087945278125 0.2611750921875 0.0856606421875 0.24876275468750003 0.086614365625 0.245396521875 0.0906249296875 0.247181953125 0.09524626875 0.2667483765625 0.10432751093749999 0.2920070359375 0.11202577656249998 0.3123148421875 0.10436471875 0.31339599375 0.10037721718749999 0.3024293171875 0.093197478125
0 0.308723971875 0.047568846875 0.3205138828125 0.043307578125 0.3136300828125 0.0322757359375 0.2974175234375 0.027634309375 0.2687393375 0.0297463390625 0.2578421421875 0.0363182765625 0.25792399375 0.0416195703125 0.260249996875 0.04424715625 0.2702830359375 0.046465578125000004 0.295730134375 0.0478656765625 0.308723971875 0.047568846875
0 0.6144433109375 0.2815876921875 0.6053029890625 0.2816799359375 0.6044388328125 0.29047029687500003 0.623247684375 0.2967424328125 0.6326582937499999 0.2956533109375 0.6326173703125 0.2930026640625 0.6284526390625 0.291553475 0.62304305625 0.2834891953125 0.6144433109375 0.2815876921875
0 0.2680505484375 0.5309694265625 0.29744538125000003 0.5290158578125 0.2869659859375 0.5256421 0.270495509375 0.51354716875 0.241829690625 0.50720881875 0.23080971875 0.5058288125 0.219830675 0.5070994546875001 0.21588293906249997 0.510453121875 0.21695172343750002 0.514916 0.22621482187500003 0.5227756968749999 0.25631393281250003 0.5294309640625 0.2680505484375 0.5309694265625
0 0.35129947499999997 0.6217565421875 0.37646392031250003 0.63260389375 0.40388488437500003 0.63232715625 0.3929591328125 0.6277980640624999 0.3848181125 0.6186015140625 0.3815584671875 0.6110126124999999 0.38246355 0.6048728999999999 0.378880321875 0.6040806062499999 0.3633311171875 0.6053973703125 0.341831753125 0.6006436078124999 0.32887883906250004 0.603591084375 0.3258647453125 0.6119060671875001 0.343727590625 0.62166726875 0.35129947499999997 0.6217565421875
0 0.3539947140625 0.555784209375 0.36650126875 0.5516814 0.38101024843750003 0.5570027859375 0.403684984375 0.554619959375 0.406510640625 0.5526031484375 0.4053067125 0.5486387078125 0.38628086562499997 0.5375637125 0.3598059078125 0.5343513875 0.3397274640625 0.5383649234375001 0.34320410468749996 0.55075668125 0.3458004 0.5523873906250001 0.351668709375 0.553156625 0.3539947140625 0.555784209375
0 0.513695346875 0.6671739328124999 0.531746628125 0.6706369640625 0.5412390890625 0.6748491375000001 0.5583158046875 0.67070020625 0.555813728125 0.665920409375 0.5475784906250001 0.6598729421875 0.5493762875 0.6560439 0.5584756859375 0.6533010078125 0.5520258765625 0.651874878125 0.5427913359375001 0.655116209375 0.4985353828125 0.6474439765625 0.4944115796875 0.648645434375 0.49319528437500004 0.6531313734374999 0.4968603609375 0.6592249609375 0.513695346875 0.6671739328124999
0 0.4642229765625 0.5806852953125 0.472646653125 0.5804345890625 0.47882617187500004 0.5828575953125 0.48620962343749996 0.5892450390625 0.500096175 0.5912588796875 0.5170663046875 0.5987094125 0.5285326328125 0.601244753125 0.56132225625 0.6063816453124999 0.5698810765625 0.605632503125 0.5620103453125 0.595439075 0.541145775 0.585542478125 0.5281110124999999 0.58318865625 0.5256498625 0.5810595109375 0.5111818078125 0.5783887703125 0.503826915625 0.5831023531249999 0.4765534609375 0.5744302734375 0.4634654046875 0.5778761890624999 0.4642229765625 0.5806852953125
0 0.6613652437499999 0.7024670828125 0.686488759375 0.7106637859375 0.7150318062500001 0.7090501921875 0.709704071875 0.706287209375 0.7063092828124999 0.6991967453125 0.6871482921875 0.6886201890625 0.6593751875 0.68459250625 0.64428470625 0.678614225 0.6380109671875 0.6793403078125 0.6316430078125 0.683215475 0.6350787234374999 0.6929565859375 0.6445711843749999 0.697168759375 0.647925046875 0.7016085765625 0.6613652437499999 0.7024670828125
0 0.720593625 0.6437116953124999 0.7173339796875 0.63612279375 0.72813695625 0.632699940625 0.7286775328124999 0.630706190625 0.7167648453125001 0.6270155171875 0.7057981671875 0.619835778125 0.686989315625 0.6135636421874999 0.6681271703125 0.6130912375 0.6540521796875 0.6173755671875 0.651808025 0.6200492750000001 0.659625465625 0.6360424359375 0.729680653125 0.6494191828125 0.720593625 0.6437116953124999
0 0.7221505968749999 0.5595248078124999 0.6978255734375 0.556787859375 0.6835459578124999 0.5478189515625 0.6765964984374999 0.5510372218749999 0.6606009359375 0.5511986515625 0.65655898125 0.5577014046875 0.6591962015624999 0.5619827640625 0.680953484375 0.57419003125 0.69474581875 0.5793529546875 0.713960103125 0.5841297796875 0.74398973125 0.577033371875 0.7221505968749999 0.5595248078124999
0 0.7074208 0.5213987796875 0.72297000625 0.5200820140625 0.736721415625 0.5225942921875 0.7507554796875 0.5156593140625 0.7519308515625001 0.5085227265625 0.7574470203125 0.504987540625 0.734784653125 0.4989199859375 0.7121099171874999 0.5013028109375 0.6959382828125 0.49931203125 0.6898406125000001 0.502190321875 0.6869207375 0.5073562203125 0.6887061671875 0.51197755625 0.6964950484375 0.5168696875000001 0.7074208 0.5213987796875
0 0.71769556875 0.5115192984375 0.7189118640625 0.5070333578125 0.7147062109375 0.502933521875 0.7057419578124999 0.505177975 0.7094479609375 0.5139222125 0.7134775453125 0.515869840625 0.71769556875 0.5115192984375
0 0.7082896828125 0.44815446249999996 0.71774121875 0.44971598906250004 0.72539495625 0.4551065578125 0.7272336796875 0.4539281625 0.755047709375 0.46060649062500003 0.7722062765625 0.4617588515625 0.7760188671875 0.4589036234375 0.7771041421875 0.452099328125 0.7829806953125 0.4472349734375 0.7515425125 0.437113703125 0.7133309390625 0.43236291250000003 0.7084904890625 0.43340591093749997 0.703285534375 0.4385948703125 0.703367384375 0.443896165625 0.7082896828125 0.44815446249999996
0 0.3942305328125 0.4326009 0.40407513125000005 0.44111749375000003 0.41379695468750005 0.44168214375000003 0.4286171453125 0.4486573 0.44685686562500004 0.445822159375 0.46302849999999995 0.44781293906249997 0.46800409062500004 0.446271503125 0.4686798125 0.4437793140625 0.46148480000000003 0.4310936984375 0.4446088890625 0.4204940796875 0.440173871875 0.420041765625 0.4324668421875 0.420450928125 0.42412501406249997 0.42600292968750003 0.40226114375 0.425395128125 0.39445989375 0.42895337656250004 0.3942305328125 0.4326009
0 0.484843803125 0.389766515625 0.4779476359375 0.38718505312499996 0.47486405937500004 0.3817483625 0.47970450937500003 0.3807053609375 0.478095146875 0.3782362359375 0.4611250171875 0.3707857 0.445805175 0.36845494375 0.4306614015625 0.3682763953125 0.40843302187499997 0.3718145546875 0.4060946484375 0.3776373484375 0.4098948703125 0.3832325 0.420509409375 0.3861078203125 0.484843803125 0.389766515625
0 0.4310450140625 0.504139378125 0.4096522359375 0.4877861484375 0.3925469625 0.480834053125 0.3722515265625 0.48004473281250004 0.3641390640625 0.481949209375 0.3618949078125 0.48462291874999996 0.3641266953125 0.49039959062499994 0.385396696875 0.49880087656249994 0.3922395703125 0.507182071875 0.3985542359375 0.5091066375 0.41675302968750005 0.50362085 0.4310450140625 0.504139378125
0 0.5537960203125001 0.5444890609375 0.5604123796875 0.54436705625 0.5928593828125 0.548899871875 0.5917906 0.54443699375 0.5817166375 0.5395679234374999 0.5711553921875 0.530892871875 0.534930053125 0.51601486875 0.516338196875 0.5145455890624999 0.519192409375 0.523629803125 0.5405442625 0.5373323828125 0.546305984375 0.5497010828125 0.5537960203125001 0.5444890609375
0 0.0902169875 0.808640153125 0.0995866734375 0.8049003828125001 0.12158568750000001 0.8050097484375 0.122666840625 0.8010222453125 0.1189075453125 0.7980777406249999 0.0774363234375 0.78573805 0.05481488125 0.782321140625 0.0392123828125 0.7894376390625 0.035711006249999996 0.793946640625 0.0367797890625 0.7984095203125 0.04313538125 0.8029847328124999 0.051464837500000006 0.8058831140624999 0.0902169875 0.808640153125
0 0.07491423750000001 0.73340505625 0.082825896875 0.7462491296875 0.0902340828125 0.7357358140625 0.1159391 0.7445894156249999 0.1281753671875 0.74148348125 0.14175070781250002 0.7418435484375 0.1310543171875 0.733666934375 0.13066125312500002 0.72671186875 0.12659074374999998 0.7221135921874999 0.10348201875 0.714890703125 0.07095031406249999 0.717207315625 0.0661507921875 0.7209009609375 0.065380853125 0.7265422359375 0.07491423750000001 0.73340505625
0 0.2283782359375 0.8201697203125 0.21243596406249998 0.8145314171875 0.202632290625 0.8086654718749999 0.1570248984375 0.8059776187500001 0.1494939359375 0.808538990625 0.14702041875 0.814860221875 0.1534169359375 0.822086084375 0.17840530937500002 0.8307812265625 0.20650199531250002 0.8280122984375 0.22514714531250002 0.823681846875 0.2283782359375 0.8201697203125
0 0.3009107625 0.8552270234374999 0.3194084015625 0.8598453875000001 0.33952776875 0.8584825 0.3551179015625 0.8598163828125 0.3522636859375 0.8507321671874999 0.3406622140625 0.8486952656250001 0.3255308078125 0.8400663375 0.29529655312499997 0.8339095078125001 0.2699313046875 0.8378107078125 0.2677690015625 0.8457857109375 0.271434078125 0.8518793015625 0.27891174687500003 0.8551176593750001 0.3009107625 0.8552270234374999
0 0.4187803953125 0.8939690578124999 0.43163908749999996 0.894170665625 0.44812193593750005 0.8978152187499999 0.46236062499999997 0.9041334781250001 0.4776928359375 0.8980138562500001 0.486833159375 0.8979216109375001 0.4868455265625 0.8894712296874999 0.4654403796875 0.8815683828124999 0.4601250171875 0.87035501875 0.4394650734375 0.8737116578125 0.4257136640625 0.8711993796874999 0.41518097656249997 0.87362535625 0.3983212578125 0.882577146875 0.4134117375 0.888555428125 0.4187803953125 0.8939690578124999
0 0.565201615625 0.8946453296874999 0.5683137515625 0.91118305 0.5829988 0.91865664375 0.6067832453124999 0.92338734375 0.6216034359375 0.9303625015625 0.624414815625 0.9227951750000001 0.6377055875 0.91860160625 0.6402200296875 0.9149310203125 0.6375828109375 0.9106496625 0.6249125546875 0.9041498828125001 0.6185160375 0.8969240203125001 0.6097811484375 0.895520953125 0.5948543703125 0.9001452625 0.5860785546875 0.896091546875 0.5867133499999999 0.8909487109375 0.5813732500000001 0.896636109375 0.565201615625 0.8946453296874999
0 0.6139667921874999 0.8520675953125 0.6312072093750001 0.8585212515625 0.6366824546875 0.8523354171875 0.6507983687500001 0.8507017343750001 0.6610198421875 0.8466219875000001 0.673161890625 0.8466651374999999 0.670524671875 0.8423837781250001 0.65355454375 0.8349332468749999 0.6218460718750001 0.825808853125 0.6037947906250001 0.8223458203125 0.590977021875 0.824794859375 0.591058871875 0.830096153125 0.5875165703125 0.8319545078124999 0.5916689296875 0.841854078125 0.6139667921874999 0.8520675953125
0 0.65896885 0.7785435671875 0.6772371265625 0.7868094546875 0.688621603125 0.7840435 0.709187328125 0.783835946875 0.69012055625 0.7701103046875 0.6790596609375 0.766079653125 0.6689038468749999 0.755909284375 0.6576135890625 0.75552615625 0.6500949953124999 0.7496371484375 0.6271499703125001 0.7530168500000001 0.6222153046875001 0.7572089328125 0.6259213078125 0.7659531687500001 0.6491118828125 0.7784773546875 0.65896885 0.7785435671875
0 0.5479668281250001 0.7312819687500001 0.5304970484375 0.7284758328125001 0.5010327343750001 0.71667773125 0.492621425 0.7084780546875 0.46913582500000006 0.7138515062499999 0.47185489531249997 0.723434159375 0.48927138125 0.7320400265625 0.5008728546875 0.7340769296875 0.5244279359374999 0.742455153125 0.555256059375 0.7408184984374999 0.5479668281250001 0.7312819687500001
0 0.4515585546875 0.8151005843749999 0.4555881390625 0.8170482124999999 0.46321331875 0.811337753125 0.48676840156249995 0.8197159781250001 0.5076044140625 0.818511546875 0.5053726281250001 0.8127348765625 0.4913632984375 0.8027690937499999 0.49401288593750003 0.7986000718749999 0.4924035265625 0.7961309421875 0.47999118906250005 0.79708466875 0.44872907656249994 0.7891156078125 0.43761488593750003 0.7908846859375 0.434518940625 0.7938983765625001 0.45151762812499996 0.8124499374999999 0.4515585546875 0.8151005843749999
0 0.2809398109375 0.755185346875 0.2805220125 0.765131040625 0.2917589765625 0.771313903125 0.31164898124999996 0.7735985375000001 0.3183157859375 0.779827525 0.3259285984375 0.7825674453125 0.3521865609375 0.7809769156249999 0.34368103437499997 0.775926325 0.3470472671875 0.7719157609375 0.3554300171875 0.769014409375 0.355794525 0.7648684484375 0.33671538437500004 0.7595931874999999 0.33018372500000004 0.7528657625 0.32530234999999996 0.7512581140625 0.3129309390625 0.7548624859374999 0.2871726265625 0.7518086203125 0.2809398109375 0.755185346875
0 0.23922686249999997 0.7549435578125 0.24340395781250002 0.7479423671875 0.2316264171875 0.7437532546875001 0.22612261562499997 0.7388380625 0.20162152500000002 0.7339489046875001 0.179258003125 0.7379855 0.1761620578125 0.7409991875 0.1769605546875 0.74645894375 0.2023010671875 0.7594585031250001 0.2179321234375 0.7634430328125 0.2255163796875 0.7550819265625 0.23922686249999997 0.7549435578125
0 0.2109835671875 0.6742055578125 0.2276015578125 0.6773516703125 0.2399606 0.682197678125 0.2548464546875 0.6749227234374999 0.2668124328125 0.6728136625000001 0.2677584421875 0.6693245984375 0.26426943281250004 0.6653832203125 0.26947438749999997 0.6601942609375 0.26217278906249997 0.6591081109375 0.2580899109375 0.662960215625 0.25082923749999997 0.664524715625 0.20751929531250002 0.6533634171875 0.19871874375 0.6662104640625001 0.20220775156249998 0.6701518421875 0.2109835671875 0.6742055578125
0 0.3329608140625 0.692194725 0.35854305625 0.6930963828125 0.36934603125 0.68967353125 0.383502871875 0.6906904953125 0.38471916875 0.68620455625 0.38221709375 0.6814247625000001 0.370439553125 0.67723565 0.360447440625 0.6776678734375 0.34181465625 0.6735479468750001 0.3150694125 0.6713324953125 0.30529429375 0.6765675796874999 0.30465949999999997 0.681710415625 0.3093115125 0.6869655859375 0.3329608140625 0.692194725
0 0.2429261265625 0.615228471875 0.26304549375 0.6138655828124999 0.2768501953125 0.6105781265625 0.28886946875 0.6026693359374999 0.285691671875 0.600381728125 0.2573370671875 0.5956971531249999 0.241882078125 0.5938648328125 0.2330529703125 0.59561085 0.2238717234375 0.5930524484374999 0.21647590625 0.595115384375 0.2121227390625 0.5999643640625 0.215787815625 0.606057953125 0.22241369687499998 0.609636290625 0.2429261265625 0.615228471875