0 0.060009837499999996 0.1452074390625 0.0624692578125 0.145922746875 0.074274471875 0.11874105937499999 0.0737825875 0.1101573671875 0.0693556328125 0.0965665234375 0.06886374843750001 0.07725321874999999 0.0649286765625 0.0672389125 0.059517953125 0.062231759374999994 0.054599114062499995 0.06366237500000001 0.051155926562499995 0.068669528125 0.0482046234375 0.0801144484375 0.0491883921875 0.0944206015625 0.0462370875 0.11516452031249999 0.055090998437500004 0.1266094421875 0.060009837499999996 0.1452074390625
0 0.1352680765625 0.1387696703125 0.14018691562500002 0.13090128750000002 0.1406788 0.11802575156249999 0.1441219875 0.1037196 0.1362518453125 0.0643776828125 0.13084112187500002 0.05937052968749999 0.12543039843749998 0.05937052968749999 0.12247909531250001 0.0643776828125 0.11952779218750001 0.078683834375 0.11952779218750001 0.10443490625 0.12543039843749998 0.12231759687499999 0.12641416562500002 0.13590844062500002 0.1352680765625 0.1387696703125
0 0.2051155921875 0.1216022890625 0.2090506640625 0.11516452031249999 0.21003443125 0.1037196 0.2183964578125 0.0951359078125 0.22036399375000001 0.10085836875000001 0.224299065625 0.10085836875000001 0.22036399375000001 0.092274678125 0.217904575 0.0915593703125 0.208066896875 0.0615164515625 0.1997048703125 0.062231759374999994 0.1923266109375 0.075822603125 0.19085095937500002 0.0915593703125 0.196753565625 0.11373390624999999 0.20068863750000002 0.12088698125 0.2051155921875 0.1216022890625
0 0.2793900640625 0.1516452078125 0.2813576 0.1502145921875 0.28086571562499996 0.142346209375 0.2857845546875 0.1216022890625 0.287752090625 0.10085836875000001 0.28332513593750003 0.0908440625 0.2828332515625 0.0743919890625 0.27889817968749997 0.0665236046875 0.27545499218749997 0.06366237500000001 0.270536153125 0.07010014375 0.26709296562499996 0.08082975625 0.2656173140625 0.11874105937499999 0.2720118046875 0.134477825 0.2759468765625 0.1387696703125 0.2793900640625 0.1516452078125
0 0.35022134843749997 0.11802575156249999 0.357107721875 0.110872675 0.35759960625 0.1065808296875 0.3521888828125 0.09370529375 0.3462862765625 0.06795422031250001 0.338416134375 0.062231759374999994 0.334972946875 0.065808296875 0.3344810625 0.11373390624999999 0.3354648296875 0.145922746875 0.337432365625 0.1473533625 0.35022134843749997 0.11802575156249999
0 0.41662567656249994 0.1502145921875 0.4185932125 0.145922746875 0.41760944375 0.12589413437500002 0.41908509531249993 0.11874105937499999 0.4136743734375 0.075822603125 0.40826365 0.0715307578125 0.4038366953125 0.0729613734375 0.3999016234375 0.08082975625 0.39793408750000003 0.09370529375 0.397442203125 0.1080114453125 0.407771765625 0.1430615171875 0.412198721875 0.1430615171875 0.41662567656249994 0.1502145921875
0 0.47860305 0.1144492125 0.47860305 0.109442059375 0.471224790625 0.10085836875000001 0.4663059515625 0.075822603125 0.4599114609375 0.075107296875 0.45745204062499994 0.07939914218750001 0.4559763890625 0.092274678125 0.45892769375000003 0.11373390624999999 0.46679783593749996 0.13733905625 0.47860305 0.1144492125
0 0.5292670921875 0.12303290468750001 0.5277914406249999 0.09370529375 0.52139695 0.07010014375 0.5140186921875001 0.0693848359375 0.5130349234375 0.0729613734375 0.5125430390625 0.11731044374999999 0.5204131828125 0.1351931328125 0.5253320218749999 0.1380543640625 0.5292670921875 0.12303290468750001
0 0.5794392515625 0.1316165953125 0.5799311359375 0.13733905625 0.5878012781249999 0.11516452031249999 0.581898671875 0.08082975625 0.5799311359375 0.07367668125 0.5769798328125 0.07081545 0.57206099375 0.0715307578125 0.569109690625 0.07939914218750001 0.568125921875 0.0879828328125 0.571569109375 0.112303290625 0.5740285296875001 0.12231759687499999 0.5794392515625 0.1316165953125
0 0.6345302515625 0.075822603125 0.6276438765625 0.075822603125 0.6237088046875 0.087267525 0.624692571875 0.12517882656249998 0.6345302515625 0.1337625171875 0.6433841609375001 0.12231759687499999 0.6345302515625 0.075822603125
0 0.6969995078125 0.1509299 0.69896704375 0.142346209375 0.7083128375000001 0.132331903125 0.7137235609375 0.115879828125 0.7137235609375 0.1101573671875 0.708804721875 0.0979971390625 0.7029021156249999 0.0715307578125 0.6965076234375001 0.06795422031250001 0.6930644375 0.0693848359375 0.6906050171875 0.075822603125 0.69208066875 0.0915593703125 0.68962125 0.11373390624999999 0.6930644375 0.1473533625 0.6969995078125 0.1509299
0 0.759468765625 0.14806866875 0.7683226765625 0.12732475000000001 0.7702902109374999 0.0965665234375 0.7634038359375 0.0643776828125 0.761928184375 0.075107296875 0.7570093453125 0.08082975625 0.755041809375 0.087267525 0.75209050625 0.12517882656249998 0.75553369375 0.12732475000000001 0.75553369375 0.1430615171875 0.759468765625 0.14806866875
0 0.8243974421875 0.1380543640625 0.82587309375 0.12374821250000001 0.8248893265625 0.0951359078125 0.8219380218750001 0.085836909375 0.8194786031250001 0.0844062953125 0.8135759953124999 0.085836909375 0.8106246921875 0.0944206015625 0.8116084609374999 0.1266094421875 0.8170191828125001 0.139484978125 0.8219380218750001 0.1416309015625 0.8243974421875 0.1380543640625
0 0.8814559765625001 0.145922746875 0.8834235125 0.13733905625 0.8839153953125001 0.11516452031249999 0.8809640921874999 0.10085836875000001 0.8804722078125 0.07939914218750001 0.8775209046875 0.07725321874999999 0.8686669953124999 0.07939914218750001 0.8652238078125001 0.0908440625 0.8647319234375 0.1280400578125 0.872602065625 0.15736766875 0.87555336875 0.1487839765625 0.8814559765625001 0.145922746875
0 0.9306443671875 0.1502145921875 0.9375307421875 0.1366237484375 0.9390063937500001 0.09728183124999999 0.9355632078125 0.085836909375 0.9311362515624999 0.08082975625 0.9267092968749999 0.08082975625 0.9203148062500001 0.085836909375 0.9203148062500001 0.152360515625 0.92375799375 0.15951359062499998 0.9306443671875 0.1552217453125 0.9306443671875 0.1502145921875
0 0.0423020171875 0.24034334687499997 0.0486965078125 0.25608011406250003 0.05755041875 0.2210300421875 0.058534185937500004 0.189556509375 0.055090998437500004 0.1802575109375 0.0486965078125 0.1752503578125 0.0427939 0.193133046875 0.03689129375 0.2038626609375 0.032956221875000004 0.22389127343749998 0.0354156421875 0.2224606578125 0.0393507125 0.226752503125 0.0423020171875 0.24034334687499997
0 0.06443679218750001 0.334048640625 0.063944909375 0.3082975671875 0.060501721875000004 0.293991415625 0.0555828828125 0.286838340625 0.047712739062499995 0.2875536484375 0.044269553125 0.2982832625 0.047712739062499995 0.3383404859375 0.051647810937500004 0.3490701 0.053123462499999996 0.360515021875 0.06443679218750001 0.334048640625
0 0.056566649999999996 0.49284692343750003 0.067388096875 0.46280400625 0.0703394 0.43133047187500007 0.07279881875000001 0.424892703125 0.0683718640625 0.4070100140625 0.062961140625 0.4034334765625 0.056566649999999996 0.40414878437499996 0.049680275 0.427753934375 0.044269553125 0.43276108750000003 0.0423020171875 0.4420600859375 0.0418101328125 0.4585121609375 0.049680275 0.4706723890625 0.0521396953125 0.4856938484375 0.056566649999999996 0.49284692343750003
0 0.053615346875000004 0.634477825 0.05755041875 0.6466380546875 0.059517953125 0.6423462093750001 0.061485489062499996 0.6101573671875 0.056566649999999996 0.572246065625 0.053615346875000004 0.5672389124999999 0.047712739062499995 0.5665236046875 0.04377766875 0.5686695281249999 0.039842596875000004 0.575822603125 0.037383178125 0.5879828328125 0.037875060937499996 0.595851215625 0.0482046234375 0.6294706718749999 0.053615346875000004 0.634477825
0 0.053615346875000004 0.77539341875 0.061977373437500004 0.7610872671875 0.063453025 0.738197425 0.060009837499999996 0.7181688125 0.056074765625 0.7103004296875 0.049680275 0.7110157375 0.04377766875 0.716738196875 0.0418101328125 0.7303290421875 0.040826365625 0.7646638046875001 0.046728971875000004 0.7689556515625 0.0486965078125 0.77539341875 0.053615346875000004 0.77539341875
0 0.0359075265625 0.914163090625 0.0388588296875 0.9220314734375 0.044269553125 0.924892703125 0.046728971875000004 0.9234620890624999 0.053123462499999996 0.8962804 0.055090998437500004 0.867668096875 0.0486965078125 0.8490700999999999 0.040826365625 0.840486409375 0.032956221875000004 0.8240343343750001 0.0314805703125 0.8261802578124999 0.0349237578125 0.8483547921874999 0.0319724546875 0.8648068671875 0.01967535625 0.8805436343749999 0.0191834734375 0.8962804 0.0324643390625 0.9070100140624999 0.032956221875000004 0.9120171671874999 0.0359075265625 0.914163090625
0 0.11559272031250001 0.907725321875 0.12444663125 0.924892703125 0.12690605 0.9406294703125001 0.13084112187500002 0.9306151640625 0.1347761921875 0.9306151640625 0.1382193796875 0.934907009375 0.13969503125 0.9313304718750001 0.136743728125 0.9227467812500001 0.136743728125 0.8698140203125 0.13969503125 0.8655221750000001 0.13969503125 0.8612303296875 0.1352680765625 0.8583690984375 0.1328086578125 0.8426323312499999 0.12788981875 0.8361945640625 0.12395474687500001 0.8369098718749999 0.11756025625 0.844062946875 0.11264141718750001 0.85193133125 0.1121495328125 0.8569384828125 0.113625184375 0.8655221750000001 0.11165764843749999 0.874105865625 0.1151008359375 0.8884120171875001 0.11559272031250001 0.907725321875
0 0.1957697984375 0.8848354796875 0.194294146875 0.9120171671874999 0.20019675312500002 0.92632331875 0.20118052187500002 0.9370529328125 0.207083128125 0.934191703125 0.21249385156249997 0.9370529328125 0.21298573593749998 0.924177396875 0.2183964578125 0.904148784375 0.21544515468749997 0.8869814015624999 0.21495327031250003 0.860515021875 0.2085587796875 0.8490700999999999 0.1987211015625 0.85193133125 0.19478603125 0.8583690984375 0.1883915390625 0.8612303296875 0.19134284375 0.8783977109375 0.1957697984375 0.8848354796875
0 0.27299557343749997 0.9327610875 0.2793900640625 0.9306151640625 0.2897196265625 0.9084406296875001 0.290211509375 0.9034334765625 0.27840629687499996 0.8597997140625001 0.2700442703125 0.860515021875 0.26463354687499996 0.8698140203125 0.26266601093749997 0.8783977109375 0.261190359375 0.9177396281249999 0.2666010828125 0.9306151640625 0.26758485 0.93919885625 0.27299557343749997 0.9327610875
0 0.3521888828125 0.894134478125 0.351205115625 0.8633762515625 0.345302509375 0.85193133125 0.341859321875 0.85193133125 0.3344810625 0.8583690984375 0.333989178125 0.8733905578125001 0.3413674375 0.91917024375 0.3492375796875 0.9198855515625001 0.3521888828125 0.894134478125
0 0.4028529265625 0.9291845500000001 0.41416625625 0.9399141625 0.4161337921875 0.9484978546875 0.4235120515625 0.921316165625 0.4235120515625 0.9134477828125 0.415150025 0.8626609437500001 0.40973930156250005 0.85908440625 0.40580422968749996 0.860515021875 0.40334481093749996 0.8648068671875 0.4003935078125 0.8819742484375 0.3944909 0.8884120171875001 0.3925233640625 0.904148784375 0.394982784375 0.9120171671874999 0.401869159375 0.9234620890624999 0.4028529265625 0.9291845500000001
0 0.47860305 0.9456366234375 0.4835218890625 0.934907009375 0.4864731921875 0.921316165625 0.4864731921875 0.8755364812499999 0.47860305 0.8597997140625001 0.46827348750000003 0.87267525 0.4663059515625 0.8884120171875001 0.467781603125 0.8969957078125 0.4663059515625 0.9206008578124999 0.47860305 0.9456366234375
0 0.5400885390625 0.9163090125 0.545007378125 0.92632331875 0.5523856375 0.9270386265624999 0.5563207078125 0.912732475 0.5538612890625 0.8962804 0.554353171875 0.8848354796875 0.5484505656249999 0.8655221750000001 0.54451549375 0.8633762515625 0.539104771875 0.8719599421875 0.5366453515625 0.8769670953125001 0.5366453515625 0.8855507875 0.5386128875 0.8919885546874999 0.5400885390625 0.9163090125
0 0.6153467781249999 0.9256080109375 0.6182980812500001 0.91917024375 0.6192818499999999 0.9070100140624999 0.612395475 0.8683834046875001 0.6060009843749999 0.8569384828125 0.602557796875 0.8562231765625 0.5996064921875 0.8597997140625001 0.5976389578125 0.874105865625 0.6030496796875 0.9120171671874999 0.6089522875 0.9234620890624999 0.6153467781249999 0.9256080109375
0 0.668962125 0.91917024375 0.6709296609375001 0.9055793984375 0.6704377765625 0.87267525 0.6655189375 0.8626609437500001 0.661583865625 0.8612303296875 0.6586325625 0.8648068671875 0.65617314375 0.874105865625 0.65617314375 0.9113018593750001 0.66207575 0.921316165625 0.6660108218749999 0.9220314734375 0.668962125 0.91917024375
0 0.7383177562500001 0.9227467812500001 0.7402852921874999 0.9163090125 0.7402852921874999 0.8998569390625001 0.7333989171875 0.860515021875 0.7314313828125 0.8562231765625 0.7245450078125 0.8540772531249999 0.7201180515625001 0.8619456359375001 0.71962616875 0.884120171875 0.725036890625 0.9155937046875 0.73241515 0.924892703125 0.7383177562500001 0.9227467812500001
0 0.7909493359375 0.9256080109375 0.7983275953125 0.912732475 0.7939006390625 0.8662374828124999 0.7889818 0.8597997140625001 0.7850467296875 0.860515021875 0.782095425 0.8655221750000001 0.7801278890625001 0.8762517875 0.782587309375 0.912732475 0.7870142640625 0.9227467812500001 0.7909493359375 0.9256080109375
0 0.849483521875 0.92632331875 0.855386128125 0.9113018593750001 0.8534185937500001 0.8755364812499999 0.8499754062499999 0.8712446359375001 0.8440727984375 0.8705293281250001 0.836694540625 0.887696709375 0.8342351203125 0.89914163125 0.8337432359375001 0.9084406296875001 0.8381701921875001 0.9227467812500001 0.843580915625 0.9291845500000001 0.849483521875 0.92632331875
0 0.9030988687500001 0.9227467812500001 0.9080177078125 0.91917024375 0.9030988687500001 0.8805436343749999 0.900147565625 0.874105865625 0.8957206093750001 0.87267525 0.89276930625 0.8748211734375 0.8878504671874999 0.8998569390625001 0.8873585828125 0.9198855515625001 0.89621249375 0.93919885625 0.900147565625 0.934907009375 0.9030988687500001 0.9227467812500001
0 0.9586817515625 0.9256080109375 0.9631087062500001 0.9198855515625001 0.9650762421874999 0.9098712453125 0.963600590625 0.8762517875 0.9586817515625 0.8633762515625 0.95277914375 0.8619456359375001 0.94933595625 0.8648068671875 0.9488440734375001 0.8969957078125 0.9513034921875001 0.9155937046875 0.9547466796874999 0.924177396875 0.9586817515625 0.9256080109375
0 0.6610919828124999 0.770386265625 0.66207575 0.7675250359375 0.669454009375 0.7639484984375 0.6709296609375001 0.7589413453125 0.661583865625 0.7432045781250001 0.6610919828124999 0.7231759656250001 0.6576487953125 0.714592275 0.6473192328125 0.716738196875 0.64240039375 0.7439198859375 0.6404328578125 0.770386265625 0.6571569109375 0.7875536484375 0.661583865625 0.7875536484375 0.6610919828124999 0.770386265625
0 0.7166748640625 0.793276109375 0.7211018203124999 0.77539341875 0.7181505171875 0.74821173125 0.7186424 0.7360515015625 0.71273979375 0.7217453500000001 0.7073290703125 0.7231759656250001 0.7033939984375001 0.7317596562500001 0.7058534187500001 0.773247496875 0.7112641421875 0.7818311875 0.71273979375 0.7889842625 0.7166748640625 0.793276109375
0 0.769798328125 0.7925608015625001 0.775700934375 0.7947067234375 0.7835710765624999 0.7789699578125 0.7909493359375 0.77539341875 0.7870142640625 0.7689556515625 0.779144121875 0.7331902718750001 0.7712739796875 0.72818311875 0.7673389078125 0.7310443484375 0.76242006875 0.7474964234375 0.7614363015625 0.75536480625 0.7653713718749999 0.770386265625 0.7668470234375 0.78826895625 0.769798328125 0.7925608015625001
0 0.8455484500000001 0.7889842625 0.8440727984375 0.7632331906250001 0.8376783078125 0.739628040625 0.8337432359375001 0.7360515015625 0.8303000484374999 0.740343346875 0.82931628125 0.7474964234375 0.8278406296874999 0.7839771109375 0.8317757015625 0.79899856875 0.8376783078125 0.803290415625 0.8455484500000001 0.7889842625
0 0.900147565625 0.7925608015625001 0.902606984375 0.786838340625 0.9030988687500001 0.7660944203125 0.900147565625 0.7432045781250001 0.89621249375 0.740343346875 0.8912936546875001 0.7417739625 0.8863748156250001 0.7632331906250001 0.8853910484374999 0.7761087265625 0.8868667 0.785407725 0.8957206093750001 0.793276109375 0.900147565625 0.7925608015625001
0 0.9581898671875001 0.7761087265625 0.9606492875000001 0.7346208875 0.9586817515625 0.7260371953125 0.9532710281250001 0.7224606578125 0.9463846531250001 0.7238912734375 0.9429414656249999 0.7303290421875 0.9419576984375 0.7389127328125 0.9444171171875 0.77539341875 0.9508116078125 0.783261803125 0.9581898671875001 0.7761087265625
0 0.5361534671875 0.64091559375 0.54107230625 0.6230329046875 0.5440236109375001 0.575822603125 0.54107230625 0.5715307578125 0.5351697 0.5693848359375 0.5292670921875 0.578683834375 0.5253320218749999 0.6165951359374999 0.5292670921875 0.6387696703125 0.5332021640625 0.64449213125 0.5361534671875 0.64091559375
0 0.6060009843749999 0.5951359078125 0.599114609375 0.578683834375 0.591244465625 0.5765379109375 0.5897688140625 0.5793991421875 0.5902606984375 0.6230329046875 0.6069847515625 0.63733905625 0.609444171875 0.618741059375 0.6060009843749999 0.5951359078125
0 0.6502705359375 0.64449213125 0.6542056078125 0.635908440625 0.6576487953125 0.6380543640624999 0.6586325625 0.6351931328125 0.65617314375 0.6030042921875001 0.658140678125 0.598712446875 0.6576487953125 0.5908440625 0.654697490625 0.585836909375 0.64928676875 0.5844062953125 0.6458435812500001 0.587267525 0.641416625 0.60085836875 0.639449090625 0.609442059375 0.639449090625 0.635908440625 0.6443679296875 0.6430615171875 0.6502705359375 0.64449213125
0 0.7132316765625 0.658082975 0.71618298125 0.6537911296875001 0.71962616875 0.6151645203125 0.7201180515625001 0.5836909875 0.7176586328125001 0.5779685265625 0.715691096875 0.5765379109375 0.7107722578125 0.5801144484375 0.7043777671875 0.595851215625 0.70486965 0.6251788265625 0.7083128375000001 0.6502145921875 0.70929660625 0.6552217453125 0.7132316765625 0.658082975
0 0.77619281875 0.6452074390625 0.77963600625 0.6237482125 0.77963600625 0.59728183125 0.7752090500000001 0.5836909875 0.7673389078125 0.5815450640625001 0.7653713718749999 0.5844062953125 0.7614363015625 0.609442059375 0.7609444171875 0.62732475 0.768814559375 0.64091559375 0.7712739796875 0.6516452078125 0.77619281875 0.6452074390625
0 0.8219380218750001 0.6537911296875001 0.8278406296874999 0.6380543640624999 0.8278406296874999 0.602288984375 0.82587309375 0.59728183125 0.8209542546874999 0.5965665234374999 0.8180029515625 0.5994277546875 0.812592228125 0.619456365625 0.8116084609374999 0.6502145921875 0.8140678796874999 0.655937053125 0.8180029515625 0.655937053125 0.8219380218750001 0.6537911296875001
0 0.902606984375 0.6072961375 0.900147565625 0.5979971390625 0.896704378125 0.59370529375 0.889818003125 0.5951359078125 0.8878504671874999 0.6015736765625 0.8878504671874999 0.658082975 0.89621249375 0.66809728125 0.902606984375 0.6509299000000001 0.902606984375 0.6072961375
0 0.9581898671875001 0.62088698125 0.9586817515625 0.5979971390625 0.95622233125 0.57725321875 0.9508116078125 0.5729613734375001 0.9473684203125 0.575107296875 0.9444171171875 0.5801144484375 0.94343335 0.592274678125 0.9414658140625001 0.595851215625 0.9419576984375 0.6266094421874999 0.9454008859374999 0.6330472109375 0.950319725 0.6330472109375 0.9581898671875001 0.62088698125
0 0.6379734375 0.48783977187499994 0.6448598125 0.47496423437499996 0.6448598125 0.4542203140625 0.6438760453125 0.43848354843750004 0.641908509375 0.434907009375 0.6379734375 0.43276108750000003 0.632562715625 0.43919885625 0.6305951796875 0.44563662343750005 0.6305951796875 0.46995708125 0.635022134375 0.488555078125 0.6379734375 0.48783977187499994
0 0.6930644375 0.47925607968749995 0.69552385625 0.49785407656249997 0.6999508109375 0.501430615625 0.7009345796875001 0.5071530765625 0.70486965 0.5028612296875 0.708804721875 0.4871244640625 0.7083128375000001 0.4442060078125 0.7053615343749999 0.434907009375 0.7009345796875001 0.43133047187500007 0.6935563203124999 0.434907009375 0.6910969015624999 0.4406294703125 0.691588784375 0.44921316093749997 0.68519429375 0.48140200312500003 0.689129365625 0.483547925 0.6930644375 0.47925607968749995
0 0.7752090500000001 0.5092989984375 0.7752090500000001 0.47782546562499995 0.7717658625 0.4563662375 0.77274963125 0.4506437765625 0.7683226765625 0.4442060078125 0.7673389078125 0.436337625 0.7634038359375 0.42918455 0.7579931140625 0.427753934375 0.7540580421875 0.43419170312500005 0.7535661578124999 0.47925607968749995 0.7634038359375 0.5007153078125001 0.7737333984375 0.505007153125 0.7752090500000001 0.5092989984375
0 0.8229217906249999 0.4370529328125 0.8180029515625 0.4334763953125 0.8116084609374999 0.434907009375 0.8121003437500001 0.47782546562499995 0.82587309375 0.4942775390625 0.8337432359375001 0.46995708125 0.8229217906249999 0.4370529328125
0 0.8853910484374999 0.49356223125 0.88932611875 0.48998569375 0.89276930625 0.48068669531249997 0.8903098875 0.44921316093749997 0.8814559765625001 0.4306151640625 0.8735858343749999 0.43276108750000003 0.87309395 0.4799713875 0.8775209046875 0.49642346249999997 0.8844072796875 0.49928469218749993 0.8853910484374999 0.49356223125
0 0.9399901625 0.5 0.94343335 0.49785407656249997 0.9478603046874999 0.483547925 0.94589276875 0.45135908437500005 0.9399901625 0.43562231718750005 0.9345794390625001 0.43562231718750005 0.9306443671875 0.4434907015625 0.9272011812500001 0.454935621875 0.9272011812500001 0.4706723890625 0.9350713234375 0.4957081546875 0.9399901625 0.5
0 0.4736842109375 0.3490701 0.474667978125 0.357653790625 0.478111165625 0.3612303296875 0.4800787015625 0.3562231765625 0.4840137734375 0.35550786875 0.4864731921875 0.3619456359375 0.4864731921875 0.326895565625 0.4820462375 0.3061516453125 0.47909493437500006 0.30257510781249997 0.47319232656250004 0.3061516453125 0.471716675 0.3183118734375 0.46827348750000003 0.3233190265625 0.47024102343749996 0.341917025 0.4736842109375 0.3490701
0 0.5327102796875 0.3712446359375 0.5361534671875 0.370529328125 0.5400885390625 0.3648068671875 0.54107230625 0.35193133125 0.5464830296875001 0.34120171718750003 0.5395966546875 0.3233190265625 0.5386128875 0.31402002812499996 0.5307427453125 0.30257510781249997 0.5248401375 0.300429184375 0.521888834375 0.306866953125 0.5233644859375 0.316881259375 0.5199212984375 0.32546495000000003 0.521888834375 0.3533619453125 0.5327102796875 0.3712446359375
0 0.591244465625 0.3698140203125 0.5951795375 0.36266094375 0.5996064921875 0.3633762515625 0.602557796875 0.34763948437500003 0.595671421875 0.330472103125 0.591244465625 0.3061516453125 0.5878012781249999 0.303290415625 0.58239055625 0.3054363375 0.5809149046875001 0.32618025781250004 0.5828824390625 0.3526466375 0.5878012781249999 0.3669527890625 0.591244465625 0.3698140203125
0 0.64240039375 0.36266094375 0.6463354640625 0.3698140203125 0.6483030000000001 0.3612303296875 0.6517461875 0.357653790625 0.655681259375 0.3462088703125 0.65272995625 0.32117310468750004 0.6463354640625 0.2961373390625 0.641416625 0.29542203125 0.63551401875 0.29899856874999997 0.635022134375 0.31187410625 0.6369896703125 0.3183118734375 0.6379734375 0.3397711015625 0.64240039375 0.36266094375
0 0.71273979375 0.365522175 0.71618298125 0.3218884125 0.711756025 0.30257510781249997 0.70486965 0.3011444921875 0.7004426953125 0.3054363375 0.6969995078125 0.32546495000000003 0.6979832765625 0.334048640625 0.6960157406249999 0.350500715625 0.7009345796875001 0.36838340468749997 0.71273979375 0.365522175
0 0.7683226765625 0.3662374828125 0.772257746875 0.37339055781249997 0.7707820953125 0.3347639484375 0.768814559375 0.31902718124999996 0.7653713718749999 0.30901287499999996 0.759468765625 0.30758226093749996 0.75553369375 0.31187410625 0.752582390625 0.336909871875 0.752582390625 0.3483547921875 0.759468765625 0.3619456359375 0.7634038359375 0.367668096875 0.7683226765625 0.3662374828125
0 0.829808165625 0.374105865625 0.8357107718749999 0.354077253125 0.8307919328125 0.3161659515625 0.82587309375 0.306866953125 0.8209542546874999 0.306866953125 0.8165273 0.310443490625 0.81554353125 0.316881259375 0.8150516484375 0.34120171718750003 0.8180029515625 0.354077253125 0.8239055578125001 0.37267525 0.829808165625 0.374105865625
0 0.879980325 0.3719599421875 0.8844072796875 0.3762517875 0.8853910484374999 0.3648068671875 0.8912936546875001 0.3533619453125 0.8912936546875001 0.310443490625 0.8863748156250001 0.3011444921875 0.8809640921874999 0.2982832625 0.8765371375000001 0.2982832625 0.8745696015625001 0.30400572187499997 0.87309395 0.3226037203125 0.8760452531249999 0.33261802500000004 0.8760452531249999 0.346924178125 0.879980325 0.3719599421875
0 0.9468765375 0.3526466375 0.9439252343750001 0.3097281828125 0.9394982781250001 0.3018598 0.9355632078125 0.2997138765625 0.9316281359374999 0.3011444921875 0.9306443671875 0.3047210296875 0.9321200203125001 0.34263233125000003 0.9365469750000001 0.35550786875 0.9429414656249999 0.3597997140625 0.9468765375 0.3526466375
0 0.28381701875 0.24821173124999998 0.290211509375 0.22389127343749998 0.2867683234375 0.21173104375000001 0.2867683234375 0.1938483546875 0.28332513593750003 0.17381974218750001 0.27299557343749997 0.17381974218750001 0.2690605015625 0.189556509375 0.26709296562499996 0.223175965625 0.274963109375 0.23390557968749998 0.28037383125000004 0.2353361953125 0.28381701875 0.24821173124999998
0 0.35071323125 0.19098712499999998 0.345302509375 0.175965665625 0.3393999015625 0.1766809734375 0.3334972953125 0.18454935625 0.3334972953125 0.22818311875 0.3413674375 0.24034334687499997 0.3492375796875 0.2260371953125 0.35071323125 0.19098712499999998
0 0.407771765625 0.24749642343749997 0.4161337921875 0.23247496406249998 0.4195769796875 0.21888412031249999 0.4195769796875 0.20457796875 0.41269060468749996 0.1752503578125 0.40727988125000003 0.17453505 0.4038366953125 0.1788268953125 0.4023610421875 0.1852646640625 0.4028529265625 0.2203147359375 0.4062961140625 0.22889842656249998 0.407771765625 0.24749642343749997
0 0.471716675 0.243204578125 0.4751598625 0.229613734375 0.478111165625 0.2274678109375 0.47860305 0.22389127343749998 0.474667978125 0.2160228890625 0.47024102343749996 0.1938483546875 0.46679783593749996 0.18597997187499998 0.45892769375000003 0.1766809734375 0.4559763890625 0.18454935625 0.4569601578125 0.23247496406249998 0.46237088125000003 0.246781115625 0.46679783593749996 0.24892703906250002 0.471716675 0.243204578125
0 0.5366453515625 0.24964234687500003 0.5430398421875 0.2253218890625 0.534677815625 0.1824034328125 0.5317265124999999 0.1773962796875 0.5268076734375 0.1766809734375 0.5233644859375 0.1802575109375 0.521888834375 0.2103004296875 0.52139695 0.22818311875 0.5302508609375 0.24248927031249998 0.5332021640625 0.253218884375 0.5366453515625 0.24964234687500003
0 0.5902606984375 0.23390557968749998 0.5892769312499999 0.2024320453125 0.5858337437500001 0.1888412015625 0.5794392515625 0.1816881265625 0.5759960656249999 0.18454935625 0.575012296875 0.19241773906249998 0.575012296875 0.21888412031249999 0.5833743234375001 0.236766809375 0.5878012781249999 0.23962804062499998 0.5902606984375 0.23390557968749998
0 0.6404328578125 0.24749642343749997 0.6463354640625 0.25035765312499997 0.6512543046875 0.229613734375 0.6468273484375 0.1902718171875 0.64240039375 0.18097281875 0.6384653218749999 0.179542203125 0.6340383671875001 0.18454935625 0.632562715625 0.19241773906249998 0.6310870640624999 0.20457796875 0.632562715625 0.2260371953125 0.6369896703125 0.233190271875 0.6404328578125 0.24749642343749997
0 0.708804721875 0.22389127343749998 0.708804721875 0.213161659375 0.7073290703125 0.1917024328125 0.70486965 0.1824034328125 0.7009345796875001 0.1781115875 0.6974913921875 0.1788268953125 0.6940482046875001 0.18812589375 0.6930644375 0.2203147359375 0.6945400890625 0.24463519374999998 0.6969995078125 0.24892703906250002 0.708804721875 0.22389127343749998
0 0.768814559375 0.23247496406249998 0.7668470234375 0.2074391984375 0.75996065 0.1902718171875 0.75553369375 0.1902718171875 0.752582390625 0.1938483546875 0.7515986234375001 0.2038626609375 0.7515986234375001 0.2310443484375 0.759468765625 0.24821173124999998 0.7634038359375 0.24749642343749997 0.768814559375 0.23247496406249998
0 0.8303000484374999 0.24892703906250002 0.8307919328125 0.2274678109375 0.8288243968750001 0.20815450625 0.8253812093749999 0.196709584375 0.8209542546874999 0.19456366249999998 0.8170191828125001 0.19742489218749998 0.812592228125 0.2181688125 0.8106246921875 0.24391988593749997 0.8219380218750001 0.2610872671875 0.82587309375 0.2610872671875 0.8303000484374999 0.24892703906250002
0 0.8740777171874999 0.243204578125 0.8804722078125 0.253218884375 0.88932611875 0.24391988593749997 0.8903098875 0.2274678109375 0.88243974375 0.20100143125 0.8740777171874999 0.19241773906249998 0.8691588781249999 0.1938483546875 0.8671913421875 0.196709584375 0.8671913421875 0.20672389062500002 0.8711264140624999 0.2310443484375 0.8740777171874999 0.243204578125
0 0.9429414656249999 0.24749642343749997 0.9439252343750001 0.22174535 0.9409739296874999 0.2038626609375 0.9355632078125 0.199570815625 0.9316281359374999 0.203147353125 0.9281849484375 0.2088698140625 0.9272011812500001 0.2181688125 0.9276930640625001 0.24749642343749997 0.9306443671875 0.2589413453125 0.9355632078125 0.263233190625 0.9429414656249999 0.24749642343749997
0 0.71273979375 0.6065808296874999 0.719134284375 0.5994277546875 0.719134284375 0.5908440625 0.7171667484375 0.582260371875 0.708804721875 0.5836909875 0.7068371859375 0.6030042921875001 0.709788490625 0.6115879828125 0.712247909375 0.610872675 0.71273979375 0.6065808296874999
0 0.4235120515625 0.35550786875 0.42449581875 0.3447782546875 0.4323659609375 0.32618025781250004 0.4323659609375 0.29756795468749997 0.43138219375000003 0.286838340625 0.42793900625000003 0.276824034375 0.42400393437500006 0.2739628046875 0.4200688640625 0.2761087265625 0.414658140625 0.286838340625 0.414658140625 0.316881259375 0.41564190781250004 0.3283261796875 0.4235120515625 0.35550786875
0 0.351205115625 0.4706723890625 0.358091490625 0.4606580828125 0.36448598125 0.45565092968750004 0.3703885890625 0.454935621875 0.3703885890625 0.45135908437500005 0.3659616328125 0.4370529328125 0.3659616328125 0.41559370468749995 0.360550909375 0.40414878437499996 0.3521888828125 0.4034334765625 0.34677816093749997 0.42274678125 0.3482538125 0.42989985624999993 0.3433349734375 0.4563662375 0.3492375796875 0.4821173109375 0.351205115625 0.4706723890625
0 0.414658140625 0.44134477812500006 0.42154451562500006 0.4620886984375 0.42400393437500006 0.4642346203125 0.42744712187499995 0.4620886984375 0.4338416140625 0.44134477812500006 0.43138219375000003 0.41559370468749995 0.4235120515625 0.397711015625 0.41269060468749996 0.40414878437499996 0.4117068375 0.4070100140625 0.412198721875 0.412732475 0.41023118593749996 0.41559370468749995 0.41662567656249994 0.42632331875 0.414658140625 0.44134477812500006
0 0.3492375796875 0.6337625171875 0.3531726515625 0.6244635187500001 0.357107721875 0.6251788265625 0.361534678125 0.6330472109375 0.361534678125 0.6266094421874999 0.3566158390625 0.618741059375 0.354648303125 0.575107296875 0.35268076718749997 0.5715307578125 0.3482538125 0.5715307578125 0.3433349734375 0.5765379109375 0.3393999015625 0.5944206015625 0.3398917859375 0.612303290625 0.33792425000000004 0.622317596875 0.345302509375 0.63733905625 0.3492375796875 0.6337625171875
0 0.40580422968749996 0.6237482125 0.40826365 0.6316165953125 0.4161337921875 0.6216022890625 0.42105263125 0.5994277546875 0.4205607484375 0.5865522171875 0.4220364 0.5836909875 0.42154451562500006 0.5693848359375 0.41564190781250004 0.563662375 0.418101328125 0.5357653796874999 0.412198721875 0.5243204578125 0.40973930156250005 0.5257510734374999 0.4117068375 0.5336194562500001 0.41072306875000003 0.540057225 0.4062961140625 0.548640915625 0.40727988125000003 0.562231759375 0.4038366953125 0.5801144484375 0.4038366953125 0.5915593703125 0.40580422968749996 0.6237482125
0 0.3433349734375 0.7889842625 0.3492375796875 0.7839771109375 0.3551401875 0.7632331906250001 0.3531726515625 0.7360515015625 0.3556320703125 0.7203147359375001 0.3536645359375 0.714592275 0.3487456953125 0.709585121875 0.34038366875000003 0.7153075828125 0.338416134375 0.7253218890625 0.334972946875 0.729613734375 0.3369404828125 0.7424892703125 0.3344810625 0.7682403437499999 0.341859321875 0.7947067234375 0.3433349734375 0.7889842625
0 0.41564190781250004 0.7875536484375 0.41760944375 0.7875536484375 0.4185932125 0.77539341875 0.4230201671875 0.7632331906250001 0.42498770312499995 0.7439198859375 0.42154451562500006 0.7260371953125 0.414658140625 0.7138769671875 0.4117068375 0.7124463515625 0.398425971875 0.7238912734375 0.4003935078125 0.793276109375 0.4038366953125 0.783261803125 0.41023118593749996 0.7782546499999999 0.41564190781250004 0.7875536484375
0 0.4800787015625 0.739628040625 0.48548942500000003 0.7238912734375 0.48106246874999997 0.7181688125 0.47761928124999997 0.703147353125 0.47073290781250005 0.70100143125 0.46728972031250005 0.70457796875 0.4604033453125 0.72818311875 0.45843580937499995 0.7424892703125 0.45794392500000003 0.761802575 0.47073290781250005 0.78826895625 0.4825381203125 0.7632331906250001 0.4800787015625 0.739628040625
0 0.5292670921875 0.7789699578125 0.5361534671875 0.7782546499999999 0.5405804234375 0.7825464953125 0.541564190625 0.759656653125 0.534677815625 0.7389127328125 0.5332021640625 0.7231759656250001 0.5292670921875 0.7181688125 0.5238563703125 0.716738196875 0.5199212984375 0.719599428125 0.5169699953125 0.72818311875 0.515002459375 0.739628040625 0.5194294140625 0.7539341921875 0.5199212984375 0.7675250359375 0.5292670921875 0.7789699578125
0 0.5336940484375 0.7417739625 0.5297589765625 0.7339055796875 0.52238071875 0.739628040625 0.52139695 0.7439198859375 0.5263157890625 0.7467811156249999 0.5307427453125 0.7467811156249999 0.5336940484375 0.7417739625
0 0.5814067875 0.7689556515625 0.5838662078125 0.785407725 0.5873093953125 0.78826895625 0.593867846875 0.7875536484375 0.5996064921875 0.79184549375 0.602557796875 0.759656653125 0.599114609375 0.7224606578125 0.5971470734375 0.7181688125 0.591244465625 0.714592275 0.5863256265625 0.7160228890625 0.5833743234375001 0.7217453500000001 0.5838662078125 0.7310443484375 0.5804230203125 0.739628040625 0.581898671875 0.7410586546875 0.5814067875 0.7689556515625
0 0.5332021640625 0.49070100156249996 0.535661584375 0.49499284687499995 0.538121003125 0.49499284687499995 0.5484505656249999 0.48497854062499995 0.55484505625 0.46638054375 0.554353171875 0.4620886984375 0.5523856375 0.454935621875 0.5454992625 0.44849785468750003 0.541564190625 0.427753934375 0.5366453515625 0.42131616562499996 0.5332021640625 0.4220314734375 0.5272995578125 0.4334763953125 0.528775209375 0.44277539375 0.5253320218749999 0.4585121609375 0.5317265124999999 0.47496423437499996 0.5332021640625 0.49070100156249996
0 0.5971470734375 0.48497854062499995 0.599114609375 0.48927038593749994 0.6010821453124999 0.4871244640625 0.60452533125 0.46924177343749995 0.6035415640624999 0.4542203140625 0.6005902609375 0.43991416250000004 0.59272011875 0.41988555156249996 0.5868175109375 0.41917024375 0.58239055625 0.42417739687499995 0.581898671875 0.434907009375 0.59173635 0.49642346249999997 0.59272011875 0.48927038593749994 0.5971470734375 0.48497854062499995
0 0.48499754062499995 0.4506437765625 0.48794884375 0.43276108750000003 0.48450565624999997 0.4134477828125 0.48106246874999997 0.40629470625 0.478111165625 0.4048640921875 0.47319232656250004 0.40844062968749995 0.46974913906250004 0.4306151640625 0.46335464843749996 0.43919885625 0.4628627640625 0.44563662343750005 0.471716675 0.46137339062500005 0.47417609374999997 0.47496423437499996 0.48499754062499995 0.4506437765625
0 0.46335464843749996 0.6070577015625 0.46581406718749996 0.6387696703125 0.46974913906250004 0.6366237484374999 0.472208559375 0.625894134375 0.478111165625 0.61373390625 0.48450565624999997 0.575822603125 0.4820462375 0.5579399140625 0.47417609374999997 0.5629470671875 0.46581406718749996 0.5865522171875 0.45548450625000003 0.5951359078125 0.461878996875 0.60085836875 0.46335464843749996 0.6070577015625
0 0.1303492375 0.260371959375 0.134284309375 0.260371959375 0.1362518453125 0.25608011406250003 0.13920314843749998 0.2138769671875 0.13772749687500002 0.1917024328125 0.12788981875 0.1788268953125 0.12297097812499999 0.1766809734375 0.1190359078125 0.1788268953125 0.1160846046875 0.18597997187499998 0.1151008359375 0.19456366249999998 0.120511559375 0.23175965625 0.1259222828125 0.23962804062499998 0.1303492375 0.260371959375
0 0.1854402359375 0.23962804062499998 0.19085095937500002 0.25035765312499997 0.19331037812500002 0.263233190625 0.1987211015625 0.2510729609375 0.2051155921875 0.24892703906250002 0.2085587796875 0.24391988593749997 0.210526315625 0.2203147359375 0.20167240468749997 0.1902718171875 0.19724545 0.1866952796875 0.1918347265625 0.18741058593749998 0.187407771875 0.19814020000000002 0.17707820937500002 0.2088698140625 0.1883915390625 0.213161659375 0.1854402359375 0.23962804062499998
0 0.1382193796875 0.3648068671875 0.14018691562500002 0.3483547921875 0.143630103125 0.33762517812500004 0.136743728125 0.293991415625 0.1328086578125 0.2875536484375 0.12641416562500002 0.286838340625 0.12100344375000001 0.2947067234375 0.1180521390625 0.320457796875 0.12641416562500002 0.3462088703125 0.134284309375 0.36266094375 0.1382193796875 0.3648068671875
0 0.12543039843749998 0.47925607968749995 0.127397934375 0.4942775390625 0.1352680765625 0.48927038593749994 0.1347761921875 0.47782546562499995 0.13969503125 0.46137339062500005 0.13920314843749998 0.43133047187500007 0.1303492375 0.40844062968749995 0.12247909531250001 0.40844062968749995 0.11756025625 0.4134477828125 0.1160846046875 0.42131616562499996 0.120511559375 0.4420600859375 0.12001967499999999 0.4606580828125 0.12543039843749998 0.47925607968749995
0 0.11706837187500001 0.619456365625 0.1190359078125 0.6280400578124999 0.12690605 0.625894134375 0.129857353125 0.6037196 0.13920314843749998 0.595851215625 0.1318248890625 0.57725321875 0.1313330046875 0.563662375 0.12690605 0.5543633765625 0.1151008359375 0.5407725328125 0.11264141718750001 0.5565092984375 0.10870634531250001 0.5629470671875 0.111165765625 0.575107296875 0.111165765625 0.5915593703125 0.1082144609375 0.6065808296874999 0.11706837187500001 0.619456365625
0 0.13084112187500002 0.77539341875 0.1347761921875 0.7768240343749999 0.1382193796875 0.773247496875 0.1416625671875 0.759656653125 0.14707329062500002 0.75178826875 0.14658140625 0.7432045781250001 0.13920314843749998 0.7303290421875 0.141170684375 0.7210300421875 0.14608952343749998 0.7203147359375001 0.13969503125 0.716738196875 0.1382193796875 0.70100143125 0.1234628625 0.70815450625 0.11952779218750001 0.7238912734375 0.12001967499999999 0.7474964234375 0.1165764875 0.7632331906250001 0.1242006890625 0.7639484984375 0.13084112187500002 0.77539341875
0 0.2026561734375 0.7789699578125 0.2051155921875 0.790414878125 0.2085587796875 0.786838340625 0.21200196718750003 0.7689556515625 0.21396950312500002 0.7367668093749999 0.21347761875 0.7188841203125 0.2085587796875 0.7074391984374999 0.20363994062500002 0.7088698140624999 0.20118052187500002 0.7060085843749999 0.1928184953125 0.7124463515625 0.18789965625 0.7360515015625 0.1854402359375 0.7539341921875 0.1923266109375 0.7575107296875 0.196753565625 0.770386265625 0.2026561734375 0.7789699578125
0 0.2710280375 0.8082975671874999 0.2798819484375 0.786838340625 0.2813576 0.77539341875 0.2887358578125 0.7632331906250001 0.2867683234375 0.7525035765625 0.29070339375 0.7439198859375 0.2828332515625 0.7231759656250001 0.27791441250000004 0.719599428125 0.270536153125 0.7253218890625 0.263649778125 0.750357653125 0.2656173140625 0.759656653125 0.26168224375000004 0.7789699578125 0.2666010828125 0.7889842625 0.2710280375 0.8082975671874999
0 0.2867683234375 0.6430615171875 0.2857845546875 0.625894134375 0.29070339375 0.5951359078125 0.2966060015625 0.5851216015625 0.2867683234375 0.5643776828125 0.27840629687499996 0.5693848359375 0.273979340625 0.5879828328125 0.274471225 0.5994277546875 0.271519921875 0.6237482125 0.2793900640625 0.6523605156250001 0.2867683234375 0.6430615171875
0 0.19724545 0.62732475 0.2021642890625 0.6237482125 0.2085587796875 0.6080114453125 0.21298573593749998 0.609442059375 0.21495327031250003 0.6072961375 0.21151008437500002 0.595851215625 0.21249385156249997 0.5643776828125 0.2085587796875 0.5543633765625 0.2051155921875 0.552217453125 0.19134284375 0.5729613734375001 0.1888834234375 0.57367668125 0.18789965625 0.5779685265625 0.19478603125 0.5836909875 0.1918347265625 0.6080114453125 0.19724545 0.62732475
0 0.20019675312500002 0.47138769687500004 0.2031480578125 0.4620886984375 0.2075750125 0.4642346203125 0.21200196718750003 0.47138769687500004 0.2159370390625 0.4706723890625 0.21692080625000001 0.45135908437500005 0.2218396453125 0.4434907015625 0.2223315296875 0.43848354843750004 0.2164289234375 0.427753934375 0.21396950312500002 0.40271816875 0.20954254843750003 0.397711015625 0.20019675312500002 0.3998569390625 0.196753565625 0.41201716718750003 0.1987211015625 0.43133047187500007 0.194294146875 0.43919885625 0.19331037812500002 0.4470672390625 0.20019675312500002 0.47138769687500004
0 0.2085587796875 0.360515021875 0.21003443125 0.3483547921875 0.21347761875 0.341917025 0.21298573593749998 0.31759656718749996 0.204623709375 0.29756795468749997 0.20118052187500002 0.29542203125 0.1962616828125 0.29756795468749997 0.1893753078125 0.3247496421875 0.1888834234375 0.340486409375 0.1982292171875 0.3454935625 0.20118052187500002 0.3583690984375 0.2085587796875 0.360515021875
0 0.28332513593750003 0.3633762515625 0.2867683234375 0.3633762515625 0.2897196265625 0.35908440625 0.2956222328125 0.36266094375 0.29513035 0.35550786875 0.29070339375 0.3526466375 0.287752090625 0.3462088703125 0.28922774218749997 0.30257510781249997 0.27545499218749997 0.29756795468749997 0.2725036890625 0.3018598 0.270536153125 0.3111587984375 0.2710280375 0.3276108734375 0.2690605015625 0.340486409375 0.27889817968749997 0.3526466375 0.28332513593750003 0.3633762515625
0 0.29070339375 0.47782546562499995 0.29513035 0.47782546562499995 0.2990654203125 0.4742489265625 0.300541071875 0.4620886984375 0.298081653125 0.4527897 0.298081653125 0.43419170312500005 0.29463846562499996 0.40844062968749995 0.287752090625 0.4005722453125 0.2828332515625 0.401287553125 0.27889817968749997 0.4070100140625 0.27889817968749997 0.4306151640625 0.28332513593750003 0.454935621875 0.2887358578125 0.4642346203125 0.29070339375 0.47782546562499995
0 0.3531726515625 0.3662374828125 0.354648303125 0.36266094375 0.3531726515625 0.3347639484375 0.35169700000000004 0.31974248906249997 0.3482538125 0.31187410625 0.3487456953125 0.30257510781249997 0.345302509375 0.2961373390625 0.3398917859375 0.293276109375 0.334972946875 0.2982832625 0.33300541093749997 0.3054363375 0.3320216421875 0.32618025781250004 0.337432365625 0.3447782546875 0.3433349734375 0.3569384828125 0.3531726515625 0.3662374828125