0 0.1846565671875 0.9568950812500001 0.20199797031250002 0.9474754375 0.2193936671875 0.9432347453125001 0.2017609015625 0.9364952953125 0.20268017500000002 0.9311153171875001 0.20826460156249998 0.9286646859375001 0.206648625 0.9257545078125 0.1453682890625 0.943598040625 0.1410143921875 0.947092128125 0.140352084375 0.9537165875 0.1588299328125 0.9596327703125 0.1694106734375 0.9567992546875 0.1846565671875 0.9568950812500001
0 0.145923734375 0.8847594796875 0.18876061718749998 0.875914375 0.20499997187500002 0.8660735171875 0.17043114374999999 0.8608847703125001 0.15011475000000002 0.8657285390625 0.1351801140625 0.8720561437500001 0.1280882953125 0.8819545 0.145923734375 0.8847594796875
0 0.12322724062499998 0.81416831875 0.1229503796875 0.8226594984375 0.1542130640625 0.826584596875 0.1633606015625 0.82664209375 0.167457534375 0.8219035234375 0.1860294671875 0.8135273359375 0.17587396875 0.798756253125 0.1578358578125 0.799885740625 0.12322724062499998 0.81416831875
0 0.1554160609375 0.7488385890625 0.1631502921875 0.7420514375 0.1633529625 0.73811696875 0.158944771875 0.7364321046875 0.0952033765625 0.7521887265625 0.0873406625 0.7583536375000001 0.08654987343750001 0.7643558546875 0.0913435125 0.7679074390625 0.10049104687499999 0.767964934375 0.10951010312500001 0.7674001890625 0.1371010921875 0.7584592578125 0.1554160609375 0.7488385890625
0 0.15296578593750002 0.67797980625 0.1559606703125 0.6728200234374999 0.1394842453125 0.6716807375 0.13151294687499998 0.6674877484375 0.12469798750000001 0.668894921875 0.09541683281249999 0.6794823859375 0.08755411874999999 0.6856472984375 0.08676332812500001 0.6916495140625 0.100319059375 0.6933918734375 0.138545078125 0.6867963765625 0.1595780734375 0.6805071 0.15296578593750002 0.67797980625
0 0.08016182656250001 0.6203503515625 0.080344603125 0.6261515421875 0.0890325046875 0.628899028125 0.1216740953125 0.6247541609375 0.14752062500000002 0.612280809375 0.138501571875 0.6128455546875 0.1261220796875 0.6069677015625 0.09289236875 0.6131803140625001 0.08016182656250001 0.6203503515625
0 0.0966689328125 0.5429821031250001 0.07894208281250001 0.5505350250000001 0.07892218749999999 0.5602706859375 0.0993670625 0.5560491578125 0.1158434890625 0.5571884421875 0.11883837343749999 0.55202865625 0.129621784375 0.545260671875 0.1063502953125 0.5357929015625 0.0966689328125 0.5429821031250001
0 0.09467829531250001 0.469433334375 0.0851453109375 0.46750911406249995 0.0772084078125 0.478230734375 0.062273771874999995 0.48455834218750005 0.0581768390625 0.48929691093749994 0.062253878124999995 0.494294003125 0.0860048953125 0.49133612343750005 0.1056046875 0.4879378609375 0.1123653546875 0.481351734375 0.11576558125 0.468323009375 0.09467829531250001 0.469433334375
0 0.05532122187500001 0.4263070671875 0.09362142968750001 0.415154859375 0.11272718749999999 0.3995319734375 0.0803425609375 0.404921321875 0.053982103125 0.414905709375 0.048066521875000004 0.42066857031250005 0.048965896875 0.42502425625000007 0.05532122187500001 0.4263070671875
0 0.088803446875 0.3425041734375 0.0893915640625 0.34043642812499997 0.077708778125 0.3428487296875 0.047454059375 0.3536372171875 0.0394628625 0.35917988749999996 0.0426948171875 0.36500024375 0.05235628437499999 0.3675467046875 0.0680618140625 0.3649525421875 0.09390834375 0.352479190625 0.110330475 0.34843952499999997 0.088803446875 0.3425041734375
0 0.2462651953125 0.6431445421875 0.236475246875 0.6399758421875 0.2075053515625 0.6569867406250001 0.2084590203125 0.6665213765625 0.217735040625 0.6672011140625 0.25291188125 0.66058645 0.2775821734375 0.6522485921875 0.273559428125 0.652430453125 0.268839978125 0.6443221578125 0.2462651953125 0.6431445421875
0 0.1974066375 0.590951084375 0.19402630468749998 0.5942441453125 0.1982318234375 0.5998634796875 0.21094247031250002 0.6024291046875 0.24119719062499997 0.5916406140625 0.2550840734375 0.5900707453125 0.25075006875 0.5838291718749999 0.237065859375 0.5814645734375 0.1974066375 0.590951084375
0 0.24946732656249998 0.5282997984375 0.25973680625 0.5190428500000001 0.253381484375 0.5177600375 0.252610590625 0.5140265937499999 0.2580665359375 0.51095371875 0.25619359375 0.506799059375 0.22283540156249998 0.5123894328125 0.21543232343750002 0.51586435625 0.207974953125 0.5141603265625 0.1880983 0.52604976875 0.18679358125 0.529563021875 0.191201771875 0.5312478859375 0.22940789687500002 0.5343880484375 0.24946732656249998 0.5282997984375
0 0.1884717390625 0.44682269375 0.175612715625 0.4533704890625 0.16826393281250002 0.46202436406249997 0.1700083921875 0.4655567828125 0.1792844125 0.46623652031249996 0.214589734375 0.46024409843749997 0.23031516093749999 0.44791427500000003 0.23389816406250002 0.4406867421875 0.2143725609375 0.43952829531250004 0.1884717390625 0.44682269375
0 0.1679435625 0.396564725 0.20176139218750003 0.3882843625 0.21105730781249998 0.3792284390625 0.20918436406250002 0.375073778125 0.1792065046875 0.3773710875 0.157511203125 0.3902848203125 0.159641109375 0.39568396093749997 0.1679435625 0.396564725
0 0.21856815156249998 0.3147468640625 0.16691488593749998 0.32022224375 0.14678126875 0.330867203125 0.1465785953125 0.334801671875 0.1552664984375 0.33754915625000004 0.188367725 0.3307143015625 0.21856815156249998 0.3147468640625
0 0.0589059 0.2912714578125 0.0444851921875 0.3000880265625 0.0274749421875 0.306195440625 0.027914684375 0.313241115625 0.0366025828125 0.3159885984375 0.0717794265625 0.3093739359375 0.0859431671875 0.2993128859375 0.086990921875 0.29455515 0.0803786359375 0.29202785625 0.0589059 0.2912714578125
0 0.1857064859375 0.2761183359375 0.2090720609375 0.2712937328125 0.189417975 0.26951304375 0.20273663125 0.260275259375 0.1631714953125 0.2554694 0.148419634375 0.26759819687499997 0.132768396875 0.2753713078125 0.1313894890625 0.283441271875 0.1356691984375 0.28450389375 0.14624993749999998 0.281670378125 0.163699928125 0.2826086359375 0.175639678125 0.281440815625 0.1857064859375 0.2761183359375
0 0.333576509375 0.49082077343749997 0.3150787640625 0.49464024999999995 0.310062559375 0.5047587953125 0.3188789421875 0.508128521875 0.3362004515625 0.5084445375 0.3555432796875 0.5038017953125 0.37022095 0.49622970781250003 0.3686049734375 0.4933195296875 0.348511146875 0.4844931671875 0.333576509375 0.49082077343749997
0 0.297748146875 0.4352880234375 0.329287690625 0.4307219421875 0.3516254046875 0.4209194140625 0.3275631265625 0.41745386250000005 0.2895940703125 0.42529384062500003 0.28626803125 0.43376585624999997 0.28872909375 0.43585276874999995 0.297748146875 0.4352880234375
0 0.2896392546875 0.371436584375 0.3207933515625 0.3650037796875 0.3433337359375 0.35126678125 0.31491755781249997 0.35129531875 0.29019297499999996 0.354454225 0.2714183703125 0.36676488125 0.2751099609375 0.36989525 0.2896392546875 0.371436584375
0 0.32210885624999996 0.2927186578125 0.3208240328125 0.28649625 0.3254348953125 0.2842466421875 0.28454514375 0.2926896984375 0.2548043515625 0.3059671484375 0.2591383546875 0.3122087203125 0.2815846546875 0.3127640953125 0.3063092390625 0.3096051890625 0.312812940625 0.30177458281249997 0.3262600828125 0.2931590375 0.32210885624999996 0.2927186578125
0 0.241422290625 0.2509897734375 0.24537084375 0.2553646234375 0.2565939953125 0.2556423109375 0.2950226859375 0.24511234375000002 0.31574442343750003 0.23239963593750002 0.3186108265625 0.226617609375 0.289991978125 0.230580615625 0.2601968953125 0.23867911562500002 0.241422290625 0.2509897734375
0 0.0178785546875 0.24005606249999997 0.019623015625 0.24358848281249998 0.0391486203125 0.24474693125 0.067050865625 0.24222943125000002 0.077982653125 0.2263480234375 0.0629394296875 0.222317728125 0.032042296875 0.2299950125 0.0211304046875 0.236140759375 0.0178785546875 0.24005606249999997
0 0.5712632828124999 0.786553603125 0.580356525 0.7814321484375 0.5858866609375 0.7738025671875 0.5960819515625 0.769102328125 0.5807817625 0.7638275484375 0.55728770625 0.7680299109375001 0.536403090625 0.765205765625 0.5294397546875 0.7757263625 0.5211915953124999 0.78002455 0.52065776875 0.7872712484375 0.5429013984375 0.7917610921875 0.5521231234374999 0.7872618765625 0.5712632828124999 0.786553603125
0 0.5753286671875 0.7030061328125 0.5498331890625 0.70243159375 0.5406313593750001 0.6971951484375001 0.522776025 0.7041258296875 0.5076387171875 0.714387903125 0.5034133015625 0.718504234375 0.505414728125 0.723281134375 0.5253257765625 0.7263063046875 0.5436950406250001 0.7218645859375 0.557656109375 0.7157380046874999 0.5753286671875 0.7030061328125
0 0.48304109375 0.6617060890625 0.4930337140625 0.66094031875 0.4983412828125 0.6669808671874999 0.5033375921875 0.6665979828124999 0.5067179265624999 0.66330491875 0.5182722296875 0.6602703765625 0.525877978125 0.6528609859375 0.5489865859374999 0.6467919015625 0.5573089359375001 0.6379370015625 0.53985894375 0.6369987421875 0.5420829359375 0.6281055109375 0.5025521953125 0.638214265625 0.483060990625 0.6519704281250001 0.4800661046875 0.6571302140624999 0.48304109375 0.6617060890625
0 0.5046111093750001 0.5768249984375 0.47320004843749996 0.5820133203125 0.45670372812500004 0.5906096984375 0.46129469375000004 0.598095753125 0.48555964375 0.5976268359375 0.5090537 0.5934244750000001 0.536259240625 0.5826168203125001 0.5376924421875 0.5797258078125 0.514401059375 0.5799936984375 0.5046111093750001 0.5768249984375
0 0.4582099546875 0.51924825 0.4487312640625 0.5225029828125 0.4232701828125 0.5368430546875 0.42150582812500004 0.543046296875 0.43045069218750004 0.5470382640625 0.465627534375 0.5404235984375 0.470055621875 0.5323728015625 0.49187940625 0.5200813109375 0.4913654765625 0.517592346875 0.4582099546875 0.51924825
0 0.4835056 0.45986290625 0.474432253125 0.45524869843750004 0.4792457875 0.449064621875 0.48495869843749995 0.44723623124999995 0.48067898906249995 0.446173609375 0.43367098281249994 0.46431399375 0.42283327968749995 0.46590303125 0.4180197453125 0.47208710624999994 0.4256598921875 0.47959232656250006 0.4530482109375 0.47458586562500005 0.47187710781250003 0.4674541578125 0.4835056 0.45986290625
0 0.4192266625 0.38944408125 0.39558423125000003 0.40275986406250003 0.3974571734375 0.406914525 0.40601659218749997 0.4090397671875 0.44280941093750004 0.4053352828125 0.46727703125 0.40093189375 0.46832478593750004 0.396174159375 0.456736084375 0.384294090625 0.433701665625 0.38580646406249997 0.4192266625 0.38944408125
0 0.429669809375 0.32695211562500004 0.42364564062500004 0.322357075 0.39631161718749996 0.3325424875 0.3854739140625 0.3341315234375 0.3802749328125 0.3384488765625 0.385122865625 0.3471794125 0.41814990312500006 0.34490126875 0.42996117187499994 0.343111209375 0.445483928125 0.33471585625 0.441866525 0.327028775 0.429669809375 0.32695211562500004
0 0.3839574140625 0.2825430375 0.4129617078125 0.2804467546875 0.431276678125 0.2708260859375 0.43219595 0.2654461078125 0.40587528125 0.255959175 0.36924534375 0.2752005125 0.37150373281250004 0.28122189531249997 0.3839574140625 0.2825430375
0 0.42954300156249997 0.198521796875 0.43499894843750003 0.19544892187500001 0.4213147390625 0.19308432343749998 0.3879565453125 0.198674696875 0.352888290625 0.21564726093750003 0.35430159687499996 0.22249190937500002 0.367857325 0.2242342671875 0.41107965625 0.217255884375 0.428934990625 0.2103252046875 0.426345446875 0.20761605 0.42954300156249997 0.198521796875
0 0.62807283125 0.41768554062499996 0.5973240765625001 0.416249403125 0.5714232531250001 0.4235438046875 0.5671435453125 0.42248118281249997 0.5623300109375 0.4286652578125 0.5521347203125 0.43336549843750005 0.549139834375 0.438525284375 0.5567256875 0.440851553125 0.5739187125 0.44054532812499997 0.622340025 0.42924959218750003 0.6289722078125 0.4220412234375 0.62807283125 0.41768554062499996
0 0.5391037046875 0.36534023125 0.539671928125 0.37300814843749996 0.5687848109375 0.38126976562500003 0.5743692375 0.3788191328125 0.5785403609374999 0.36952385312499997 0.607895703125 0.35437967812500004 0.5898033015624999 0.3503302171875 0.5757879375 0.351277846875 0.5391037046875 0.36534023125
0 0.5821142546875 0.3032601109375 0.5948447953125 0.296090075 0.5799843484375 0.29786097031250003 0.5605329328125 0.29214581093750003 0.537626996875 0.294280425 0.5172364140625 0.30368090468750003 0.516188659375 0.3084386390625 0.52111078125 0.3126124640625 0.5546517484375 0.3128232828125 0.578145803125 0.3086209234375 0.5837302328125 0.306170290625 0.5821142546875 0.3032601109375
0 0.5166192890625 0.2564481046875 0.5531008515625 0.2463201859375 0.5727205375 0.23318626406249998 0.5402074296875 0.2379533703125 0.5154086546875 0.2456689859375 0.5111832390625 0.249785315625 0.5122110984375 0.2547632421875 0.5166192890625 0.2564481046875
0 0.49295324531249995 0.1860774046875 0.48962720624999995 0.19454941875 0.49818662500000005 0.1966746640625 0.5394618234374999 0.1900983296875 0.55891863125 0.16142755625 0.5413944500000001 0.16504600625000002 0.5199018203125 0.17402526875 0.5056095968750001 0.183464078125 0.49295324531249995 0.1860774046875
0 0.7253008999999999 0.39696078749999997 0.7254836765625 0.40276197968750005 0.732224446875 0.4059115140625 0.7721949265625 0.40284843593749997 0.803111953125 0.38543549062500004 0.7865812359375 0.3791172546875 0.7623162859375 0.3795861734375 0.7471246859375 0.384669296875 0.7253008999999999 0.39696078749999997
0 0.7468242125 0.30947399375 0.736114990625 0.31168527031250004 0.7215658015625 0.31987959843749997 0.7050151875 0.323297025 0.7006612890625 0.3267911140625 0.7023315593749999 0.33488024375 0.7117360625 0.3361822203125 0.7530112609375 0.32960588749999997 0.7613336109375 0.3207509890625 0.7864635375 0.3097231453125 0.7468242125 0.30947399375
0 0.765367140625 0.251797259375 0.757855478125 0.24491428124999998 0.763899540625 0.239773659375 0.72995323125 0.2474317796875 0.7106646953125 0.257253475 0.698981909375 0.2596657765625 0.693066325 0.2654286375 0.693965703125 0.2697843203125 0.70472921875 0.27275199687499996 0.74418576875 0.26719995625 0.764319384375 0.25655499531250003 0.765367140625 0.251797259375
0 0.760327321875 0.178229325 0.7456695468750001 0.17606575 0.7187951578125 0.183561175 0.7047797953125 0.184508803125 0.6898252625 0.20057207031250002 0.6947473828125 0.204745896875 0.706099015625 0.20564582343749999 0.7354887578125 0.2054162625 0.7396598796875 0.1961209828125 0.752647384375 0.190195428125 0.760327321875 0.178229325
0 0.6836436046875 0.14605424218750002 0.719537046875 0.13799407187499999 0.7584995625000001 0.12021740781250001 0.72885285625 0.1192024890625 0.7103551125 0.12302196406250002 0.68548215 0.135294290625 0.681385215625 0.1400328609375 0.6836436046875 0.14605424218750002
0 1 0.6594551984375 0.99296700625 0.6609073953125 0.9684251953125 0.6698674921875 0.9651733453125001 0.673782796875 0.96730325 0.6791819375 0.9739155390625 0.6817092312499999 0.9962333593749999 0.6816423640625 1 0.68076368125 1 0.6594551984375
0 1 0.58000639375 0.986058165625 0.5782877796875 0.9518548890625 0.58470141875 0.941531115625 0.5887794171875 0.9382792640625001 0.5926947203124999 0.9413827375 0.5978928375 0.9586300578125 0.602765565625 0.9711579265625 0.5995299984375 0.994320828125 0.5986398640624999 1 0.59642119375 1 0.58000639375
0 1 0.5146208765625 0.9872372531250001 0.510257996875 0.95525796875 0.5077784046875 0.937916565625 0.51719805 0.9259768140625001 0.51836586875 0.9179114296875 0.52846525 0.9227593625000001 0.5371957859375 0.9486601828125 0.529901384375 0.9764339468750001 0.52676164375 0.99162555 0.5216785203125001 1 0.5160724484375 1 0.5146208765625
0 0.964944721875 0.46620326875 0.988201709375 0.45102076406249997 0.971779578125 0.45506043281249997 0.95199700625 0.4526575015625 0.9290168828125 0.459348825 0.914210728125 0.466298671875 0.9110873609375 0.470836215625 0.9130887859374999 0.47561311718750005 0.9277465609375 0.4777766921875 0.9401459484375 0.473918884375 0.9616186843750001 0.47467528281250004 0.964944721875 0.46620326875
0 0.9530791593749999 0.46281437812500004 0.95328183125 0.45887990937499995 0.9487451578125 0.45657280624999996 0.9347840875 0.4626993875 0.9388611250000001 0.467696478125 0.9469066140625 0.4673327578125 0.9530791593749999 0.46281437812500004
0 0.89004525625 0.418089284375 0.895224340625 0.423507590625 0.9168255593750001 0.4248862296875 0.944930478125 0.41843426250000004 0.9637792703124999 0.40156689375 0.9356942484375 0.3982832 0.911409403125 0.40848777968750005 0.8977794875 0.41130213125 0.89004525625 0.418089284375
0 0.8660281609375 0.3607664734375 0.8671845046875 0.366366640625 0.87159269375 0.368051503125 0.9192974062499999 0.358201271875 0.947679184375 0.3432581234375 0.935813621875 0.33986923281250003 0.8886970281250001 0.3476517171875 0.8729173093749999 0.3548025875 0.8660281609375 0.3607664734375
0 0.8565059625 0.2900703859375 0.8576623046874999 0.295670553125 0.877059425 0.2962067609375 0.8873831984375 0.2921287625 0.9045762265624999 0.2918225390625 0.9234793140625 0.2801341234375 0.90033630625 0.27128859375 0.889370121875 0.2722553890625 0.8565059625 0.2900703859375
0 0.8816466765625 0.2102706703125 0.8653530265624999 0.21493257968749999 0.8375593671875 0.22780798125 0.8410482874999999 0.23487282031249998 0.8714115953125001 0.23444223281249998 0.8822492984375 0.23285319843750002 0.9134232890625 0.21668473281249997 0.9041472687500001 0.2160049953125 0.90396449375 0.21020380312500003 0.8816466765625 0.2102706703125
0 0.8959297921875 0.141795653125 0.8658234484375 0.14347072031250002 0.8371847062500001 0.1571693890625 0.837624446875 0.1642150625 0.8596111125 0.1674604234375 0.877777703125 0.1669531765625 0.880387140625 0.15992666875 0.9003922765624999 0.14865946875 0.9014400296874999 0.14390173281250002 0.8959297921875 0.141795653125
0 0.8217270296875 0.1019718234375 0.8237284546874999 0.10674872500000002 0.8371557015625 0.1078688421875 0.8762268046875 0.100450078125 0.8870102125000001 0.0936820921875 0.8872870734375 0.08519091250000001 0.8632247968750001 0.081725359375 0.8357622890625 0.0912885328125 0.8217270296875 0.1019718234375
0 0.91313011875 0.8690938859375 0.8961940578125001 0.8706445890625 0.8732139312499999 0.8773359140625001 0.86606781875 0.88205531875 0.8662505953125 0.8878565093749999 0.8707872703125 0.8901636140625 0.90419975625 0.8897521921875 0.93314975625 0.8824769578125 0.936732759375 0.8752494234375 0.934014734375 0.8719180296875001 0.91313011875 0.8690938859375
0 0.7303646984375 0.9032535062499999 0.7197839609375001 0.9060870218750001 0.708026984375 0.913056034375 0.70969725625 0.9211451625 0.721434334375 0.9239118124999999 0.7342191703125 0.9219207265625 0.74667285 0.9232418703124999 0.757510553125 0.9216528343749999 0.7742638390625001 0.9143009390625 0.7704636609375 0.9008126687500001 0.7303646984375 0.9032535062499999
0 0.640503928125 0.9399940921875001 0.642984884375 0.93234534375 0.6276846953125 0.927070565625 0.596935940625 0.92563443125 0.592710525 0.9297507625 0.577261959375 0.9335894031249999 0.574138590625 0.938126946875 0.5740644015624999 0.9426836578125 0.5844967624999999 0.9489635625 0.5970246328125 0.9457279953125 0.6220604765625 0.948992521875 0.640503928125 0.9399940921875001
0 0.502476175 0.954850090625 0.48366717187499997 0.9522461359375001 0.45330386562499997 0.9526767218750001 0.4443391046875 0.9584204171874999 0.433758365625 0.9612539359375001 0.42958724375 0.970549215625 0.4386605921875 0.975163421875 0.44729419843749996 0.9727319546875 0.4614923390625 0.9775855171875 0.48557451250000006 0.9713154093749999 0.49817657187500003 0.9635231328125 0.502476175 0.954850090625
0 0.5511308390625 0.861112353125 0.555079396875 0.8654872031249999 0.5893369640625 0.8642525171875001 0.609781840625 0.8600309906250001 0.6077261234375 0.8500751390625 0.5949611828125 0.8423305640625 0.5571206109375 0.85079278125 0.5536117968750001 0.853463603125 0.5511308390625 0.861112353125
0 0.455627334375 0.8951051859374999 0.4681552015625 0.8918696203125 0.4643351296875 0.888117009375 0.48108841562500004 0.8807651125 0.47027060781249996 0.8726184874999999 0.4535372171875 0.8702347234375001 0.43990729999999995 0.8730490734374999 0.417312621875 0.8816071203125 0.410937403125 0.8900599687499999 0.41993656250000005 0.8992308875000001 0.4279820515625 0.8988671671875 0.43428308125 0.8949710281250001 0.455627334375 0.8951051859374999
0 0.760712340625 0.81425891875 0.7228916625 0.812985478125 0.6823330624999999 0.8181163046875 0.674139196875 0.82759344375 0.6767830328125 0.8354815468749999 0.6987154046875 0.8335479593749999 0.7194715390625 0.8357498624999999 0.7312828078125 0.8339598046875001 0.7482387640625 0.8226734359375 0.7617402 0.8192368453125001 0.760712340625 0.81425891875
0 0.9115871546875001 0.79771320625 0.9038927156250001 0.785029034375 0.882237203125 0.77847144375 0.8386837187499999 0.7887620562500001 0.8355603515625001 0.7932996 0.8374875859375001 0.8026332125 0.8416388140625 0.80307359375 0.882049034375 0.8070561875 0.8898375578125 0.8054479875 0.9021826515625 0.796411228125 0.9115871546875001 0.79771320625
0 0.8344002921874999 0.694277290625 0.8288701578125 0.7019068734375 0.81946565625 0.700604896875 0.8032263015625001 0.7104457562500001 0.81650516875 0.7206792937500001 0.854859671875 0.7147060390625 0.8777113140624999 0.7073924703125 0.890718715625 0.6917312546875001 0.8696857203125001 0.6980205296875 0.8344002921874999 0.694277290625
0 0.8707985546874999 0.629669875 0.8561606734374999 0.617770640625 0.8103488000000001 0.6220398703125001 0.7962592468749999 0.6275442078125 0.7850162 0.6370021828125 0.7881196734375 0.6422003000000001 0.8051100281249999 0.645828546875 0.812256140625 0.6411091421874999 0.8345739578125 0.6410422734375001 0.8503536781250001 0.6338914015625 0.8707985546874999 0.629669875
0 0.8401387874999999 0.5549245968750001 0.82189800625 0.55998855625 0.8059355125 0.5613382359375 0.7896617578125 0.5562644828125001 0.7623078390625 0.5761855578125 0.76553979375 0.582005915625 0.7822731828125 0.584389678125 0.8045910015625 0.5843228125000001 0.8088906078125 0.575649771875 0.8343516890625 0.5613097 0.8401387874999999 0.5549245968750001
0 0.8386182718749999 0.503316675 0.7899598921875 0.5036322703125 0.7604217734375001 0.512975253125 0.750666221875 0.5247211640625 0.764790175 0.5341314374999999 0.7691983671875 0.5358163 0.8386182718749999 0.503316675
0 0.7519239078125 0.44470326875 0.7532087296875 0.45092567656250004 0.7417630125 0.46431812031249997 0.7446095203125 0.46827175624999995 0.7560896359375 0.46979392343750004 0.791394959375 0.4638015015625 0.818032278125 0.4453259328125 0.7855933578125 0.4455363296875 0.7684745203125 0.4412858421875 0.7519239078125 0.44470326875
0 0.4578078171875 0.8122611359375 0.47125495781250004 0.8036455921875 0.46756336718749997 0.8005152234375 0.4524459546875 0.8010416375 0.4367603203125 0.7939001375 0.41047405000000003 0.799327815625 0.39676994374999996 0.806698875 0.3905232078125 0.8157739656249999 0.39226766875 0.8193063859375 0.403105371875 0.81771735 0.4116647890625 0.81984259375 0.43165003124999995 0.8183110546875 0.4578078171875 0.8122611359375
0 0.4122292953125 0.734088365625 0.3747741703125 0.74441730625 0.366654490625 0.7493377359375 0.364045053125 0.75636424375 0.3854436 0.7616773515624999 0.41185835156249995 0.756871915625 0.44167333124999997 0.7390377546875 0.4334993609375 0.7387792328125 0.4273467078125 0.73356195 0.4122292953125 0.734088365625
0 0.35577328124999996 0.6769759515625 0.35016895625 0.6891622453124999 0.3580660671875 0.6979119453125 0.400389021875 0.686577878125 0.4168853421875 0.6779814984375 0.42085379375 0.672620690625 0.397508115625 0.6677096312499999 0.376015484375 0.67668889375 0.35577328124999996 0.6769759515625
0 0.40921619062500003 0.6211757343750001 0.38420024218750004 0.608175546875 0.3760262703125 0.6079170234375 0.3445410203125 0.61766205625 0.3366783078125 0.6238269671875 0.337118046875 0.630872640625 0.35105922500000003 0.6344817218750001 0.3605379140625 0.6312269890625 0.3649461046875 0.6329118499999999 0.39966331093749996 0.6289871765624999 0.40921619062500003 0.6211757343750001
0 0.32122063125 0.568629403125 0.324195621875 0.573205278125 0.343464259375 0.57311924375 0.368776965625 0.567892590625 0.38847084062500004 0.550201959375 0.3790663390625 0.5488999796875 0.3593380640625 0.551676003125 0.336486421875 0.5589895671875 0.32122063125 0.568629403125
0 0.732147675 0.7374489453125 0.69906634375 0.7345481375 0.6870723 0.73053700625 0.66765528125 0.7397364609375 0.6487720890625 0.7416892140625 0.6482925578125001 0.7541148640625 0.6579540234375 0.7566613234374999 0.6725575078125 0.7536459468750001 0.6852681515625 0.7562115703125001 0.6930566781249999 0.75460336875 0.732147675 0.7374489453125
0 0.6592460265625 0.6866416484375 0.6870939796875 0.6789451984375 0.6891894890625 0.669429728125 0.70607125625 0.662700071875 0.6936917640625 0.6568222171875 0.6695552984375001 0.6579133765625 0.6560538625000001 0.66134996875 0.6416530515625001 0.6604308765625 0.6221618453125 0.6741870390625 0.6223446203125 0.6799882312500001 0.63082985 0.6866701843749999 0.642127190625 0.6823911625 0.6592460265625 0.6866416484375
0 0.6770499046875 0.610637665625 0.6501954109375 0.608397428125 0.6337732796875 0.612437096875 0.607689684375 0.6139303046875 0.6019025828125 0.6203154046875 0.600523675 0.6283853703125 0.630555828125 0.6312670125000001 0.6544353296875001 0.6289313734374999 0.6635285734374999 0.6238099171875 0.678003575 0.6201723 0.6770499046875 0.610637665625
0 0.593801625 0.5515863859375 0.5842487453125 0.559397828125 0.585790534375 0.5668647171875 0.5988866265625 0.5712970625 0.6353681875 0.561169146875 0.65296655625 0.552993984375 0.6607007859375 0.5462068328125 0.61944548125 0.543047503125 0.593801625 0.5515863859375
0 0.6036885078124999 0.47656842499999996 0.5986921984375 0.47695130937499997 0.5690599953125 0.5005866640625001 0.573725153125 0.5035160078125 0.5878689984375 0.5031906187499999 0.6159739156249999 0.4967386484375 0.6324702375 0.488142271875 0.6325444250000001 0.48358556249999995 0.61353275 0.484916075 0.6036885078124999 0.47656842499999996
0 0.32310305 0.9808585703125001 0.3126507921875 0.9843143265625001 0.3079657421875 0.9911206437500001 0.315888965625 0.9964596968749999 0.3674218171875 0.9958600578125001 0.37361447812500004 0.9944332953125 0.36053828125 0.9802652875 0.35210734375 0.978762284375 0.32310305 0.9808585703125001
0 0.34386996875000003 0.9142886046875001 0.3528546265625 0.8988092484375001 0.3492915171875 0.89630111875 0.333383315625 0.9028297515625001 0.29308168125 0.9092050593750001 0.282298271875 0.91597304375 0.2824810484375 0.9217742359375001 0.2879912859375 0.9238803125 0.298240871875 0.9243590265625 0.30523860625 0.9287530421874999 0.32022753593750003 0.9276043875 0.34735889062499997 0.9213534421875 0.34386996875000003 0.9142886046875001
0 0.33065618125 0.840462146875 0.33962094062500003 0.8347184515625001 0.33482730312500003 0.8311668671874999 0.336132021875 0.8276536125 0.305897196875 0.828706440625 0.2644193265625 0.8392172421874999 0.26116747500000004 0.8431325468749999 0.2640682765625 0.8522651343750001 0.2915108875 0.8524376203124999 0.33473321875 0.8454592375000001 0.336423384375 0.8438127078125 0.33065618125 0.840462146875
0 0.2923866515625 0.7731068249999999 0.2600762125 0.7739394625 0.24598666093750002 0.7794438 0.24176124375 0.78356013125 0.24304606718750002 0.7897825390625 0.25718991562500004 0.7894571499999999 0.2650327328125 0.7930279 0.2695151140625 0.7901560515625 0.32039748437500004 0.780947228125 0.2923866515625 0.7731068249999999
0 0.222023859375 0.7272999421875 0.2231802015625 0.7329001093749999 0.23212506562500002 0.736892075 0.24316544062499998 0.7313685703125 0.2645096921875 0.731502728125 0.29555520468749996 0.7147120218749999 0.2648806375 0.7087191765624999 0.24845850625 0.71275884375 0.222023859375 0.7272999421875
0 0.003597115625 0.1807230015625 0.004368009375000001 0.1844564453125 0.0169501734375 0.1863998296875 0.050511035937500004 0.17687498906250002 0.0738422125 0.15713577343750001 0.0495772609375 0.157604690625 0.035359228124999996 0.162486790625 0.0259348296875 0.1709204734375 0.003597115625 0.1807230015625
0 0.0489058453125 0.105192940625 0.054618757812499995 0.10336454843750001 0.014850946875000002 0.10249315781249999 0.0012887921874999999 0.11075846874999999 0.0014367718749999999 0.12347588125 0.0029998875000000003 0.1237545421875 0.0181173 0.1232281265625 0.038048246875000004 0.11651763906249998 0.0489058453125 0.105192940625
0 0.15175813437500002 0.0625462328125 0.1479181671875 0.068529284375 0.13603270781250001 0.0748760578125 0.0966304515625 0.08560704999999999 0.09350708437500001 0.0901445921875 0.09648207187499999 0.09472046875 0.11918533906249999 0.09652032499999999 0.13696648281249998 0.0941463546875 0.15197530937499998 0.0832620375 0.15603784375000002 0.06360885468750001 0.15175813437500002 0.0625462328125
0 0.2108488765625 0.06851054375 0.2415433375 0.06476772812500001 0.258593378125 0.039188990624999996 0.2512644890625 0.038107203125 0.2263372328125 0.045200578125 0.20249212968750002 0.0624508296875 0.2035199890625 0.06742875625 0.2108488765625 0.06851054375
0 0.309292975 0.0241789734375 0.3025323078125 0.0307651015625 0.308941925 0.0372268625 0.3487296296875 0.0283625953125 0.35674371250000003 0.014381185937499999 0.3190286296875 0.0221687234375 0.309292975 0.0241789734375
0 0.4453956859375 0 0.4457749234375 0.00183665 0.45446282499999996 0.004584134375 0.4885919125 0.0027272078125 0.492174803125 0 0.4453956859375 0
0 0.8673814140625 0.04777980625 0.8774482234375001 0.042457326562499995 0.8694769234375 0.0382643359375 0.8885826828125 0.0226414484375 0.8762574843750001 0.021942546875 0.855684125 0.025541834375 0.8306283875 0.032012968749999995 0.8114683359375 0.042456904687500005 0.8108060281249999 0.049081359375 0.8155996671875 0.0526329453125 0.82779638125 0.05270960625 0.8411693343750001 0.048650775 0.8555701484375 0.0495698671875 0.8673814140625 0.04777980625
0 0.7403238625 0.06168844531249999 0.7318187375 0.0647421546875 0.6978181328125 0.06722132187499999 0.6650281640625 0.08047960781249999 0.662161759375 0.0862616359375 0.66513675 0.0908375109375 0.6842769078125001 0.0901292375 0.7021865328125 0.0883775078125 0.721860515625 0.0804225359375 0.7420683234375 0.065220865625 0.7403238625 0.06168844531249999
0 0.534570384375 0.107416975 0.51919600625 0.10669890625 0.4949853484375 0.11234677343749999 0.49601320781249997 0.11732469999999999 0.47880028750000003 0.1273665859375 0.4839793734375 0.132784890625 0.49520252343750004 0.133062578125 0.529277315625 0.1260267 0.5481261109375 0.109159334375 0.5514521515624999 0.10068731875 0.534570384375 0.107416975
0 0.34915574843749997 0.1680744890625 0.3917356640625 0.157984903125 0.412531590625 0.1407154859375 0.4109156125 0.13780530625 0.3765838546875 0.143596703125 0.34789081718750003 0.1521164203125 0.3360596546875 0.1636421421875 0.34915574843749997 0.1680744890625
0 0.23492937500000002 0.19004851250000002 0.23693079843749998 0.1948254140625 0.2482824328125 0.195725340625 0.2620408296875 0.1935332296875 0.27976768281250003 0.1859803078125 0.2925724125 0.1742535609375 0.27181627812500003 0.17205165625000002 0.24993820000000003 0.1791641953125 0.23492937500000002 0.19004851250000002
0 0.179564621875 0.202129184375 0.159910534375 0.20034849375000002 0.1321910640625 0.2086671859375 0.1220500671875 0.21854637656250003 0.1300213671875 0.22273936718749998 0.1638934890625 0.21963795625000002 0.179564621875 0.202129184375
0 0.1483127234375 0.129432215625 0.1218780765625 0.1439733140625 0.11104037343749999 0.14556235 0.1068692515625 0.15485763125000002 0.1299579625 0.15852420625000002 0.14066718281249999 0.1563129296875 0.1548309265625 0.1462518796875 0.16263934687499998 0.13490801875 0.16186845156250002 0.13117457500000002 0.1483127234375 0.129432215625
0 0.2771346296875 0.109320334375 0.284537709375 0.1058454109375 0.259501865625 0.10258088437499999 0.24469570937500001 0.10953073124999999 0.23288444218749998 0.111320790625 0.22698875468750002 0.107347990625 0.21820676875 0.1188928765625 0.22026248750000002 0.1288487296875 0.2270032578125 0.13199826406249998 0.2512139125 0.1263503953125 0.2654862421875 0.126647246875 0.2771346296875 0.109320334375
0 0.35375494375 0.07728025625 0.3280368984375 0.09037584843749999 0.3240684484375 0.095736659375 0.3252247890625 0.10133682656250001 0.338909 0.10370142499999999 0.370063096875 0.097268621875 0.3804067671875 0.0834549625 0.3868362765625 0.0801810640625 0.38606538281249997 0.07644761875 0.35375494375 0.07728025625
0 0.5398887375 0.0446856515625 0.5111414078125 0.048026415625 0.4785541078125 0.0573502328125 0.470103278125 0.06558289218749999 0.4780745765625 0.069775884375 0.5150700671874999 0.062136929687499995 0.5398887375 0.0446856515625
0 0.696603603125 0 0.691270925 0.0011011093749999999 0.6589405921875 0.011669407812500001 0.6528223390625 0.0213667390625 0.65631125625 0.028431576562499998 0.702399990625 0.0156711671875 0.7133860703125 0.0049687140625 0.7152313046875001 0 0.696603603125 0