0 0.9308366187500001 0.051310453125 0.9289467484375 0.088288028125 0.9336523484375 0.1037935515625 0.9410674859375 0.10662485937499999 0.94930864375 0.0977763734375 0.95065491875 0.091925621875 0.946656428125 0.07154929374999999 0.9481046265625 0.059862264062500004 0.942844803125 0.040473121875000004 0.9385065656249999 0.0395510625 0.9308366187500001 0.051310453125
0 0.8563712656250001 0.0409770390625 0.8503066718750001 0.103288575 0.853400559375 0.104225109375 0.854746834375 0.09837435624999999 0.8597582062500001 0.0963710421875 0.86944120625 0.1118186796875 0.8703691546875 0.0943026046875 0.8762914875 0.07575592812500001 0.8734354234374999 0.0612014109375 0.8742444609375 0.050494326562500004 0.8652006234374999 0.0340667421875 0.8589449015625 0.036084526562500004 0.8563712656250001 0.0409770390625
0 0.7822852828125 0.0617907671875 0.781306371875 0.08222498125 0.7925671109375 0.11418703593749999 0.79909463125 0.0966058359375 0.7998420765625001 0.053806453125 0.7939091140625 0.037342689062500004 0.78566795625 0.0461911734375 0.7822852828125 0.0617907671875
0 0.720313803125 0.082934334375 0.7224967296875 0.1004142296875 0.7385543640625001 0.107035084375 0.7432493359375 0.0875301671875 0.747067321875 0.0826231875 0.7453536828125 0.073890475 0.7359085078125001 0.044824851562500004 0.7277862609375 0.046864346875000004 0.720313803125 0.082934334375
0 0.6675610953125 0.0242243984375 0.6630529843749999 0.03302946875 0.6594431171874999 0.09725748749999999 0.6618638671875 0.1011193984375 0.6656139046875 0.10010326875 0.6707441890625 0.09129096249999999 0.676683509375 0.071771571875 0.68028701875 0.043526707812499996 0.6791955546875 0.0347867609375 0.6774819171875001 0.026054048437499998 0.6731946421874999 0.0222138484375 0.6675610953125 0.0242243984375
0 0.5931145921875001 0.0484305984375 0.5882327578125001 0.0786353609375 0.588113846875 0.08544435312500001 0.593594509375 0.092188225 0.5976779328124999 0.107700984375 0.6021011078125 0.10375947968749999 0.6057322328125 0.10955234218750001 0.6079724796875 0.0881309421875 0.6073906375 0.0502095984375 0.60325625 0.0376149765625 0.5976227015625 0.039625528125 0.5931145921875001 0.0484305984375
0 0.5288437218750001 0.0598757515625 0.5288883249999999 0.0929407671875 0.5367897359375 0.1035465453125 0.5378812 0.1122864921875 0.5452007703125 0.0849709234375 0.54327265625 0.052900329687500004 0.5390533296875 0.045169274999999995 0.53343676875 0.0462071140625 0.5288437218750001 0.0598757515625
0 0.4568009796875 0.08891657343750001 0.4701320921875 0.109184359375 0.4746911640625 0.09746115 0.4791143375 0.0935196453125 0.4750309125 0.078006884375 0.47538764687499996 0.0575799046875 0.46602105 0.059633871875 0.461965240625 0.078158840625 0.4568009796875 0.08891657343750001
0 0.399499303125 0.05748998281249999 0.3961166328125 0.07308957499999999 0.38723630781249996 0.0829180109375 0.390816471875 0.0916290140625 0.3935706109375 0.1120198125 0.4054938578125 0.10604605 0.41060715468750003 0.0982064546875 0.41032472656249996 0.0787594265625 0.408865903125 0.055436015625 0.4033172890625 0.052583001562499995 0.399499303125 0.05748998281249999
0 0.33095814687499997 0.064122221875 0.326127275 0.09140884218749999 0.326811040625 0.123493909375 0.33838391093750003 0.1019639703125 0.34217428125 0.063019259375 0.33978750625 0.0572119234375 0.33543228125 0.0572625765625 0.33095814687499997 0.064122221875
0 0.2708061203125 0.07068796875 0.26590729999999996 0.1018654453125 0.26570345156249997 0.1135380046875 0.26758696406250004 0.11254358281250001 0.2772020125 0.1318820734375 0.27811297343749997 0.1153387109375 0.28543254375 0.0880231453125 0.2850821671875 0.0724669671875 0.28087983125 0.06376319999999999 0.2746920578125 0.0618901328125 0.2708061203125 0.07068796875
0 0.580662646875 0.1915352234375 0.5854871578124999 0.2002317546875 0.5907130109375001 0.2215663234375 0.5993724953124999 0.2243831578125 0.5999267203125 0.2282667765625 0.6034792671875 0.2029400515625 0.6034686390624999 0.167929609375 0.601132825 0.159204134375 0.591783215625 0.1602853859375 0.580662646875 0.1915352234375
0 0.5244548390625 0.20432984843750002 0.5292114015625 0.21691723281250003 0.5360043625 0.219755778125 0.5349978359375 0.20615226406249998 0.5398966578125 0.1749747859375 0.5351231078125 0.163360115625 0.5289523218750001 0.1605143359375 0.526395671875 0.16443413125 0.5244548390625 0.20432984843750002
0 0.46224317187499997 0.1691013515625 0.4544033515625 0.19058787500000002 0.4573953125 0.1973606875 0.45539289062500005 0.2051641015625 0.4560596671875 0.23822188125000002 0.46039790468749997 0.23914394218749999 0.462366353125 0.233285953125 0.466099403125 0.2332425375 0.46848617656249997 0.2390498734375 0.47553394843749996 0.22729771875 0.477757209375 0.20684903281250003 0.46780877031249996 0.170981653125 0.46538802031250004 0.16711974375 0.46224317187499997 0.1691013515625
0 0.39002869375000004 0.172356978125 0.3860578203125 0.18601837968749999 0.3837326359375 0.21230334687500002 0.38838727500000003 0.2307270109375 0.3946939578125 0.225791084375 0.40371018125 0.20818094375 0.403077378125 0.1731777375 0.4007415640625 0.1644522609375 0.3970255015625 0.1635229640625 0.39002869375000004 0.172356978125
0 0.31753365 0.19167790468749998 0.32075707656249997 0.2208158875 0.32509531406250003 0.2217379484375 0.33212609843749996 0.21095850781249997 0.3339650078125 0.176899071875 0.3316122078125 0.1691463078125 0.326029621875 0.16823871875000002 0.31753365 0.19167790468749998
0 0.2603017875 0.1918727890625 0.264395840625 0.24239598906249998 0.2742890484375 0.2101879125 0.27486661875 0.1771156625 0.27064729375 0.1693846078125 0.266897259375 0.1704007359375 0.2603017875 0.1918727890625
0 0.21872885156250002 0.0790426828125 0.21285747968750002 0.09467121875 0.2174781421875 0.11504030937500001 0.221109265625 0.12083317499999999 0.225498465625 0.11883709687499999 0.23261418906250003 0.10319408593749999 0.232603559375 0.0681836453125 0.228384234375 0.060452590625000004 0.22152332343749997 0.061504899999999994 0.21872885156250002 0.0790426828125
0 0.2184613234375 0.165599690625 0.21094426249999998 0.16860466406250002 0.2063002546875 0.1851914390625 0.19730102031250002 0.20182887031250002 0.20909899531249998 0.238647253125 0.2155755546875 0.2239841953125 0.22085236562500002 0.24240062343750002 0.22126006406249998 0.2190555046875 0.2245578 0.208319478125 0.2235173 0.19666139062500002 0.21945086093750002 0.18017591875 0.22025989687499997 0.1694688375 0.2184613234375 0.165599690625
0 0.45503220000000005 0.2970555015625 0.454709440625 0.3155370546875 0.45132676875 0.331136646875 0.4634644921875 0.348500765625 0.46655837812499995 0.3494373 0.4711854 0.3338232359375 0.4721473234375 0.314361734375 0.4687030609375 0.297869025 0.4638615609375 0.29014520781250003 0.45503220000000005 0.2970555015625
0 0.38366895625 0.2871877953125 0.38300644687499996 0.3251236125 0.3907040109375 0.34740194999999996 0.39608910625 0.32399894375 0.394766178125 0.29289382812500003 0.393674715625 0.2841538796875 0.39121999218750003 0.282237396875 0.38366895625 0.2871877953125
0 0.3155970875 0.3025672171875 0.3170389265625 0.326863340625 0.322162853125 0.3540341890625 0.331297984375 0.3296150515625 0.33184158125 0.298488228125 0.32772418281250004 0.28492089374999996 0.3240420953125 0.2820461703125 0.3155970875 0.3025672171875
0 0.255127215625 0.3100781 0.25441374375 0.35093205625 0.25574303125000003 0.34605401874999997 0.2619647796875 0.345981659375 0.2631411796875 0.349858040625 0.2689955640625 0.3352022171875 0.2753532125 0.32734815156249997 0.27391137187500003 0.3030520296875 0.2693076953125 0.2817102234375 0.2625147359375 0.278871678125 0.255127215625 0.3100781
0 0.198730140625 0.2980913015625 0.19633700781250002 0.328267121875 0.19771089687500001 0.35645409843750003 0.202756246875 0.35250535625 0.21123522968750003 0.3300388828125 0.21440342499999998 0.291101409375 0.2121015859375 0.28043050625 0.20717515 0.27757025625 0.198730140625 0.2980913015625
0 0.1529481921875 0.07008256562500001 0.14901129375 0.0817985390625 0.147223346875 0.11293983593750001 0.1538294484375 0.126478225 0.16713294218750002 0.112708284375 0.16449771562499999 0.08550849375 0.15984307656250002 0.0670848296875 0.156127015625 0.0661555328125 0.1529481921875 0.07008256562500001
0 0.7644270765625001 0.4432246125 0.755563740625 0.452080334375 0.7620679171875 0.4714550046875 0.76228239375 0.49479288749999994 0.77013284375 0.5083168046875 0.7728084046875 0.497588015625 0.7791490640625 0.49070666249999995 0.7824298125 0.48094335 0.7796416984375 0.46249797812500004 0.7823002734375 0.4527419015625 0.7739465609375 0.43241622656249995 0.7670686625 0.4344412484375 0.7644270765625001 0.4432246125
0 0.6943062578125 0.451820253125 0.690872621875 0.47033798437499996 0.6975806453125 0.47804009531249997 0.7027555343749999 0.5022928015625 0.71180573125 0.48273723437499994 0.715171415625 0.46811035624999997 0.71611635 0.4496215671875 0.7095951875 0.4312196109375 0.7046347765625 0.4303047859375 0.7014389671875 0.43520453281249993 0.6943062578125 0.451820253125
0 0.6272026281249999 0.4462637984375 0.6246396203125 0.48616675000000004 0.6327958421875 0.48218183124999997 0.63686228125 0.49866730312499996 0.643876078125 0.4888605765625 0.645528125 0.4655009859375 0.6512805859374999 0.456681440625 0.652106609375 0.44500164687500005 0.654663259375 0.44108185000000005 0.654126021875 0.43622552031249995 0.6473500453125001 0.43241426250000004 0.6462755703124999 0.4227016015625 0.6413321484375001 0.42081406406250005 0.6369089734375 0.42475556875000003 0.6272026281249999 0.4462637984375
0 0.5677902859375 0.42995127499999997 0.5684910390625 0.46106362812499996 0.5733155515624999 0.4697601609375 0.577280065625 0.49208191250000005 0.5798027390625 0.4901075421875 0.5852727734375 0.4618409703125 0.5850582953125001 0.4385030890625 0.58111076875 0.415208621875 0.573073459375 0.4123845484375 0.5677902859375 0.42995127499999997
0 0.5060780515625 0.418998809375 0.5046638296875 0.428740415625 0.5090806437500001 0.46078206406250005 0.5115693421875 0.46075312031250004 0.5194431390625 0.43732117031250006 0.5263889859375 0.43140529375 0.52637835625 0.396394853125 0.5209146828125 0.38867827187500004 0.515264146875 0.391661534375 0.5060780515625 0.418998809375
0 0.447343178125 0.416764359375 0.438405534375 0.4654940890625 0.44020410937500004 0.469363234375 0.4409282078125 0.4635197171875 0.4460075328125 0.45762555000000005 0.45209338125 0.46533489687499996 0.4572916171875 0.45263173593749995 0.4607422375 0.43314129218749997 0.46059571093749996 0.4059125578125 0.4519871875 0.40017758125 0.4469078640625 0.4060717484375 0.447343178125 0.416764359375
0 0.3811951546875 0.3932207765625 0.372665209375 0.41860539062499996 0.3717882234375 0.43320332500000003 0.3745083890625 0.45553954843750005 0.3880433484375 0.4641347765625 0.3924325453125 0.46213869843750005 0.39223505625 0.43782810312500003 0.3891305421875 0.401881128125 0.38553339062499997 0.3941428359375 0.3811951546875 0.3932207765625
0 0.3133101484375 0.397900353125 0.3137454625 0.40859296250000005 0.3088976015625 0.436852296875 0.31441223906250004 0.441650740625 0.3166970890625 0.4532943546875 0.3247513890625 0.4551457140625 0.33001757187499997 0.4385517015625 0.32959924687500003 0.42688637968750004 0.3258046078125 0.3948374921875 0.31652294531249997 0.3920278921875 0.3133101484375 0.397900353125
0 0.24177066875 0.43374293125 0.2556729921875 0.456921621875 0.260684365625 0.45491830625 0.2666236875 0.43539891875 0.2633832734375 0.4072336515625 0.2598540734375 0.39560450625 0.2536493109375 0.394704153125 0.24177066875 0.43374293125
0 0.1833881578125 0.428586834375 0.1840549359375 0.4616446140625 0.1888114984375 0.4742319984375 0.19077994843749999 0.4683740109375 0.1989531578125 0.4634163765625 0.20203005625 0.4653256234375 0.2054636921875 0.446807890625 0.2043446125 0.404030215625 0.20021022500000002 0.3914355953125 0.1933663015625 0.391515190625 0.1833881578125 0.428586834375
0 0.43903197812499994 0.5364804484375 0.43635641875 0.5472092375 0.43127709531249997 0.55310340625 0.4330756703125 0.5569725515624999 0.4307504875 0.5832575171875 0.43770696249999996 0.61235208125 0.4420621859375 0.6123014296875 0.44779765937500005 0.6044546015625001 0.4498913796875 0.5558044671875 0.447069290625 0.5393045203125 0.44345515312500006 0.53253894375 0.43903197812499994 0.5364804484375
0 0.3643136765625 0.5762500609375001 0.365942378125 0.5898463390625001 0.3731196921875 0.6062956328125 0.3823737359375 0.5750675046875 0.39056393125 0.5691371562499999 0.39191020625 0.5632864046875 0.37868101875 0.5371823390625 0.371197934375 0.5382418828125 0.3643136765625 0.5762500609375001
0 0.30788898593749997 0.530225534375 0.3025378640625 0.5516831140625 0.3046358546875 0.574026575 0.313662703125 0.5914268734375 0.31465224375 0.6060031015625 0.319245290625 0.5923344625 0.322339178125 0.5932709968750001 0.3236854515625 0.587420246875 0.323470975 0.5640823640625 0.317187634375 0.532062421875 0.3122781859375 0.52822945625 0.30788898593749997 0.530225534375
0 0.2517233765625 0.54060390625 0.24879300624999998 0.5659233953125 0.2500989453125 0.598001225 0.2591831171875 0.5765002296875 0.26231733749999997 0.53950818125 0.2598965875 0.5356462718749999 0.2549191890625 0.5357041609375 0.2517233765625 0.54060390625
0 0.1900771046875 0.544238409375 0.18358355937499998 0.55987418125 0.178837625 0.5822972375 0.1785318515625 0.5998060765625 0.20259917968750002 0.5752132765625 0.2014461265625 0.5343810296875 0.1978489765625 0.5266427390625 0.190297940625 0.5315931359375 0.1900771046875 0.544238409375
0 0.4275122515625 0.7330625937499999 0.4253739296875 0.748647715625 0.42932145625 0.77194218125 0.43839926875 0.786424340625 0.44955380937499995 0.7532290781250001 0.445255909375 0.7143784359375001 0.4410026078125 0.7085928078125 0.435386046875 0.70963064375 0.4275122515625 0.7330625937499999
0 0.360810003125 0.7056353953125 0.36052121718749996 0.722171521875 0.3552720203125 0.7377928218750001 0.3550851609375 0.7484926671875 0.3625109234375 0.7863344171875 0.3685691578125 0.7600060359375 0.37558295468749997 0.7501993078125 0.3744299015625 0.709367059375 0.3714719140625 0.70064881875 0.363383640625 0.7007428859375 0.360810003125 0.7056353953125
0 0.2984736078125 0.7131679890625 0.298269759375 0.724840546875 0.29231345000000003 0.74533265 0.291096715625 0.7793848484375 0.29494867812500003 0.772532440625 0.30293502499999997 0.778274653125 0.307324225 0.776278575 0.31391969531249997 0.754806521875 0.31211049062499996 0.7159269359375 0.3073029671875 0.706257690625 0.30294774375 0.70630834375 0.2984736078125 0.7131679890625
0 0.227188940625 0.73441986875 0.22881764218749998 0.7480161468750001 0.22647546875 0.775273825 0.2312150453125 0.7888339234374999 0.24133971718749997 0.7789910140625 0.2446884140625 0.76533685 0.25287861093749997 0.7594065015625 0.247771671875 0.7312629421875 0.24484766093750002 0.7205992765625 0.239938209375 0.716766309375 0.227188940625 0.73441986875
0 0.16902090625 0.7526016546875 0.168698146875 0.7710832046875 0.175049434375 0.7992122953125 0.18509552812500002 0.7582497984375001 0.1863462359375 0.722252171875 0.18014147656249999 0.72135181875 0.1763234890625 0.7262588 0.16902090625 0.7526016546875
0 0.745301696875 0.8810791046875 0.7421228734375 0.8850061374999999 0.7379481515624999 0.9103400984375 0.7376253921875 0.9288216515625001 0.7421271421875 0.955999734375 0.74513609375 0.9617998328124999 0.7489201046875 0.9588382781250001 0.752302775 0.9432386875000001 0.75745005 0.933453665625 0.758496909375 0.909128596875 0.7545154078125 0.8877795578125 0.750884284375 0.88198669375 0.745301696875 0.8810791046875
0 0.659203221875 0.8762453484374999 0.6571498359375 0.886966903125 0.6571774515625 0.92100463125 0.6624882390625 0.9374756328125 0.6685571015625 0.9461576921875 0.6755199359375 0.9392691031249999 0.6782634468750001 0.9246494609375 0.67492110625 0.902320471875 0.67576411875 0.8896679625000001 0.6679476453125 0.8741986203125001 0.6623820453125 0.8723183156250001 0.659203221875 0.8762453484374999
0 0.5896536140624999 0.88775189375 0.5837312796874999 0.9062985703124999 0.5919151203124999 0.9363513765624999 0.5991603796875 0.9489098171875 0.6037024671875 0.9381593203125 0.6058407906250001 0.9225741984375 0.6038277375 0.895367171875 0.6061529218749999 0.8690822062500001 0.5968712609375 0.8662726062500001 0.5886131140625 0.8760938062499999 0.5896536140624999 0.88775189375
0 0.5363674140625 0.8757289171875 0.532362565625 0.89133574375 0.5300883468750001 0.9147025703124999 0.5359873328125 0.9331117609374999 0.535076371875 0.9496551234374999 0.545472840625 0.9242488046874999 0.5530238765625 0.9192984046875001 0.5484032140624999 0.8989293140625 0.5498683984375 0.8862695703125001 0.5451288234375 0.8727094734374999 0.5401684140625 0.871794646875 0.5363674140625 0.8757289171875
0 0.5363100921874999 0.9146302109375 0.5400601296875001 0.9136140812500001 0.5432899156250001 0.906768909375 0.5421814656249999 0.8990016750000001 0.536632853125 0.8961486578125 0.5332671671875 0.9107755375 0.5363100921874999 0.9146302109375
0 0.4804566171875 0.8715165890625001 0.4802187921875 0.8851345734375 0.4747997203125 0.91048300625 0.48305150937499997 0.9366449609374999 0.49586872812499994 0.91510055 0.49698353749999996 0.886884628125 0.4917407 0.8665227734375 0.48558690000000004 0.8627042812499999 0.4804566171875 0.8715165890625001
0 0.421570840625 0.859558734375 0.41754900624999997 0.8761382765624999 0.4186001375 0.9228068046875 0.4240128484375 0.9334415249999999 0.4332499046875 0.9031861109375001 0.4340822875 0.8555231624999999 0.43166153906250004 0.8516612515625 0.42606196562500004 0.8517263749999999 0.421570840625 0.859558734375
0 0.3451049265625 0.8925410609375 0.34616241406250003 0.9032264359375001 0.3588713515625 0.9235014578125 0.36669418593750003 0.902987646875 0.363872096875 0.886487703125 0.36592548125 0.8757661499999999 0.36189301875 0.85733525 0.3562934453125 0.8574003734375 0.3451049265625 0.8925410609375
0 0.285579990625 0.88156315625 0.2840468546875 0.8981137546875001 0.28802835625 0.91946279375 0.29364491875 0.9184249578125 0.2959807296875 0.9271504343749999 0.30589092500000004 0.8939696421875001 0.3054556125 0.8832770312499999 0.30036565937500004 0.8541607593749999 0.2929335375 0.8523021625 0.285579990625 0.88156315625
0 0.2168859484375 0.896949815625 0.2207315484375 0.926080559375 0.2237574859375 0.9309079468749999 0.22814668437500002 0.92891186875 0.2353643296875 0.9074325828124999 0.2416540296875 0.9034693687500001 0.238848928125 0.8859967093750001 0.231739565625 0.8656565625000001 0.22487865468749998 0.866708871875 0.2168859484375 0.896949815625
0 0.16121297031249998 0.8791195015625 0.1569872875 0.9073716015625 0.16468485156249998 0.9296499390624999 0.1728070984375 0.9276104437500001 0.17736617187499998 0.915887234375 0.17742349375 0.8769859406249999 0.173911278125 0.8643840828125 0.16895086875 0.8634692562499999 0.16121297031249998 0.8791195015625
0 0.9079459640625 0.9346209234374999 0.9157964140624999 0.9481448406249999 0.9222496265625001 0.97043765 0.9325611578125 0.9498948953124999 0.9359268453125 0.9352680156250001 0.93624960625 0.9167864640625 0.9316119546875001 0.8973900875 0.9161934828125 0.8897892828125 0.912375496875 0.8946962640624999 0.9079459640625 0.9346209234374999
0 0.8243770453125 0.91127995 0.833968746875 0.9675743062500001 0.842107984375 0.9645620984375001 0.84594295625 0.958682403125 0.8507398531250001 0.9333412078125001 0.8509097265625 0.923614075 0.84571785 0.9003340812499999 0.8396829640625001 0.8897065953125001 0.8334612140625 0.8897789546875 0.8243770453125 0.91127995
0 0.9277898640625001 0.7428045437499999 0.9245430906250001 0.7506224296874999 0.9222688671875 0.7739892578124999 0.9238466078125 0.7905036734374999 0.9303507828124999 0.8098783421875 0.93404985625 0.8117803531250001 0.9403565421875 0.806844428125 0.942110515625 0.7776485578125001 0.93644935 0.74562138125 0.933406425 0.74176670625 0.9277898640625001 0.7428045437499999
0 0.937064909375 0.58514913125 0.9289766343749999 0.5852432000000001 0.9244005765625 0.597939125 0.9235915406249999 0.60864620625 0.9285116171875 0.6474896125 0.9421824765625001 0.6483031328125 0.9462212984375 0.6307508796875 0.945785984375 0.6200582703124999 0.942256784375 0.6084291265624999 0.9418554468749999 0.5957910890625 0.937064909375 0.58514913125
0 0.9250336453125 0.4559444703125 0.9241396734375 0.4715151171875 0.9209438625 0.4764148640625 0.9279003390625 0.5055094312499999 0.9357507875 0.5190333468749999 0.9426626609375001 0.5150629 0.94797980625 0.49555074687499995 0.94029923125 0.47229969531249993 0.9411422421875001 0.4596471875 0.9332068578125 0.4509868359375 0.9288346437499999 0.45201020156249994 0.9250336453125 0.4559444703125
0 0.9338350312499999 0.3070472078125 0.925644834375 0.3129775546875 0.9248357984375 0.32368463593749996 0.9209328749999999 0.3334551859375 0.9260228265625001 0.362571459375 0.9319388015625 0.3800079390625 0.9395068249999999 0.3740848265625 0.944722046875 0.360408953125 0.94639108125 0.33607665 0.9391458203124999 0.32351820781249996 0.93992088125 0.314756553125 0.9338350312499999 0.3070472078125
0 0.8436282187499999 0.4500836171875 0.84169374375 0.453996178125 0.8404090609375 0.49193923125000005 0.8501769984375 0.5025233 0.8601317953125 0.502407525 0.86048853125 0.4819805453125 0.8554665281249999 0.44897341874999996 0.8505400921874999 0.44611316875 0.8436282187499999 0.4500836171875
0 0.8460064546874999 0.3139037609375 0.8418657078124999 0.3372922953125 0.8416278828125 0.35091028125 0.846955659375 0.36640856875 0.85675756875 0.3750472125 0.8607963921874999 0.35749495625 0.8651006562499999 0.3603624453125 0.8659436656249999 0.3477099375 0.8619451765624999 0.3273336109375 0.8645527875000001 0.3204956734375 0.8634443375 0.3127284390625 0.8529862765624999 0.306042459375 0.8460064546874999 0.3139037609375
0 0.840578834375 0.5707110281250001 0.8329428609375 0.5805249921875 0.8353572515625001 0.6203700578125 0.8434391671875 0.6562591421875 0.8484165656249999 0.6562012546875 0.8492765640625001 0.6425760328125001 0.857065421875 0.6240076484375 0.8566470953125 0.6123423265625 0.8507650953124999 0.5929604203125 0.84865011875 0.5715896734375 0.840578834375 0.5707110281250001
0 0.8330343499999999 0.7361264390625 0.8310255671875 0.7799130078125 0.8412627921875 0.7992442609375 0.8548657015625001 0.8039486359374999 0.8519077140625001 0.795230396875 0.8583672874999999 0.7815400515625 0.8585031859375001 0.77375834375 0.8473443703125 0.7359600125 0.846167971875 0.7320836296875 0.8368353484375 0.7321921703125 0.8330343499999999 0.7361264390625
0 0.7476604984375 0.744899475 0.7413198375000001 0.751780828125 0.7513192390625 0.784730065625 0.7490789906249999 0.8061514671875001 0.7617942859375 0.790443334375 0.7646906828125 0.7670692734375 0.7634866671875 0.7291551625 0.75123003125 0.7186000375 0.7447025109375 0.7361812359375 0.7476604984375 0.744899475
0 0.6701774296874999 0.7292678484375 0.66743391875 0.7438874906249999 0.6716298953125001 0.7885744125 0.68573606875 0.80008054375 0.686092803125 0.779653565625 0.6901146390624999 0.763074025 0.6861331374999999 0.741724984375 0.6893799109375001 0.7339070984375 0.6828077875 0.71842328125 0.6772421875 0.7165429796875 0.6701774296874999 0.7292678484375
0 0.6003773812500001 0.7378597578125 0.60821084375 0.7523563890625 0.6098055687499999 0.7678980937500001 0.608238459375 0.7863941156250001 0.6133347703124999 0.7795272375 0.6225208656250001 0.7521899609375 0.6300888875 0.7462668515625 0.6261073859375 0.724917809375 0.6207796109375 0.709419521875 0.6145918375 0.70754645625 0.6003773812500001 0.7378597578125
0 0.5497749234375 0.7491459453125 0.5582921515625 0.795727640625 0.5769871015625 0.7225715390625 0.57456635 0.7187096296875 0.562948878125 0.70717455625 0.55341240625 0.718955653125 0.5497749234375 0.7491459453125
0 0.492384440625 0.7250298296875 0.48616269062499995 0.7251021890625 0.48587390625 0.7416383140625 0.4930682046875 0.7571148953125 0.49874635625 0.788169359375 0.511699475 0.75884324375 0.511066671875 0.7238400375 0.507520484375 0.71318360625 0.5031992359374999 0.7112888328125 0.492384440625 0.7250298296875
0 0.777788059375 0.302054446875 0.7701860593750001 0.309922984375 0.765576025 0.324564334375 0.7651173671875 0.35082759375 0.7748343390625 0.364329803125 0.7770682296875 0.3788915578125 0.780750315625 0.3817662828125 0.7866047015625 0.3671104578125 0.787685534375 0.34083996562499996 0.7855365828124999 0.3214146453125 0.7819394328125 0.31367635312500003 0.78150411875 0.30298374375 0.777788059375 0.302054446875
0 0.7062549375 0.30191387187499996 0.7031037312499999 0.33987863281249997 0.70533761875 0.3544403875 0.71147443125 0.35923159375 0.71320505625 0.366991590625 0.7249647875 0.33476180625 0.724801271875 0.3085057859375 0.7158083984375 0.2891600609375 0.7095187000000001 0.2931232734375 0.7062549375 0.30191387187499996
0 0.64129394375 0.3172571125 0.6365480109375 0.33968016875 0.6455069109375 0.36097132187500003 0.649947071875 0.356057103125 0.6552302421875 0.3384903765625 0.6584663875000001 0.29566205 0.6486135140625 0.289941546875 0.63790064375 0.2978462625 0.64129394375 0.3172571125
0 0.5787770453125 0.2995063953125 0.5751055875 0.33164211250000003 0.5768362125000001 0.3394021109375 0.5938833859375 0.36059919375 0.599669821875 0.3498342234375 0.5971535046875001 0.315825440625 0.5947327546875 0.31196353125 0.5961469796875 0.302221928125 0.5901460671875001 0.289649015625 0.58328515625 0.290701325 0.5787770453125 0.2995063953125
0 0.5208468359375 0.30407019375 0.5179504390624999 0.3274442578125 0.518855040625 0.34688405 0.5218130265625 0.3556022890625 0.535269409375 0.3330779296875 0.53571108125 0.307787384375 0.53230079375 0.2893492484375 0.5273573703125 0.287461709375 0.5208468359375 0.30407019375
0 0.7548443953125 0.5828764875 0.7495102625000001 0.603361353125 0.7555451484375 0.6139888390625 0.7643341734375 0.6450071234375 0.7737580921875 0.6040518625 0.7738939921875 0.59627015625 0.7691204421875 0.5846554859374999 0.769375253125 0.5700647875 0.765172915625 0.56136101875 0.75330063125 0.5644166421875 0.7548443953125 0.5828764875
0 0.673802 0.5745956984375 0.6772972265625 0.5881702671875 0.676437228125 0.6017954890625 0.679762578125 0.6250971921875 0.687663990625 0.6357029703125 0.6910806375 0.6181579515625 0.699859034375 0.6141657953124999 0.70221819375 0.5859354015625 0.6950238953125 0.5704588234375 0.69709426875 0.55876455625 0.68912490625 0.552049628125 0.683508346875 0.5530874671875 0.673802 0.5745956984375
0 0.6228899609375 0.5518474359375001 0.6261813359375 0.5770945640625 0.625270375 0.593637925 0.632294803125 0.6188416375 0.6416444109375 0.6177603859375 0.6425213984375 0.6031624515625 0.645802146875 0.5933991390625 0.6437211453125 0.5700829640625 0.63550333125 0.5419755828125 0.6279862703125 0.5449805546875 0.6228899609375 0.5518474359375001
0 0.5567990921875 0.577901490625 0.5673187421875 0.6166797734375 0.5724490296875 0.6078674656249999 0.5771270125 0.5893352609375 0.5802612328125 0.552343215625 0.573621159375 0.5407502515625 0.5661550609375 0.540837084375 0.5603686265625 0.551602053125 0.5567990921875 0.577901490625
0 0.4894217828125 0.5718774890625 0.48995902031250005 0.57673381875 0.4997779203125 0.5843997484375001 0.5019438578125001 0.6028523578125 0.50631606875 0.6018289921875 0.5115992421875 0.5842622656249999 0.5127140515625 0.5560463437500001 0.510463175 0.5424573046875001 0.5067980750000001 0.5386098640625 0.4894217828125 0.5718774890625
0 0.9244535359375 0.2030971375 0.9276939515624999 0.23126240468749998 0.9306689265625 0.23900793125000003 0.946675596875 0.24854692812499998 0.9477734203124999 0.22130372031249998 0.9429828828125 0.21066176250000002 0.9413711687499999 0.1960927734375 0.9315862453125 0.18648141406250002 0.9258847484375 0.1923828203125 0.9244535359375 0.2030971375
0 0.8632489359375001 0.1814410953125 0.8602230000000001 0.17661370781250002 0.8546064390625 0.17765154375 0.8500473656249999 0.1893747546875 0.8512174078125 0.2292342921875 0.8478177468749999 0.245806596875 0.8508776593749999 0.24868855625 0.8641471796875001 0.236864040625 0.8715793015625 0.2387226359375 0.872677125 0.2114794296875 0.8710654109375 0.1969104390625 0.8655677624999999 0.1911392828125 0.8632489359375001 0.1814410953125
0 0.7774907328125 0.17660338125 0.77489375 0.21845175781249998 0.7793615265625 0.24757526875 0.7825063765625 0.2455936625 0.7867936515625 0.24943386250000002 0.7906965734375 0.23966331406250002 0.794966859375 0.2444762296875 0.796245184375 0.24251633125 0.7951261046875 0.19973865468750002 0.7899851921875001 0.173540521875 0.7806695578125 0.1726763484375 0.7774907328125 0.17660338125
0 0.7138760125 0.1860958703125 0.7189319875 0.217157571875 0.7315559875 0.24229615781249997 0.731194984375 0.191729540625 0.7331464453125001 0.1868442671875 0.728287959375 0.1800931609375 0.7260370828125 0.16650412187500002 0.7198153328125 0.16657648125 0.7166195234375 0.1714762265625 0.7138760125 0.1860958703125
0 0.652885890625 0.187777709375 0.6519749312500001 0.204321071875 0.6633036171875 0.232392271875 0.6738359859374999 0.1992042453125 0.6698374968749999 0.17882791874999998 0.6731522203125 0.1671191796875 0.667688546875 0.159402596875 0.662088971875 0.1594677203125 0.652885890625 0.187777709375
0 0.091047109375 0.0883077671875 0.0846384984375 0.09907997187499999 0.082517165625 0.113692378125 0.08646469062499999 0.13698684375 0.10123337187499999 0.11055715937499999 0.10431663124999999 0.0764832515625 0.1001652546875 0.0648613453125 0.0964322046875 0.0649047609375 0.091047109375 0.0883077671875
0 0.023179089062499998 0.092014628125 0.031227028125 0.12984914218750002 0.0319511296875 0.1240056265625 0.0408824125 0.11125905 0.043727846875 0.090803128125 0.041493957812499996 0.07624137343750001 0.038518984374999996 0.068495846875 0.032314221875 0.06759549375 0.023179089062499998 0.092014628125
0 0.021752146875 0.1737225421875 0.018566965625 0.21363272968749997 0.014613081250000002 0.22632141875 0.009550745312500001 0.23124287031250002 0.01134931875 0.2351120171875 0.0295282890625 0.2271204671875 0.0372831734375 0.21049751093750002 0.0363445953125 0.19300314375 0.030496571875 0.1716758125 0.025553146875 0.169788275 0.021752146875 0.1737225421875
0 0.0063761890625 0.3061635015625 0.00406799375 0.331475753125 0.006437781250000001 0.338255803125 0.027965448437500002 0.3166100875 0.026003359375 0.2864849203125 0.023633570312499998 0.27970487187500004 0.018656171875 0.279762759375 0.0063761890625 0.3061635015625
0 0 0.4375818140625 0.0123580265625 0.4266858765625 0.013676685937499999 0.386797396875 0.006295521875 0.3820206640625 0.0005430640625 0.39084020625 0.0010123515625 0.399587390625 0 0.40242166562500004 0 0.4375818140625
0 0 0.5875793328125 0.0033673312499999998 0.5853104984375 0.0130397015625 0.56574769375 0.0086398765625 0.53273333125 0.0044205515625 0.5250022765625 0.000065328125 0.525052928125 0 0.5251368890625 0 0.5875793328125
0 0.0448492875 0.8814453437499999 0.038219842187500006 0.904862821875 0.0450404203125 0.9417390937500001 0.04810033125 0.9446210546874999 0.05188434374999999 0.9416594984375 0.0610364625 0.91626765 0.0607200609375 0.8987660484375001 0.058067846874999995 0.87253896875 0.0544027484375 0.8686915328125 0.0448492875 0.8814453437499999
0 0.12035328125 0.8679245171875 0.11606600781250001 0.864084315625 0.1098102828125 0.8661021015625 0.10323180000000001 0.886601440625 0.1015457765625 0.9119064578125 0.1018112171875 0.9323262 0.10471824375000001 0.943962578125 0.11629111249999999 0.9224326390625001 0.121771775 0.929176509375 0.125069509375 0.9184404828125 0.124651184375 0.9067751578125 0.12115595781249999 0.8932005890625 0.12263813125 0.8795681312499999 0.12035328125 0.8679245171875
0 0.1198584671875 0.7181628546875001 0.11304215937499999 0.7522801796875 0.1168198109375 0.785301778125 0.115422575 0.7940706703125 0.1191386375 0.7949999671875 0.13010631875 0.7725045484375 0.1341961046875 0.7520341562499999 0.13263535312500002 0.734547025 0.1298472375 0.7161016515624999 0.1249038125 0.7142141140625 0.1198584671875 0.7181628546875001
0 0.12468079843749999 0.548889040625 0.11970339999999999 0.5489469265625 0.1186565390625 0.5732719953125 0.122134778125 0.587819278125 0.11871813125 0.605364296875 0.12626916562499998 0.6004138984375 0.13908638281250002 0.5788694875 0.13968094375 0.5448245234375 0.13737910625 0.534153621875 0.13122530625 0.530335128125 0.12468079843749999 0.548889040625
0 0.1283159984375 0.4292273328125 0.1289657890625 0.463257825 0.1320596765625 0.46419435781249996 0.144910871875 0.44070452031249996 0.146902665625 0.397890665625 0.140262590625 0.38629769999999997 0.1313143203125 0.400016990625 0.1283159984375 0.4292273328125
0 0.1395895578125 0.30072414687500004 0.136710146875 0.3231254953125 0.1425921453125 0.3425074015625 0.15155740625 0.32781539843749996 0.1556132140625 0.3092904296875 0.1552288640625 0.29567968125 0.1523048515625 0.285016015625 0.14734444062500002 0.284101190625 0.1395895578125 0.30072414687500004
0 0.143658084375 0.2102328703125 0.148934896875 0.22864929687500002 0.162945503125 0.21000855624999998 0.159790025 0.17697971875000001 0.154309365625 0.1702358515625 0.1466394171875 0.18199524218750002 0.143658084375 0.2102328703125
0 0.0825044453125 0.1856586875 0.0733013640625 0.21396867656250002 0.07743575312499999 0.226563296875 0.0811688 0.22651988125 0.0906712984375 0.21668420781250003 0.09778701875 0.2010412 0.09797388124999999 0.1903413546875 0.09025933124999999 0.1690357328125 0.0820691328125 0.174966078125 0.0825044453125 0.1856586875
0 0.066308825 0.29379628750000003 0.0712012859375 0.29860196562499997 0.0716196125 0.3102672890625 0.0676147640625 0.32587411718750003 0.075295340625 0.34912516718750003 0.0772977640625 0.341321753125 0.09186259531249999 0.3265646265625 0.088989546875 0.3129828203125 0.0900364046875 0.28865775312499997 0.08578310624999999 0.28287212500000003 0.0758283078125 0.2829879 0.066308825 0.29379628750000003
0 0.068292171875 0.3939423375 0.060350426562500004 0.421265140625 0.06540640156250001 0.45232684062499995 0.0691394515625 0.45228342499999996 0.0711248875 0.4454527234375 0.08254487031249999 0.432677203125 0.0830884671875 0.40155037968749996 0.0783319046875 0.3889629953125 0.0727323328125 0.38902811875 0.068292171875 0.3939423375
0 0.060726329687500004 0.5778357953125 0.0627223921875 0.6060155359375 0.07501936249999999 0.5786420796875 0.0756648828125 0.5416789750000001 0.070184221875 0.5349351078125 0.0637926 0.5447346 0.060726329687500004 0.5778357953125
0 0.048217062500000005 0.7598417140625 0.047843339062500004 0.7812414046875 0.0496589015625 0.7841378375 0.0559486015625 0.7801746234375 0.0642577109375 0.7674352843750001 0.0681839796875 0.7207088671874999 0.060751854687499995 0.7188502734375 0.05252768437500001 0.726726046875 0.048217062500000005 0.7598417140625