0 0 0.894466815625 0.006598951562499999 0.8951853921874999 0.022439534375 0.902417609375 0.0270617328125 0.9068163390624999 0.035436757812500004 0.908150478125 0.023591209374999998 0.8848122140625 0.00039307343749999995 0.8790239453125 0 0.8789504671874999 0 0.894466815625
0 0 0.8256393421875 0.0174986890625 0.8247198828125001 0.025267401562500003 0.82909665 0.025981717187499996 0.8333960515625 0.0343567421875 0.8347301921874999 0.0349090546875 0.8280165546875 0.0435872390625 0.8278293828125 0.04439565625 0.8237725499999999 0.0232725625 0.811513215625 0 0.8078059 0 0.8256393421875
0 0 0.7430220953125 0.018042459375 0.751035065625 0.020016449999999998 0.745071103125 0.0312818875 0.7437264734375 0.0371637625 0.7378618343750001 0.03188125 0.7328347187500001 0.0151782515625 0.72598831875 0 0.7254953921875 0 0.7430220953125
0 0.09678339999999999 0.89594851875 0.09476235625 0.9060906015624999 0.1093833640625 0.9115589343750001 0.151359546875 0.9177225328124999 0.155112378125 0.9146579453125 0.15373079843749998 0.9018810203125 0.13322096875 0.8944281921874999 0.10312348281249999 0.8917264765624999 0.09678339999999999 0.89594851875
0 0.094544759375 0.832284496875 0.1076900875 0.8333321421875001 0.1148995375 0.8365734125 0.1173386890625 0.84010118125 0.12266825156250001 0.8409501781250001 0.11987194375000002 0.835272709375 0.12458824375 0.8313152 0.1385959875 0.8319770265624999 0.1499624765625 0.8301252953124999 0.15975918281249998 0.832209109375 0.1647315875 0.8309084078125 0.1643744296875 0.82875870625 0.14370954687499998 0.81814196875 0.1184834140625 0.8146466515625 0.0992001109375 0.8168068406250001 0.0923007640625 0.8198933890625 0.0868770984375 0.8274006281249999 0.094544759375 0.832284496875
0 0.14501114843750001 0.7611076203125 0.16693571093749998 0.7614609875 0.176321259375 0.7577240875 0.1758630484375 0.756081490625 0.157839421875 0.7479783109375 0.140887265625 0.7463242375 0.1259631 0.7423772171875 0.1102305203125 0.742487028125 0.1047528546875 0.7463232515625 0.10628253593749999 0.7544149546875001 0.13009393593750002 0.765009728125 0.1396885359375 0.768107753125 0.14501114843750001 0.7611076203125
0 0.25463532187500004 0.915862290625 0.220272796875 0.910911546875 0.20535558437499998 0.9148136578124999 0.20221601718749999 0.9226847499999999 0.20409590781250003 0.925077025 0.21262598437500002 0.9295750734375 0.256225953125 0.935474140625 0.25561269062499997 0.9306676328125001 0.26342150468750003 0.9230171453124999 0.25463532187500004 0.915862290625
0 0.2430442859375 0.8360587875000001 0.2029479921875 0.8322874609375001 0.1930031828125 0.8348888671875001 0.1919926609375 0.839959909375 0.19626464999999998 0.8500580671875 0.22469129843750002 0.857202434375 0.2557993015625 0.8548331125 0.265946215625 0.8512174984374999 0.249546371875 0.8428497859374999 0.2430442859375 0.8360587875000001
0 0.2385215484375 0.7720309078125001 0.27211575468750004 0.769011234375 0.2747500609375 0.7636756609375001 0.263073465625 0.759199571875 0.259717896875 0.7523866078125 0.24474667968750002 0.7526177046875 0.23266587656249998 0.7501700328124999 0.21622592968749998 0.7538295734375 0.2116106828125 0.7572799781249999 0.21060016093749998 0.7623510171875 0.21694719375 0.7659781078125001 0.22933115312500002 0.76690446875 0.2385215484375 0.7720309078125001
0 0 0.6639341609375 0.0000503890625 0.6639334578125 0.009341834375 0.66855279375 0.0237067359375 0.6713643234375 0.037559428125 0.6688622390625001 0.053346009375 0.67242344375 0.06806111875000001 0.669535540625 0.0533390609375 0.6645743109375 0.047598340625 0.6579045953125 0.009273934374999999 0.649183515625 0 0.64941349375 0 0.6639341609375
0 0.105267003125 0.6759856359375 0.114915603125 0.6827546734375 0.12405199687499999 0.6842101 0.13333649375 0.680980303125 0.1447569828125 0.6827995859375 0.1488199171875 0.68606281875 0.1660281796875 0.6903736968749999 0.1723212140625 0.690329771875 0.1762761453125 0.6862509796875 0.19459598125 0.6849837109375 0.178351190625 0.679779909375 0.1695110046875 0.668954040625 0.13372680312500002 0.6632536203125 0.120076215625 0.6647414953124999 0.10693783906250001 0.6715429828125 0.105267003125 0.6759856359375
0 0.2234808390625 0.6937706796875001 0.23175481250000002 0.6956119234375 0.24799265625000003 0.69296659375 0.2627147140625 0.6979278234375 0.2697151125 0.6943341703125 0.2815938109375 0.6977960515625 0.2897127328125 0.6964733859375001 0.28372285625 0.694995996875 0.28006413124999996 0.6897043453125 0.2592981953125 0.6795947140624999 0.2293017625 0.6763858921875 0.2213849453125 0.676694346875 0.21590728124999997 0.6805305734375 0.21865653593749998 0.690386159375 0.2234808390625 0.6937706796875001
0 0.2400938109375 0.622228803125 0.2330934140625 0.6258224578125 0.2425939109375 0.6372767171875 0.246097584375 0.6394044578125 0.24888694375 0.63723279375 0.257261971875 0.638566934375 0.2583804953125 0.640837921875 0.276343171875 0.637420953125 0.285479565625 0.638876378125 0.2983757359375 0.6451163515625 0.3031460359375 0.64482985625 0.306898865625 0.6417652687500001 0.29522226875 0.63728918125 0.293490484375 0.6302116859375 0.299426359375 0.628018059375 0.2529830328125 0.6206196453125 0.2400938109375 0.622228803125
0 0.1543970421875 0.6225974453124999 0.17332319062499998 0.6182875515624999 0.17469086875 0.6153662140625 0.1729120328125 0.6124668375 0.1600158609375 0.6062268656249999 0.1332669984375 0.602488978125 0.11434085000000001 0.6067988671875 0.11134938750000001 0.6099847421875 0.11262296406250001 0.6154196375 0.1288677546875 0.6206234390625001 0.14079350468750002 0.6199072015625 0.1543970421875 0.6225974453124999
0 0 0.6019278546875 0.0144607484375 0.6034448218749999 0.0201474671875 0.6064435234375 0.0441540234375 0.60817495625 0.0516126296875 0.6062239015625 0.0628310171875 0.60905739375 0.0639965921875 0.6071502609375 0.051753784375 0.5936895453125001 0.038352353125 0.5899850953125 0.021400196875 0.588331021875 0.0016586812499999998 0.5888486140625 0 0.58942561875 0 0.6019278546875
0 0.035670995312499995 0.5994987890625 0.037240779687499996 0.595563240625 0.033939209375 0.59242129375 0.029168909375000003 0.5927077875 0.0278552296875 0.5993001421875 0.032221321875 0.6010420625 0.035670995312499995 0.5994987890625
0 0.063974746875 0.527620121875 0.0412348171875 0.523474453125 0.019970570312499998 0.5237494734375 0.011501440625000001 0.5307715703125 0.021554253125 0.5355121921875 0.063227278125 0.5431971015625 0.0668790578125 0.5406396203125 0.0854009953125 0.5383581453125 0.094638440625 0.5393064671875 0.063974746875 0.527620121875
0 0.154341446875 0.559804384375 0.16845024375 0.55995910625 0.1733686484375 0.5549873890625 0.188386915625 0.550578175 0.1884339671875 0.54640005625 0.1748844328125 0.5473808265625 0.144989053125 0.5436649 0.12266028281250001 0.5453399484375 0.1182471375 0.5477761453125 0.11647525 0.5527259 0.1321137296875 0.5609723265625 0.1403877015625 0.5628135703125 0.154341446875 0.559804384375
0 0.2500575625 0.5604023 0.2338667703125 0.5588695125 0.22640816406250003 0.5608205671875 0.223416703125 0.5640064406249999 0.231899728125 0.5726826078125 0.2719019203125 0.5848101703124999 0.277440534375 0.5924940953125 0.2948979546875 0.591612646875 0.2904709109375 0.578350578125 0.2500575625 0.5604023
0 0.3328443546875 0.5746366265625 0.3593911125 0.5793887234375 0.3691407671875 0.5856506593749999 0.36868950625 0.59185719375 0.372651390625 0.59562753125 0.372644440625 0.587778396875 0.37573695625000003 0.5840854203125 0.3907081703125 0.583854325 0.3920758484375 0.5809329859375 0.3917186921875 0.578783284375 0.37399822031249996 0.56915879375 0.342324003125 0.5625434890625 0.3270496328125 0.5642958984375 0.32624121562499997 0.5683527328125 0.3328443546875 0.5746366265625
0 0.27844251249999996 0.520451875 0.293669834375 0.522877584375 0.3083849453125 0.5199896828125 0.30660610781250003 0.5170903046875 0.292746465625 0.5117432562500001 0.2602638328125 0.509184784375 0.2463100875 0.5121939734375001 0.245703775 0.5152365984375 0.2517476515625 0.520385 0.25763647500000003 0.5223694921875001 0.269360121875 0.5226674625000001 0.27844251249999996 0.520451875
0 0.151893753125 0.4893054390625 0.133169709375 0.49260112187500005 0.13373592031249998 0.501585746875 0.1557144828125 0.50561013125 0.1839320765625 0.5059195765625 0.1963090875 0.498996803125 0.1963561390625 0.49481868437500004 0.1676263359375 0.48919562812499995 0.151893753125 0.4893054390625
0 0.08134281875 0.48068269218750004 0.0821512375 0.476625859375 0.0642826609375 0.47168659062499996 0.038753375 0.46971258593750004 0.0263223609375 0.4729643453125 0.023533003125 0.475136009375 0.0239441609375 0.480956725 0.031914978125 0.48431928125 0.0485099765625 0.4838236546875 0.07124990625 0.4879693234375 0.08134281875 0.48068269218750004
0 0.0614585546875 0.43461259218750004 0.0773932421875 0.433488575 0.0886116265625 0.4363220640625 0.0938871890625 0.43350004843749995 0.0699747359375 0.4234123796875 0.031044017187500002 0.417733921875 0.0231272 0.4180423796875 0.022372784375 0.4257702265625 0.025674353125 0.42891217499999995 0.0394799921875 0.43058820937500003 0.0560819421875 0.43794171249999997 0.0614585546875 0.43461259218750004
0 0.08237795 0.388764090625 0.0901937140625 0.38896273593749997 0.096432746875 0.3852477984375 0.0907460265625 0.38224909687499997 0.0613559109375 0.3759976515625 0.0425778640625 0.37562231874999996 0.032532003125 0.3787308296875 0.0309622203125 0.3826663765625 0.0342637875 0.385808325 0.04822448125 0.390648271875 0.0728913484375 0.3930080953125 0.08237795 0.388764090625
0 0.0541448640625 0.3136343328125 0.045621734375 0.316985415625 0.0432905859375 0.32079967656249997 0.0464911015625 0.3244487296875 0.06568030625 0.33064477812500004 0.0957777890625 0.3333464953125 0.10206387187499999 0.3254534390625 0.0893698046875 0.318199259375 0.06815260937499999 0.314296159375 0.0541448640625 0.3136343328125
0 0.173580865625 0.44828804843750003 0.1857627234375 0.4502286171875 0.19575458437499998 0.443449090625 0.20747822968750002 0.44374706249999996 0.2106717984375 0.4395469796875 0.20386655625 0.43427729218750005 0.1935105875 0.4310579828125 0.1610819546875 0.4321705265625 0.143577484375 0.43723009375000005 0.1441907484375 0.44203659999999995 0.15394040312499999 0.448298534375 0.16592015468750002 0.4512533109375 0.173580865625 0.44828804843750003
0 0.290548228125 0.45970249374999994 0.3180044578125 0.4598906546875 0.3249038015625 0.45680410625 0.3239873828125 0.45351890937499995 0.310376896875 0.4429795328125 0.27393238124999997 0.43665072499999996 0.2519607671875 0.4404754765625 0.24780373125000002 0.44556847812499994 0.25318729218749997 0.45008849062499995 0.26470883437500003 0.45140066875 0.28517161406249997 0.46303161406250004 0.290548228125 0.45970249374999994
0 0.3078294453125 0.4084592296875 0.312700796875 0.407665628125 0.30594260625 0.3982178234375 0.2857899328125 0.3929146984375 0.255288240625 0.3922413953125 0.251838565625 0.3937846703125 0.25336824999999996 0.40187637499999995 0.25849570625 0.40373958125 0.271283875 0.402637525 0.29529043125 0.4043689578125 0.3078294453125 0.4084592296875
0 0.1934154890625 0.383431478125 0.1580354953125 0.37570264531249997 0.1505768875 0.3776537 0.1518504625 0.3830885953125 0.1586557078125 0.38835828437500003 0.16891062031249998 0.3920846984375 0.19642085 0.3959438734375 0.20768628906250003 0.3945992453125 0.20356935156249997 0.387664996875 0.1934154890625 0.383431478125
0 0.162771046875 0.3361704859375 0.1894188609375 0.340415478125 0.21707719218750002 0.33958943124999996 0.20270534062499998 0.32892876875 0.169966603125 0.3237134921875 0.1531694984375 0.32522333125 0.154645178125 0.32964401875 0.162771046875 0.3361704859375
0 0.2491486671875 0.33632718281249996 0.24757888437500003 0.34026273125 0.25164181874999997 0.3435259640625 0.30493743906250004 0.35201595 0.30767279687500004 0.346173271875 0.3053346984375 0.3421384015625 0.29878556093749997 0.33952551875000003 0.25701148281249997 0.3323477125 0.2491486671875 0.33632718281249996
0 0.2647786015625 0.27760243125 0.26026440625 0.280545734375 0.2614369296875 0.28648773437499997 0.2914333609375 0.28969655781250003 0.32558683125 0.287812375 0.310251509375 0.27804463749999997 0.2974093390625 0.27547568125 0.27863129531249997 0.2751003484375 0.2647786015625 0.27760243125
0 0.2217849484375 0.26866074218749997 0.20229258749999998 0.26398600625 0.17168984375000002 0.2638198078125 0.1676338578125 0.2684057078125 0.17241110625 0.275968346875 0.176575096875 0.278724475 0.188858003125 0.280157940625 0.22468925781250002 0.2816802390625 0.2274786171875 0.27950857500000004 0.2217849484375 0.26866074218749997
0 0.0614676734375 0.27294471875 0.0657797640625 0.2710156265625 0.089631265625 0.2695831515625 0.10293164531250001 0.2737947046875 0.118610225 0.27001388125000003 0.11485044687499998 0.26522933437499996 0.09834955 0.257368728125 0.0879935828125 0.25414941875 0.07312341875 0.253873409375 0.053078748437500003 0.25591231406250003 0.0461794015625 0.25899886250000004 0.044508565625 0.2634415140625 0.0577618953125 0.2718311875 0.0614676734375 0.27294471875
0 0.06759710937499999 0.2027657046875 0.080998540625 0.20647015937500002 0.123425984375 0.206427221875 0.10509225 0.191996221875 0.0700694140625 0.186417090625 0.0595653421875 0.187883003125 0.0556104078125 0.1919617984375 0.06759710937499999 0.2027657046875
0 0.19477838593750002 0.20314400156249998 0.1858981 0.20434538125 0.18052148437499999 0.20767450156249997 0.18149190625 0.2146307109375 0.1857569453125 0.2168797375 0.225293978125 0.21951556874999997 0.2374218328125 0.217785121875 0.23843235312500002 0.2127140796875 0.22543513124999998 0.20698121406249997 0.19477838593750002 0.20314400156249998
0 0.3277206328125 0.22191640625 0.312998571875 0.216955175 0.2934591625 0.216458559375 0.28133130624999997 0.2181890046875 0.2768171109375 0.22113230625 0.27656795624999997 0.22632463125000002 0.280934046875 0.22806655468749998 0.301288825 0.2323554703125 0.33148735937499996 0.234550084375 0.33452587500000003 0.22718609375 0.3277206328125 0.22191640625
0 0.29670573437500003 0.1686304484375 0.2956952140625 0.173701490625 0.3010787765625 0.178221503125 0.333561409375 0.18077997343750002 0.362890578125 0.1755112734375 0.3445097921875 0.16525839375 0.3186773484375 0.1648057 0.3011188796875 0.1661942515625 0.29670573437500003 0.1686304484375
0 0.2565554421875 0.161188109375 0.23923917656250002 0.149535203125 0.206608440625 0.151661953125 0.1960573171875 0.1573059859375 0.201852040625 0.1676467140625 0.206676340625 0.171031234375 0.21429 0.1722440890625 0.2507275671875 0.17072376250000001 0.257727965625 0.167130109375 0.2565554421875 0.161188109375
0 0.08795724218749999 0.155781709375 0.129731321875 0.162959515625 0.1360714046875 0.158737471875 0.1245429140625 0.1495761625 0.090786703125 0.1415827953125 0.0802826328125 0.1430487078125 0.08445356875 0.1536539703125 0.08795724218749999 0.155781709375
0 0.08262608593750001 0.0958106640625 0.090495853125 0.0996803265625 0.10120202812500001 0.097200203125 0.1127235703125 0.0985123828125 0.1253636359375 0.10209554843749999 0.1285171015625 0.10992271875 0.1337456125 0.111278821875 0.135665603125 0.10164384374999999 0.1408401125 0.0993289328125 0.1470320921875 0.0997921125 0.15453775 0.0936629375 0.120471434375 0.07934175156249999 0.0994092921875 0.0786025625 0.087180384375 0.0808401125 0.08063819531250001 0.0860763640625 0.08262608593750001 0.0958106640625
0 0.1538897421875 0.0496107671875 0.1572383625 0.0485745984375 0.1619006609375 0.0409460734375 0.1678365359375 0.038752448437499996 0.1473267046875 0.0312996203125 0.1071293609375 0.0280354 0.09632213125 0.031022624999999998 0.0927243546875 0.037251121875 0.10541842187499999 0.044505303125 0.11359134374999999 0.0468536515625 0.12637951249999999 0.04575159375 0.1538897421875 0.0496107671875
0 0.21427450937499998 0.097423778125 0.21448356093749998 0.1042587 0.22337079843750002 0.110906453125 0.2487990328125 0.1133875625 0.268385496875 0.10970606249999999 0.27416631874999997 0.1043485265625 0.26812244218750003 0.0992001234375 0.2294948796875 0.0920003546875 0.21427450937499998 0.097423778125
0 0.2873779484375 0.06564340468749999 0.2843795359375 0.0609801453125 0.270566946875 0.051454975 0.2307738109375 0.0461623375 0.22600351093749999 0.046448834375 0.22225068124999997 0.0495134203125 0.22677877500000002 0.0622683828125 0.23180517968749997 0.06463869531250001 0.271901475 0.0684100203125 0.285451009375 0.06742925 0.2873779484375 0.06564340468749999
0 0.337305696875 0.11074420781250001 0.32410636875 0.1060255484375 0.31081293906249996 0.10966312656249999 0.30817863125 0.11499870000000001 0.3112780984375 0.11915485625 0.3205695421875 0.1237741921875 0.3730968484375 0.1242937578125 0.367969390625 0.1224305515625 0.359385309375 0.1142614859375 0.337305696875 0.11074420781250001
0 0.3218784453125 0.05648968125 0.32061181875 0.05890391406249999 0.32599538125 0.063423928125 0.3533035046875 0.0682973109375 0.38146709843750004 0.064935740625 0.378468684375 0.060272481249999996 0.37410259375 0.058530559375 0.334969771875 0.053866310937499995 0.3218784453125 0.05648968125
0 0.3808073703125 0.9567831609375 0.397752578125 0.9505881015625001 0.374850646875 0.935429390625 0.362412684375 0.930832015625 0.3304353140625 0.925738025 0.320234396875 0.9256826265625 0.3118123203125 0.9285266046875 0.3111049546875 0.93207633125 0.3185234609375 0.942152528125 0.3315677359375 0.943707278125 0.338676134375 0.9474556515625 0.3637472125 0.9477870609375 0.3808073703125 0.9567831609375
0 0.38704351406250004 0.8584746421875 0.38947571718749996 0.854153275 0.35754539531249996 0.8448811671875 0.3155692109375 0.8387175687499999 0.3088719703125 0.840789909375 0.30182452187500003 0.8485616796875 0.3126386984375 0.8534235859375 0.3349744171875 0.8595976703125 0.3480657453125 0.8569743015625001 0.3830345796875 0.858882421875 0.38704351406250004 0.8584746421875
0 0.36185589218750003 0.7838300281249999 0.37880805 0.7854841 0.3799736234375 0.78357696875 0.3602722109375 0.772067309375 0.32859799375 0.76545200625 0.3182960265625 0.7659037109375 0.3104332109375 0.7698831828125 0.3086613234375 0.7748329390625 0.315163409375 0.7816239390625 0.3403872234375 0.7825028781250001 0.3536899203125 0.7893308109375 0.36185589218750003 0.7838300281249999
0 0.3959537671875 0.7191527859375 0.40163353749999997 0.714302353125 0.372539628125 0.6986804625 0.3385813109375 0.6917013015625 0.3271137703125 0.6940601390625 0.325699040625 0.7011595953125 0.3292567140625 0.7069583484375 0.3325582828125 0.710100296875 0.348290865625 0.7099904859375 0.3881380015625 0.7189541390625 0.3959537671875 0.7191527859375
0 0.329612278125 0.64998600625 0.33387731875000004 0.6522350296874999 0.347480853125 0.6549252734375 0.3512336828125 0.6518606859375 0.36153565 0.65140898125 0.37198571875 0.6462720546875 0.38315010625 0.6454345296875 0.397616059375 0.6477389546875 0.399745103125 0.644938903125 0.3872531421875 0.6366705140625 0.3783188546875 0.6342008781249999 0.3668983640625 0.6323815953125 0.3502023125 0.6333843296875 0.3418812875 0.6357212046875 0.3327518453125 0.642114909375 0.329612278125 0.64998600625
0 0.3462912421875 0.515040915625 0.3448225109375 0.51846935625 0.3490405 0.5248965 0.3578737359375 0.527873240625 0.383450075 0.525669128125 0.411822721875 0.52914248125 0.395166771875 0.5181179640625 0.359483621875 0.511910440625 0.3462912421875 0.515040915625
0 0.43730336249999996 0.47617255781249995 0.42252730312500003 0.46754031406249996 0.3889261453125 0.46271085625 0.3785231265625 0.463669665625 0.367311690625 0.4686853078125 0.3667053765625 0.47172793124999995 0.37142862656250003 0.47561955468750006 0.41244133749999995 0.482676075 0.42142267968749997 0.480967590625 0.4334024296875 0.48392236874999994 0.43730336249999996 0.47617255781249995
0 0.4058906078125 0.420941146875 0.4335018875 0.4242932171875 0.43913460625 0.4236209046875 0.440704390625 0.41968535625000003 0.43171610312500003 0.413544709375 0.3968413671875 0.403280353125 0.38643834843749997 0.40423916249999997 0.383648990625 0.40641082656250005 0.3868564578125 0.41790900937500003 0.3909193921875 0.4211722421875 0.396248953125 0.4220212421875 0.4058906078125 0.420941146875
0 0.44157216562499996 0.3680266234375 0.40426522968749995 0.362083634375 0.3999531390625 0.36401272812499996 0.398282303125 0.3684553796875 0.4055457546875 0.375367665625 0.41600277500000005 0.3780798703125 0.439652171875 0.3776616015625 0.444018265625 0.379403521875 0.44695572656250004 0.3725466375 0.44157216562499996 0.3680266234375
0 0.4169577015625 0.31021576875 0.4070128921875 0.312817175 0.4056452140625 0.31573851406250003 0.406258475 0.320545021875 0.4111838296875 0.3234224375 0.45382032656250004 0.330214425 0.47396605 0.3276684171875 0.46868353906250004 0.3226413 0.4578693625 0.31777939375 0.4169577015625 0.31021576875
0 0.414307903125 0.24073103125 0.41273812187500003 0.244666578125 0.422541775 0.25459952656249996 0.43233848124999996 0.2566833421875 0.4763897078125 0.256375871875 0.4791250671875 0.25053319531249996 0.46759657656250003 0.2413718828125 0.4205469359375 0.23701609218750003 0.414307903125 0.24073103125
0 0.44592652499999996 0.1845532734375 0.4381107609375 0.18435462656249998 0.4352203484375 0.187033396875 0.4328421484375 0.195025775 0.434823090625 0.1969109453125 0.47629401250000003 0.2056100625 0.4945598484375 0.20067178281250003 0.48414987812500004 0.193781459375 0.4702902375 0.1884344109375 0.44592652499999996 0.1845532734375
0 0.447548715625 0.12516669375 0.44161284062500006 0.1273603203125 0.43841927187499996 0.13156040156249998 0.44065632031249996 0.1361023765625 0.460707940625 0.1419126046875 0.490960478125 0.1477782328125 0.5048131687499999 0.1452761484375 0.4939920421875 0.1325651109375 0.4640426625 0.1251781703125 0.447548715625 0.12516669375
0 0.49627454687499994 0.073806921875 0.473992828125 0.0713038484375 0.452627528125 0.07208597343749999 0.4471498625 0.0759222 0.4542652109375 0.0875197046875 0.4655846484375 0.0898460921875 0.50126085 0.0882044828125 0.5050136796875 0.085139896875 0.5051617828125 0.080454675 0.49627454687499994 0.073806921875
0 0.49346204374999997 0.9669873953125 0.5246171000000001 0.9604399546875 0.53258791875 0.9638025109375 0.5458342968750001 0.9643430515625001 0.537762425 0.9614876000000001 0.5317656015625001 0.9521610781250001 0.5007517 0.946174165625 0.48415670000000005 0.9466697953125 0.46847811874999995 0.95045061875 0.46650412656249995 0.9564145828124999 0.47691409531250006 0.96330490625 0.483207128125 0.9632609828125 0.49346204374999997 0.9669873953125
0 0.50612671875 0.883723 0.5401791359375 0.8823459218749999 0.5416478687499999 0.8789174796875001 0.5363653546875 0.8738903609375 0.5238263421875 0.86980009375 0.48758392968750003 0.862457075 0.463988534375 0.8665463578124999 0.46850967812500005 0.8714521890625001 0.467654209375 0.879687140625 0.4844042609375 0.8823554218749999 0.49663316875 0.8801178703125 0.50612671875 0.883723
0 0.4876293890625 0.7991569109375 0.5107264734375 0.80545228125 0.528689153125 0.8020353140625 0.5252325296875 0.7957294546875 0.51517971875 0.7909888359374999 0.5127876203125 0.7832829484375 0.5014211296875 0.78513468125 0.47259027343750004 0.7800187296875001 0.456810640625 0.7843066578125 0.4778326828125 0.7970730953125 0.47992162499999996 0.8063002921875 0.4876293890625 0.7991569109375
0 0.4759913015625 0.723531528125 0.48878642031249997 0.7302786 0.5063518375 0.7367391828125001 0.5069041515625 0.73002554375 0.5093903531249999 0.7293751921875 0.53263554375 0.7309853390625001 0.5420820421875 0.7387685859374999 0.54689939375 0.734303975 0.55166969375 0.7340174765625 0.5472025484375 0.7327826609375 0.544911503125 0.7245696734375 0.541407828125 0.7224419328125 0.5199345281250001 0.715882028125 0.4810038078125 0.7102035718749999 0.474003409375 0.713797225 0.4759913015625 0.723531528125
0 0.5340818328125 0.6448874546875001 0.5010939375000001 0.6448645046875 0.49525911562499997 0.6465510265625001 0.49110207812500006 0.651644028125 0.5011078359375001 0.66056276875 0.51212411875 0.66441046875 0.5166383140625 0.6614671671875 0.5542954546875001 0.661710725 0.55423450625 0.6501905781249999 0.5340818328125 0.6448874546875001
0 0.49911835312499997 0.591706421875 0.5045088640625 0.604075565625 0.5086728515625001 0.6068316968749999 0.5300921515625 0.6097205859375 0.5561267 0.6091590703125 0.56083605 0.597352428125 0.5574334296875 0.594717584375 0.5102827359375001 0.5908688984375 0.49911835312499997 0.591706421875
0 0.497644190625 0.5376881984375 0.50054155 0.5428585625 0.5150615046875 0.5488340015625 0.5558721140625 0.5569047312500001 0.563937034375 0.5519110515625 0.5600762046875001 0.5476336078124999 0.5405298421875 0.539287859375 0.5022594375 0.5342377921875 0.497644190625 0.5376881984375
0 0.5705424156250001 0.49739752031249995 0.5660212718750001 0.4924916890625 0.5421628203125 0.48607503437500005 0.5204403625 0.4847074546875 0.5159261671875 0.48765075625 0.5148145937499999 0.4932289015625 0.520353209375 0.500912825 0.5325350640625001 0.5028533937499999 0.5441036578125 0.499987453125 0.5673488484375 0.5015976015625 0.5705424156250001 0.49739752031249995
0 0.54895256875 0.416524409375 0.5282475843750001 0.41793492499999996 0.5244947546875001 0.4209995109375 0.527695271875 0.4246485625 0.5457189 0.432751740625 0.5654133640625 0.43641226875 0.585302984375 0.43120945468749994 0.596063159375 0.43240034843749997 0.5657026203125 0.419192690625 0.54895256875 0.416524409375
0 0.6085936296875001 0.3695194375 0.5768183625 0.36341124062499996 0.5575350546875 0.3655714296875 0.5552039046874999 0.36938569062500004 0.5581012656250001 0.37455605468750003 0.5607425218750001 0.3770696140625 0.5787592015625 0.377323659375 0.6006367109374999 0.3818551453125 0.6162612921874999 0.37440330781250003 0.6085936296875001 0.3695194375
0 0.5530732671874999 0.313063696875 0.5803813921875001 0.31793707968749996 0.6048932078125 0.31713299375 0.6107280312500001 0.3154464703125 0.61432580625 0.30921797500000003 0.5617915515624999 0.30084927499999997 0.55423189375 0.303307434375 0.5530732671874999 0.313063696875
0 0.5721121734375 0.25299991875 0.5675979796874999 0.25594321875000003 0.567604928125 0.26379235156249997 0.5874004453125 0.26694577656249996 0.615415934375 0.268269428125 0.6261691609375 0.2616111890625 0.6188046578125 0.25520600781249997 0.5857627625 0.25151204374999997 0.5721121734375 0.25299991875
0 0.5700291859375 0.20432281093750002 0.567954140625 0.210793878125 0.5769424296875 0.2169345265625 0.5999855140625 0.21955888437499999 0.6249015390625 0.21672638125 0.6278390015624999 0.2098694953125 0.6166676671875 0.2028578859375 0.57454338125 0.2013795109375 0.5700291859375 0.20432281093750002
0 0.6436170406249999 0.14645951875000002 0.6046863203124999 0.1407810640625 0.5924103625 0.14719673125 0.5892707953125 0.1550678265625 0.593030575 0.1598523734375 0.611303359375 0.162763225 0.6157165015625 0.1603270265625 0.63728390625 0.15853069375 0.6448906171875 0.15189441718750002 0.6436170406249999 0.14645951875000002
0 0.6496593234375 0.092485875 0.6433122906250001 0.08885878593749999 0.6270204484375 0.087833103125 0.599820325 0.09030175 0.5964717046875 0.09133791875 0.5946527640625 0.10046579375 0.5992749609375 0.10486451875 0.6067875703125 0.106584478125 0.6337855890624999 0.105130040625 0.6490059593749999 0.09970661875 0.6496593234375 0.092485875
0 0.7574717359375 0.1703517765625 0.7848809125 0.174718053125 0.80954083125 0.16922874375000002 0.8079641000000001 0.1653151578125 0.800195384375 0.1609383953125 0.769538640625 0.15710118125 0.7561441578125 0.1612458625 0.7574717359375 0.1703517765625
0 0.7665995828125001 0.10483602343750001 0.75340720625 0.1079664953125 0.753313103125 0.11632273125 0.7579353 0.120721459375 0.76128391875 0.1196852890625 0.800315690625 0.12485664062499999 0.8105096578125 0.11706290781249999 0.799897584375 0.11118679218750001 0.7665995828125001 0.10483602343750001
0 0.6469738171875 1 0.6419824171874999 0.9943090828125 0.6269032 0.98719815 0.6010167546875 0.98307444375 0.5921364687499999 0.9842758234375 0.5864566984375 0.9891262546874999 0.590270478125 0.997581815625 0.5951344734374999 1 0.6469738171875 1
0 0.7556596171875001 0.9323679828125 0.7611442312500001 0.93638089375 0.7971235890624999 0.9332179703125 0.8063139828124999 0.9383444109375001 0.8065631375000001 0.9331520843750001 0.8091503921875001 0.9319946281249999 0.8197084640625001 0.9341997296875 0.8324966343750001 0.9330976718749999 0.797466846875 0.9196694078125001 0.7510235203125 0.9122709921875 0.7380332468749999 0.9143872578125001 0.7338291578125 0.923658378125 0.749164478125 0.9334261171874999 0.7556596171875001 0.9323679828125
0 0.660488865625 0.9172072968749999 0.6633792749999999 0.9145285281250001 0.6772319671875 0.9120264453125 0.6734181875 0.9035708843749999 0.623875396875 0.8920163140625 0.6149951109375 0.8932176937499999 0.6078936578125 0.89731845 0.6135873296875001 0.9081662843749999 0.6184116296875 0.9115508015625 0.63810609375 0.9152113296875 0.6533804640625 0.9134589203125 0.660488865625 0.9172072968749999
0 0.7605555796875 0.844726821875 0.7606635796875 0.8520688515625 0.76432230625 0.8573605015625001 0.7625033671875 0.866488375 0.776713215625 0.86613599375 0.7861057140625001 0.8702482249999999 0.794473790625 0.8637332343749999 0.8184332953125001 0.869642784375 0.8267543203125 0.8673059125 0.8408631156249999 0.867460634375 0.8435984734374999 0.8616179562499999 0.8153669828125001 0.845610246875 0.7967910421875 0.84422070625 0.7882609609375 0.83972265625 0.7809034078125 0.8411666078125 0.7726294328125001 0.8393253625 0.764409459375 0.8411551312500001 0.7605555796875 0.844726821875
0 0.7169016109374999 0.83515674375 0.72111265 0.833734753125 0.697503353125 0.8221257703125 0.69222084375 0.817098653125 0.67795699375 0.8137800203125 0.666226396875 0.80563291875 0.6609508359375 0.808454934375 0.6493282406249999 0.8076498609374999 0.643392365625 0.8098434859375001 0.6401987984375 0.814043565625 0.6507638203125 0.8240978015625 0.6637070406250001 0.8261596546875 0.6766032125 0.8323996265625 0.7169016109374999 0.83515674375
0 0.6628831328125 0.7553961765625 0.6901442062500001 0.7644476765625 0.6985192312499999 0.765781815625 0.7071434125 0.76192363125 0.7297822890625 0.766576403125 0.71987758125 0.7571505593750001 0.7024132140625 0.7501828749999999 0.698094175 0.7442628359375 0.6869297890625 0.7451003578125001 0.66515333125 0.7400617671874999 0.648356228125 0.7415716046874999 0.6482081234375 0.746256828125 0.6559297859375001 0.754811709375 0.6628831328125 0.7553961765625
0 0.8470797078125001 0.7810762515625 0.833462271875 0.76268774375 0.8026034234375 0.759864740625 0.7869248421874999 0.7636455640625 0.7838323265625 0.7673385421875001 0.7844455875 0.77214505 0.7965333421875 0.7824418546875 0.8072464671875 0.787810865625 0.8234303078125 0.7814945203125 0.8380983687500001 0.7827847375 0.8470797078125001 0.7810762515625
0 0.7899216609375 0.7091867796875 0.8413373921874999 0.715284490625 0.8505208375000001 0.7125618 0.8436145406250001 0.7077992156249999 0.8200592468749999 0.6998612468750001 0.7926500703125 0.6954949671875 0.785750725 0.6985815171875001 0.7899216609375 0.7091867796875
0 0.63571456875 0.6788663921875 0.6376955109375 0.6807515609375 0.6613989078125 0.6840043078125 0.6681030984375 0.6897811 0.6678539421874999 0.6949734249999999 0.684597046875 0.689792575 0.692109653125 0.6915125343749999 0.6961725875 0.6947757671875 0.7087586531250001 0.69468791875 0.702714778125 0.6895395171875001 0.705908346875 0.685339434375 0.6960036374999999 0.6759135921875 0.6553411328125 0.6631576406249999 0.6461036874999999 0.66220931875 0.6399657109375 0.6654171515625 0.63571456875 0.6788663921875
0 0.6912857453125001 0.62074905625 0.7000719281250001 0.6279039109375 0.7059607515625 0.6298884046875 0.7092083203125 0.6293593375000001 0.7062099078124999 0.6246960765625 0.7104679984375 0.6190959703125001 0.72087101875 0.6181371609374999 0.7263486828125 0.6143009375 0.7244687937500001 0.6119086640625 0.66913823125 0.597862496875 0.6469645125000001 0.6027014546875 0.6470185140625 0.6063724671874999 0.6572263781250001 0.614277 0.6912857453125001 0.62074905625
0 0.828439628125 0.6499224734375 0.8321924562499999 0.6468578875000001 0.8403113781249999 0.645535221875 0.8569063765625 0.6450395921875 0.8775643125 0.647807196875 0.8706580171875 0.6430446125 0.8537529125000001 0.6372124203125 0.8350219187500001 0.632658971875 0.805786853125 0.6295714359375 0.7899532203125 0.63018835 0.785439025 0.6331316499999999 0.7886935421875 0.6404517171874999 0.7950405765624999 0.6440788078125 0.828439628125 0.6499224734375
0 0.845881553125 0.5742207140625 0.7981646484375 0.5613874015625 0.7895875203125 0.56106746875 0.781980809375 0.567703746875 0.791225203125 0.5765012015625001 0.80741599375 0.5780339890625 0.84487798125 0.5871408875 0.84898796875 0.586226003125 0.8504566984374999 0.582797559375 0.845881553125 0.5742207140625
0 0.7293524515625001 0.5676912828125 0.7107695609375 0.5584526109375 0.6585924640624999 0.5522336140624999 0.6517941703125001 0.554813059375 0.6502243859375 0.55874860625 0.6532228 0.5634118671875 0.661193615625 0.5667744234375001 0.709563884375 0.57238699375 0.719407640625 0.570292690625 0.7294064515625001 0.5713622984375 0.7293524515625001 0.5676912828125
0 0.7148581015625 0.5221673265625 0.7276393203125 0.5132161359375 0.721494390625 0.5085748390625 0.7061120187500001 0.50298521875 0.6886006015625 0.5001956515625 0.6667300390625 0.5035132953125 0.6720665515625 0.512211428125 0.6790738968750001 0.51646690625 0.6909996484375001 0.5157506703125 0.708410015625 0.519047340625 0.7148581015625 0.5221673265625
0 0.8629401187499999 0.52409476875 0.8709109343750001 0.5274573265625 0.8729389281250001 0.5251643765625 0.8633443281250001 0.5220663531249999 0.8622728546875 0.515617246875 0.8587691812499999 0.5134895078125 0.832525578125 0.5072160984375 0.8130872203124999 0.5062123781250001 0.8083709203125 0.5101698875 0.8080207109374999 0.51586931875 0.8257882359375 0.521315690625 0.8516746812499999 0.525439396875 0.8629401187499999 0.52409476875
0 0.8702420765625 0.4598577578125 0.8682611375 0.45797258906250005 0.8439984765625 0.45358434843750006 0.81816603125 0.45313165624999996 0.8094407984374999 0.4574969453125 0.8092926953124999 0.46218216874999996 0.814218046875 0.46505958437499995 0.8285829515625001 0.4678711125 0.8435541656250001 0.4676400171875 0.8672506140625 0.46304362968749996 0.8702420765625 0.4598577578125
0 0.7308858953125 0.465388028125 0.7412958625 0.47227835156250003 0.749010575 0.47298410312500005 0.7439841687500001 0.47061379062500003 0.7412889140625001 0.46442921718749997 0.7499130953125 0.4605710328125 0.740769753125 0.4512664734375 0.7333581984374999 0.4490394109375 0.688996865625 0.44301905937499997 0.6845837218749999 0.4454552578125 0.6837753046875 0.449512090625 0.6859112984375 0.45456116875 0.6901763375 0.45681019375 0.7308858953125 0.465388028125
0 0.7399998453125 0.3841740109375 0.6989400796874999 0.38129560625000003 0.69300420625 0.3834892328125 0.6921957890625 0.387546065625 0.69671693125 0.3924518984375 0.7470681421875 0.3999496359375 0.759398103125 0.3972049828125 0.7602065203125 0.39314815 0.753300225 0.38838556562500004 0.7399998453125 0.3841740109375
0 0.8264384124999999 0.39585085468750003 0.8251717859375001 0.398265090625 0.8295918765625 0.40367802656249996 0.8652750296875 0.4098855484375 0.87816425 0.40827638593750004 0.8850095953125001 0.40151882499999997 0.8608479875 0.3966234796875 0.8330346015625001 0.39428561875 0.8264384124999999 0.39585085468750003
0 0.8804467562499999 0.3495181953125 0.8853651593749999 0.3445464796875 0.8687632093750001 0.3371929765625 0.8338414265624999 0.3311067390625 0.8145581203125 0.333266928125 0.8136486484375001 0.33783086562500003 0.8182708453125 0.3422295921875 0.8369007875 0.347290146875 0.8774552921875 0.3527040703125 0.881565278125 0.351789184375 0.8804467562499999 0.3495181953125
0 0.7803576 0.339329228125 0.7613165000000001 0.3284479578125 0.720256734375 0.32556955468750004 0.7128991796874999 0.3270135046875 0.706559096875 0.33123554843749997 0.707933725 0.33616334062500003 0.71362044375 0.3391620421875 0.72722398125 0.3418522859375 0.7431586640625001 0.340728265625 0.76944931875 0.34282355625 0.7803576 0.339329228125
0 0.8302960562499999 0.281884203125 0.8292855328125001 0.2869552453125 0.8353294109375 0.292103646875 0.8879107171875 0.296294228125 0.8911513375 0.28791602968749996 0.8790165312499999 0.2817973421875 0.850286728125 0.2761742859375 0.8400858124999999 0.2761188875 0.8302960562499999 0.281884203125
0 0.7734528515625 0.277014703125 0.76949096875 0.273244365625 0.7481727203124999 0.269848371875 0.7371564390625001 0.2660006734375 0.7164915546875 0.2553839359375 0.714005353125 0.2560342875 0.7175630281250001 0.26183304218750003 0.7125975718750001 0.270982878125 0.7141743046875 0.2748964640625 0.7671127671875 0.2812367453125 0.7711217015625 0.2808289640625 0.7734528515625 0.277014703125
0 0.7821803 0.2198063953125 0.7655312984375 0.216631009375 0.7397999078125 0.2156712109375 0.733661928125 0.218879046875 0.736916446875 0.22619911250000002 0.7723974921875 0.23342084375 0.7956426828125001 0.23503099062500002 0.79919340625 0.2329806140625 0.7968553093749999 0.22894574374999999 0.7821803 0.2198063953125
0 0.923794378125 0.24236549687500003 0.927951415625 0.23727249375 0.908304003125 0.22943384843749998 0.885058815625 0.2278236984375 0.8700405484375 0.2322329140625 0.8654793015625 0.23935433437500003 0.8688819234375 0.24198917656250002 0.8871547062499999 0.2449000296875 0.8991815093750001 0.2436766875 0.914610934375 0.24508819062499998 0.923794378125 0.24236549687500003
0 0.8826319687499999 0.1808721515625 0.8835013359375001 0.188335465625 0.8883256375 0.1917199859375 0.9282198265625 0.1965055171875 0.93907410625 0.1893401765625 0.9318106531250001 0.18242788906250001 0.8931830906249999 0.175228121875 0.8874493203125 0.1764075375 0.8826319687499999 0.1808721515625
0 0.89653011875 0.1150699046875 0.880696484375 0.1156868171875 0.8753198718749999 0.1190159390625 0.8789785968749999 0.1243075875 0.8861880484375 0.127548859375 0.9296869640625 0.133955028125 0.9430814468750001 0.1298103484375 0.940083034375 0.1251470875 0.93135085 0.12166324531249999 0.89653011875 0.1150699046875