0 0.8706524890624999 0.06959986875 0.880092609375 0.0690556453125 0.8947816718749999 0.064157628125 0.9160653890624999 0.063613403125 0.9268413453125 0.0592596109375 0.9319860109375 0.053273145312500006 0.9303880578125 0.048759571875000005 0.8643806140624999 0.04530026875 0.8606115953125 0.048375129687500004 0.8404302765624999 0.0538173703125 0.8398144984375 0.05653849062500001 0.8706524890624999 0.06959986875
0 0.8703195312500001 0.1261991765625 0.8553871578125 0.127287621875 0.8528545218750001 0.1370836578125 0.8618874140624999 0.1425259 0.876134490625 0.1430701234375 0.892169265625 0.146879690625 0.9350396562500001 0.13817210625 0.9401843203125001 0.132185640625 0.9398019734374999 0.126199175 0.9340664109375 0.12293383124999999 0.9180663921875001 0.11966848593749999 0.8896417578125 0.11966848593749999 0.8703195312500001 0.1261991765625
0 0.9263689796874999 0.200213653125 0.908894090625 0.19858098125 0.8848344265625 0.2051116703125 0.8772167640624999 0.2094654625 0.87674001875 0.21436347968749997 0.884124246875 0.21871727187499998 0.8968269359375001 0.21980572031249998 0.9068927140625 0.22905753125 0.9007151640625001 0.2312344265625 0.9009932328125 0.2355882203125 0.9101900421875 0.2312344265625 0.9108058218749999 0.22851330625 0.9432727203125 0.21762882499999997 0.9418922515625001 0.2083770140625 0.9263689796874999 0.200213653125
0 0.9261252921875001 0.282935715625 0.8841736359375 0.2813030453125 0.8672548875 0.2883779578125 0.8627955187499999 0.29273175 0.8488265125 0.29654131875 0.8505446937500001 0.298718215625 0.8591952390625 0.2981739921875 0.88244045 0.3036162328125 0.905477109375 0.30579312812500004 0.9162183046875001 0.3008951125 0.93434373125 0.3003508875 0.9427509671875001 0.29599709375 0.9456659484375001 0.2921875265625 0.9382122015625001 0.28674528593750004 0.9261252921875001 0.282935715625
0 0.890941709375 0.374909590625 0.899324065625 0.38252872656250003 0.9040962625000001 0.38307294999999997 0.9179262343750001 0.3770864859375 0.945933765625 0.370555796875 0.9516942125 0.36184821093749997 0.9475030343749999 0.35803864218750003 0.8945668703124999 0.35749441718749997 0.8591055921875 0.35858286562499997 0.8576654796875 0.3607597640625 0.890941709375 0.374909590625
0 0.86737341875 0.438583809375 0.8676862468750001 0.4434818265625 0.8601033453125 0.44837984375 0.86497981875 0.4505567390625 0.88701835 0.44946829218750006 0.895018359375 0.4511009625 0.94201040625 0.44511449843750006 0.9463654984375 0.4391280328125 0.944473525 0.43423001718750004 0.93551015 0.42987622343750004 0.9211587968750001 0.42769932656250004 0.9053325734375001 0.42715510312499994 0.86737341875 0.438583809375
0 0.9094886171875001 0.51695208125 0.918442115625 0.5087887171875 0.945729590625 0.503346478125 0.9460672999999999 0.49627156250000004 0.9411560671875 0.49355044374999996 0.9268394734375001 0.491917771875 0.9033608296875 0.495183115625 0.8778610515624999 0.5038907015625 0.9039616046875001 0.5169520796875 0.9094886171875001 0.51695208125
0 0.9559391546875 0.5642995765625 0.9562073468750001 0.556136215625 0.9521899625 0.5550477671875 0.9032016640625 0.55450354375 0.8840184734375001 0.5632111296875 0.8812077671875 0.5686533703125 0.8980668749999999 0.5730071625 0.9303351015624999 0.571374490625 0.9559391546875 0.5642995765625
0 0.9020194921875 0.6225315546875 0.8921373859375 0.62851801875 0.8858555593749999 0.6290622453125 0.91088846875 0.63776983125 0.9483708796875 0.6312391421875 0.9561275765625 0.62906224375 0.959077315625 0.6257969 0.95794015625 0.6203546578125 0.9490462984375 0.617089315625 0.9395019015624999 0.616000865625 0.9128997249999999 0.6198104343749999 0.9020194921875 0.6225315546875
0 0.89366164375 0.6894711203125 0.9069204734375 0.6992671546875 0.9576170765625 0.6894711203125 0.9571304546875 0.6818519828125 0.9442192125 0.6774981890625 0.9024413499999999 0.6785866375 0.89366164375 0.6894711203125
0 0.9443132359374999 0.7531453390625 0.9196626734375 0.7504242203125 0.8827960421875 0.7542337875 0.8791262468750001 0.75858758125 0.8887401593750001 0.7607644765625 0.9004546015624999 0.7711047359375 0.91899713125 0.7770912 0.9253137171875 0.7770912 0.9383888734375001 0.7716489578125 0.967185978125 0.7651182703125 0.9706819812499999 0.75804335625 0.968859525 0.7542337875 0.961579571875 0.7515126671875 0.9443132359374999 0.7531453390625
0 0.8866988984375 0.827704040625 0.9102221765625 0.8375000765625 0.9443128625 0.8396769718750001 0.9793570359375 0.832057834375 0.9674091609375 0.8304251640625001 0.9607449875 0.824982921875 0.95349979375 0.822806025 0.9114438609375 0.81954068125 0.90931845 0.823350246875 0.8919478406250001 0.8233502484375 0.8866988984375 0.827704040625
0 0.902341075 0.8995416234375 0.9182368171874999 0.9011742953124999 0.949750228125 0.9000858468749999 0.9598061265625001 0.8968205015624999 0.961211478125 0.89409938125 0.9592152281249999 0.8875686921874999 0.9495317968749999 0.8843033484375 0.9140705203125 0.8853917953125 0.9002405484375 0.8913782609374999 0.898219415625 0.896820503125 0.902341075 0.8995416234375
0 0.8941123843750001 0.9561409296875001 0.8976877828125 0.96267161875 0.9073016968750001 0.9648485156250001 0.931813225 0.9653927390625 0.9473961375 0.9621273953125 0.971048575 0.9615831703125 0.9732087421875001 0.9583178265625 0.970214365625 0.9485217921875 0.9573378828125 0.9447122234374999 0.9162453156250001 0.944168 0.8844289546875 0.952875584375 0.8941123843750001 0.9561409296875001
0 0.801393603125 0.048375129687500004 0.8058015812500001 0.042230271874999996 0.7251328015625 0.0380026 0.7172469765625 0.041300215625 0.756561721875 0.051096249999999996 0.7913724609375 0.052184696875000006 0.801393603125 0.048375129687500004
0 0.6606856546875 0.0581711625 0.67623380625 0.054361593750000006 0.6837819515625 0.048919353124999995 0.6824362374999999 0.040211767187500004 0.670349328125 0.0364021984375 0.6263765390625 0.040211765625 0.6148110109375 0.044565559375 0.602282115625 0.046198232812500004 0.6322957765624999 0.058715385937499996 0.6606856546875 0.0581711625
0 0.49331113281250005 0.0336810765625 0.48044452968750007 0.0423886640625 0.46403728437499997 0.0451097828125 0.4564543796875 0.050007800000000005 0.49038114843749997 0.06198073125 0.525330921875 0.065246075 0.532610875 0.067967196875 0.5520373765625 0.0630691796875 0.555602896875 0.0570827140625 0.554361459375 0.050007801562499996 0.527818921875 0.0423886640625 0.5219095640625 0.0364021984375 0.511506075 0.0342253015625 0.49331113281250005 0.0336810765625
0 0.34143500625 0.029327285937499996 0.3050549984375 0.040755990625 0.29991033125 0.046742456249999995 0.28676565625 0.051096249999999996 0.2916421296875 0.053273145312500006 0.32731196093750003 0.05545004218750001 0.3688117546875 0.050007801562499996 0.3741302140625 0.046742456249999995 0.3745026828125 0.040211767187500004 0.37185589218750004 0.035857975 0.363682090625 0.03150418125 0.3500855515625 0.0287830625 0.34143500625 0.029327285937499996
0 0.14401681875 0.0413002171875 0.1443644046875 0.046742456249999995 0.1607467703125 0.0559942671875 0.1861173890625 0.05762693906250001 0.2079821265625 0.0538173703125 0.2163893640625 0.0494635765625 0.21514792656249998 0.0423886640625 0.2084142359375 0.035857975 0.193273309375 0.0336810765625 0.155304278125 0.0325926296875 0.1509839421875 0.039123318750000004 0.14401681875 0.0413002171875
0 0.0716095171875 0.0325926296875 0.0859128015625 0.0255177171875 0.065969028125 0.0255177171875 0.06250710625 0.026061940625000002 0.05944565 0.0255177171875 0.000296925 0.0255177171875 0.0005095015625 0.04378640625 0.0108917734375 0.04619823125 0.0426137375 0.048375129687500004 0.062690778125 0.041300215625 0.0716095171875 0.0325926296875
0 0.058543860937500004 0.1370836578125 0.0757406796875 0.1343625359375 0.0824992515625 0.128920296875 0.08143160625 0.12456650312499999 0.07308401249999999 0.117491590625 0.0640511203125 0.1120493484375 0.058489346875 0.11150512500000001 0.049118746875 0.113137796875 0.0395048328125 0.1109609015625 0.023956678125 0.11477046875000001 0.0026729593749999997 0.11531469218749998 0.0013500375 0.116021925 0.0016141109375000001 0.1387163296875 0.046014965625 0.1387163296875 0.050960959375 0.141981675 0.0556983984375 0.141981675 0.058543860937500004 0.1370836578125
0 0.073987365625 0.21817304843750002 0.070133896875 0.207288565625 0.0627496671875 0.2029347734375 0.059139512500000005 0.19585986093750002 0.0403983078125 0.19912520625000002 0.0336049765625 0.20402322343749998 0.00349691875 0.20239055 0.00236064375 0.20287321406249997 0.002630465625 0.22606170625000002 0.0138854015625 0.22905753125 0.03262660625 0.2257921859375 0.06180605625 0.2252479609375 0.073987365625 0.21817304843750002
0 0.06569903437499999 0.2862010625 0.055052235937500006 0.28021459531250004 0.0454383234375 0.2780377 0.0032168343750000002 0.276454134375 0.0035273125 0.3031364859375 0.0141879765625 0.30797002500000004 0.01974975 0.30851424843749997 0.06707950625 0.2954528703125 0.06569903437499999 0.2862010625
0 0.0804919984375 0.3694673484375 0.0802486875 0.3656577796875 0.0726211484375 0.35749441875 0.05600535156250001 0.35695019375000003 0.0059940453125 0.36511355624999997 0.0057606125 0.3738211421875 0.0343938 0.3770864859375 0.06827593125 0.3759980375 0.0804919984375 0.3694673484375
0 0.0771496609375 0.44076070468750006 0.07529244375000001 0.4364069125 0.07038121093750001 0.4336857921875 0.0512229 0.4304204484375 0.0436996375 0.423889759375 0.0261899921875 0.4217128609375 0.017678479687500002 0.4244339828125 0.00553193125 0.43205312031250004 0.0050284140625 0.43214085 0.0052931546875 0.45489265312500005 0.009430034375 0.45599898124999994 0.0181153390625 0.45599898124999994 0.0735841390625 0.4467471703125 0.0771496609375 0.44076070468750006
0 0.081226309375 0.51695208125 0.06628405781249999 0.5055233734375 0.0487744109375 0.5033464765625 0.039403809375 0.50497915 0.0132436171875 0.503346478125 0.0059004 0.50707914375 0.0059703765625 0.5130929609375 0.0066742046875 0.5241129234375 0.0138791515625 0.525659665625 0.0644118375 0.525659665625 0.081226309375 0.51695208125
0 0.056903203125 0.5811705234375 0.0499360796875 0.5833474203125 0.023194865624999998 0.5849800921874999 0.012488428125000001 0.5904223328125 0.0122202359375 0.5985856953125 0.02828976875 0.6029394875 0.046276159375 0.6002183671875 0.0589440921875 0.600762590625 0.07984546249999999 0.5942319031250001 0.0819361125 0.5898781078125 0.0720788875 0.5838916453125 0.06637808125 0.5811705234375 0.056903203125 0.5811705234375
0 0.0182485 0.66824638125 0.025563209375 0.671511725 0.0390554734375 0.672600171875 0.081205803125 0.6649810359375 0.09338711250000001 0.657906121875 0.093933375 0.654096553125 0.08977695625 0.6508312093749999 0.0738464578125 0.6486543140625 0.0323814234375 0.654640778125 0.02016535625 0.6611714671875 0.0182485 0.66824638125
0 0.029143359375 0.72756680625 0.044284287500000005 0.7297437046875 0.080569896875 0.729199478125 0.0912763328125 0.7237572390625 0.092577409375 0.7194034453125 0.088420990625 0.7161381 0.077982746875 0.7134169796875 0.0369249390625 0.71341698125 0.026288017187500002 0.7199476703125 0.025776515625000003 0.7243014624999999 0.029143359375 0.72756680625
0 0.030096475 0.8043024046875 0.03734166875 0.8064793015625 0.0555018515625 0.8064793015625 0.0984417578125 0.7988601656250001 0.10304016093749999 0.7966832671875 0.104922259375 0.7890641296875 0.095924125 0.7841661140625 0.071412596875 0.7836218890625 0.037053721875 0.789608353125 0.02731065 0.7977717156249999 0.030096475 0.8043024046875
0 0.0453910640625 0.8706977453125001 0.09640049687499999 0.865799728125 0.10315906875 0.8603574875 0.10209142499999999 0.8560036953125 0.09635586093750001 0.8527383499999999 0.0843732265625 0.8505614546875 0.044278784375000005 0.853282575 0.0335375890625 0.8581805906250001 0.030657365625 0.8625343843750001 0.0453910640625 0.8706977453125001
0 0.0757373078125 0.9131472265625 0.06293034374999999 0.9104261046875 0.0526311328125 0.9098818796874999 0.037152496875 0.9147798968749999 0.031922865625000005 0.9194360390625 0.0322163828125 0.9240317078125001 0.03400408125 0.927297053125 0.05100222343750001 0.9338277406250001 0.09034185 0.9316508453125 0.094835978125 0.9278412749999999 0.09520844687499999 0.9213105859375 0.0757373078125 0.9131472265625
0 0.093912121875 0.9751887734375 0.0659294703125 0.96974653125 0.043786662500000004 0.9692023078125 0.03535625625 0.973193284375 0.0361277625 0.985272925 0.041740650000000004 0.9866174796875 0.0460361015625 0.99205971875 0.0883254703125 0.9866174796875 0.0952230765625 0.983352134375 0.09648939375 0.9784541171875001 0.093912121875 0.9751887734375
0 0.1735906234375 0.7145054296875 0.1739034515625 0.719403446875 0.1928184515625 0.7188592218750001 0.19604626249999998 0.7199476703125 0.2005155078125 0.7281110296875 0.206146796875 0.7297437046875 0.22285699062500003 0.7194034453125 0.244930284375 0.7188592218750001 0.25416184999999997 0.715049653125 0.25106319843749997 0.703620946875 0.22071182656250002 0.6981787046875 0.1913585828125 0.696001809375 0.1735906234375 0.7145054296875
0 0.1714798421875 0.7803565453125 0.19153200312500002 0.7852545609375 0.2213272328125 0.7819892171875 0.2347847375 0.782533440625 0.250159096875 0.7760027515625 0.2481976046875 0.7700162859375 0.2384446546875 0.7656624937500001 0.192823203125 0.768383615625 0.18373066875 0.7743700812500001 0.1759392125 0.7760027515625 0.1714798421875 0.7803565453125
0 0.20018729999999998 0.8342347296874999 0.1805522453125 0.8358674015625001 0.17602336093749998 0.8391327484375 0.17407174375 0.8456634359375 0.1919984953125 0.854371021875 0.19646774218750002 0.8625343843750001 0.20329583125 0.8581805921875001 0.242218353125 0.84947300625 0.24718922656250003 0.8407654203125 0.2437528625 0.836411628125 0.2252450921875 0.8309693859375 0.21649026875000002 0.8298809390624999 0.20018729999999998 0.8342347296874999
0 0.21364442968750003 0.9213105875000001 0.23924848281250002 0.9142356734374999 0.24291827968750002 0.9098818812499999 0.23793752812500002 0.9060723125000001 0.22997227968749998 0.9049838640625 0.18959976875 0.903351190625 0.1732968015625 0.907704984375 0.168976465625 0.9142356749999999 0.1853240703125 0.9229432578125 0.21364442968750003 0.9213105875000001
0 0.185234425 0.9833521359375 0.1917248015625 0.9860732531249999 0.21465718437499998 0.9866174796875 0.239714975 0.983352134375 0.24259519843750002 0.978998340625 0.240668465625 0.9735561 0.21663368125 0.9681138609375 0.20235184374999998 0.9670254109374999 0.1921916703125 0.9686580843750001 0.1841320203125 0.9784541171875001 0.185234425 0.9833521359375
0 0.3469894046875 0.5860685421875 0.39930978906250003 0.589333884375 0.4038386765625 0.586068540625 0.405790290625 0.579537853125 0.395108734375 0.5730071625 0.352983284375 0.5686533703125 0.3287845828125 0.5730071609375 0.3227460671875 0.5773609546875 0.3269024859375 0.5806263 0.3469894046875 0.5860685421875
0 0.398594484375 0.6399467265625 0.3504652765625 0.64049095 0.335855609375 0.6589945703125 0.35655830625 0.661715690625 0.3823709125 0.657906121875 0.4000444734375 0.6502869859375 0.401857053125 0.6415793984375 0.398594484375 0.6399467265625
0 0.37855695312500004 0.6970902578125 0.3689430421875 0.6949133609375 0.33972882968749996 0.6949133609375 0.3321806875 0.7003556015625 0.3310186453125 0.7068862921875 0.34077159375 0.7112400859375 0.338646184375 0.7150496515625 0.34187399531249996 0.7161381 0.377230996875 0.71341698125 0.3821074703125 0.7155938765625 0.3907580171875 0.715049653125 0.3960764765625 0.711784309375 0.397273278125 0.70579784375 0.39387167343749996 0.7019882734375 0.37855695312500004 0.6970902578125
0 0.32334609375 0.7721931828125 0.32046587031249996 0.776546975 0.3254118640625 0.7798123218749999 0.368292128125 0.7836218890625 0.4030681078125 0.7841661125 0.40921090156249995 0.78144499375 0.41065101249999997 0.7792680953125 0.40635555781250005 0.77382585625 0.388533084375 0.7667509421875 0.35619534062499997 0.7672951671875 0.32880358906249996 0.7711047359375 0.32334609375 0.7721931828125
0 0.3391273078125 0.8462076609375 0.3630578140625 0.8500172296875 0.39227202499999997 0.8500172296875 0.40696108593749997 0.8451192125 0.40877366562499995 0.836411628125 0.4054763390625 0.8342347296874999 0.37756320625 0.8298809374999999 0.3577891171875 0.8293367140625 0.343343365625 0.8380443 0.3316735609375 0.8407654203125 0.3391273078125 0.8462076609375
0 0.332884990625 0.896820503125 0.35067270625 0.9033511921875 0.390151365625 0.903351190625 0.3955393453125 0.9011742953124999 0.39598133125 0.8957320546875 0.392614484375 0.8924667109375 0.3701240890625 0.8864802453125 0.336102921875 0.8853917953125 0.32996013125 0.8881129171875 0.33023820000000004 0.8924667109375 0.332884990625 0.896820503125
0 0.4044924671875 0.979542565625 0.4024266984375 0.971923428125 0.3951815046875 0.96974653125 0.3328052203125 0.9697465328125 0.3223420921875 0.978998340625 0.34174371406250004 0.9860732546875 0.38990768125 0.9860732546875 0.39999833906250004 0.983352134375 0.4044924671875 0.979542565625
0 0.5030662109375 0.6932806890625 0.5177651515624999 0.700899825 0.540662775 0.7008998265625 0.5579638703125 0.6998113796875 0.5617727 0.6976344812499999 0.5638633515625 0.6932806890625 0.5563748453125 0.687294225 0.5491296515624999 0.6851173265625 0.5222841625 0.6851173265625 0.5020680859375 0.6900153437500001 0.5030662109375 0.6932806890625
0 0.5589319875000001 0.7520568921875 0.5494918671875 0.752601115625 0.513509209375 0.7455262015625 0.511418559375 0.7498799953125 0.5164340671875001 0.7542337875 0.49607895781250005 0.756954909375 0.49244392187499997 0.7618529265625 0.48619685312499994 0.7629413734375 0.49121236250000005 0.7672951671875 0.5088610421875 0.7716489578125 0.5562006765625 0.7711047359375 0.5662565749999999 0.7678393906250001 0.5698916140625 0.7629413734375 0.565422365625 0.7547780125 0.5589319875000001 0.7520568921875
0 0.49771736874999994 0.832057834375 0.4937098640625 0.843486540625 0.48907670156250005 0.8451192140625 0.5238179234375 0.8451192125 0.5472618078125 0.8413096437500001 0.5536479109375 0.8423980921875 0.5604412421875 0.837500075 0.5690570296875 0.8364116265625 0.5766746921875 0.8320578359375 0.57787149375 0.8260713703125001 0.570487265625 0.8217175765625001 0.5207093921875 0.821173353125 0.49771736874999994 0.832057834375
0 0.5092378875 0.9011742953124999 0.5366395171875 0.9098818796874999 0.57219519375 0.89790895 0.575795471875 0.8924667109375 0.5737644609375 0.8853917953125 0.526424828125 0.8859360203125 0.5092378875 0.9011742953124999
0 0.518459203125 0.9713792031249999 0.528966965625 0.9751887734375 0.56353439375 0.9724676515624999 0.5834376406249999 0.96267161875 0.58051278125 0.9539640328125 0.528366190625 0.9534198093749999 0.510518834375 0.9583178265625 0.5078471640625 0.9659369625 0.5142332671875 0.9670254109374999 0.518459203125 0.9713792031249999
0 0.6784466140625 0.5093329421874999 0.672676290625 0.5055233734375 0.652286421875 0.5077002687500001 0.6446340015625001 0.5115098390624999 0.6352286406250001 0.5125982875 0.631524084375 0.5164078546875001 0.63719013125 0.5185847531250001 0.638257775 0.52293854375 0.631325409375 0.525659665625 0.6700144984375 0.525659665625 0.6925992921875 0.5207616484375001 0.6963386078125 0.5174963046875 0.691973634375 0.5109656140625 0.6784466140625 0.5093329421874999
0 0.683675428125 0.5664764718749999 0.6739572375 0.5626669046874999 0.6433029171875 0.5648438 0.6243282796875 0.57681673125 0.6253611640625001 0.5806263015625001 0.6319558187500001 0.5849800921874999 0.6462376546875 0.586068540625 0.6584635984375 0.5920550062500001 0.67771630625 0.5844358671875 0.687911240625 0.5833474203125 0.6999882734375 0.574639834375 0.7019398875 0.5681091453125 0.6946251765625 0.5648438 0.683675428125 0.5664764718749999
0 0.6329586953125 0.63776983125 0.6300437140625 0.6415793984375 0.638217515625 0.6459331921875 0.6377407703125 0.6508312093749999 0.655319934375 0.6540965515625 0.6737830687499999 0.6464774156249999 0.70031573125 0.6415793984375 0.7032307125 0.6377698296875 0.7004796468750001 0.6317833640625 0.677477746875 0.63015069375 0.6484025734375 0.6323275890625 0.6329586953125 0.63776983125
0 0.6901255484375 0.6921922406250001 0.6665078703125 0.6932806890625 0.6415543546875 0.6981787046875 0.6339366921875 0.7025324984375 0.6435506046875 0.7047093953125 0.6477417828124999 0.7085189640625 0.660653025 0.71287275625 0.688079534375 0.7096074109375 0.715262734375 0.7025324984375 0.7157047203125 0.69709025625 0.7113397484374999 0.69055956875 0.6970926703125 0.6900153437500001 0.6901255484375 0.6921922406250001
0 0.6917738359375 0.7798123218749999 0.7127794859375001 0.7749143046875 0.713872009375 0.7672951671875 0.7088217421875 0.76239715 0.68647038125 0.7585875796875 0.6770650203125 0.759676028125 0.6587658000000001 0.7574991328125 0.6393740578125 0.7629413734375 0.6433665609375 0.776002753125 0.6917738359375 0.7798123218749999
0 0.6445779890625001 0.832057834375 0.646504721875 0.8375000765625 0.6388870609375 0.8418538671875 0.6814197375 0.8402211968750001 0.6986513140625 0.8380442984375 0.7094620296875 0.8342347296874999 0.7106240703125 0.827704040625 0.7056085609375 0.8233502484375 0.6777649453125 0.8200849046875 0.665131775 0.8200849046875 0.6506165046875 0.8277040421875 0.6445779890625001 0.832057834375
0 0.6421642578125 0.9055280890624999 0.6646894140625 0.912058778125 0.70618920625 0.9066165375 0.716106071875 0.9011742953124999 0.715758484375 0.8957320531249999 0.7114977890625 0.8908340375 0.7043221125 0.8897455890625 0.6774418640625 0.8892013656250001 0.6634381 0.8924667109375 0.6433263 0.8989973984375 0.6421642578125 0.9055280890624999
0 0.6912268265625 0.9566851546875 0.6754353625 0.9566851546875 0.64807836875 0.9610389453125 0.6436537578125 0.9659369625 0.656356446875 0.9670254093749999 0.6694067234375 0.9735561 0.716781115625 0.9735561 0.72669798125 0.9681138609375 0.729473928125 0.9621273953125 0.7291610984375 0.9572293765625 0.722705478125 0.9550524828125001 0.7020722984375001 0.9534198093749999 0.6912268265625 0.9566851546875
0 0.7425469546875 0.3014393359375 0.769844309375 0.30851425 0.7830237421875 0.30470468125 0.8027630734375 0.30470468125 0.8246278125 0.3008951125 0.8238978781249999 0.2894664046875 0.8062491984375001 0.2851126109375 0.7690002218750001 0.282935715625 0.7577127640625 0.291643303125 0.7565159625 0.2976297671875 0.7425469546875 0.3014393359375
0 0.816329603125 0.3564059703125 0.7681656359375 0.3564059703125 0.7552990312500001 0.36511355624999997 0.7716466375000001 0.3738211421875 0.81044 0.3754538125 0.8266386921875 0.3694673484375 0.8254320140625 0.36293665937499997 0.816329603125 0.3564059703125
0 0.752095728125 0.438583809375 0.7692676656249999 0.44783561875 0.784512865625 0.45164518749999993 0.8003043312499999 0.45164518749999993 0.8321902109374999 0.44402605156249997 0.8325974390624999 0.4380395859375 0.8276166875 0.434230015625 0.820406253125 0.43259734375000003 0.781751925 0.43314156875 0.7725203546875 0.43695113750000003 0.752095728125 0.438583809375
0 0.75674351875 0.498992684375 0.754687628125 0.5038907015625 0.7613518015625 0.5093329421874999 0.7765970046875 0.5131425109375 0.779174278125 0.5164078562500001 0.7831569015625 0.51695208125 0.7915641375 0.5125982875 0.815728078125 0.5077002703125 0.8241700734374999 0.5038907015625 0.8338783859375001 0.495183115625 0.8249845265625 0.491917771875 0.7721526390625 0.49300621875 0.75674351875 0.498992684375
0 0.7588337953125001 0.5811705234375 0.7861311484375 0.5882454375 0.83291464375 0.5789936265625 0.8382331046875 0.5757282828125 0.838675090625 0.570286040625 0.8344839140625 0.5664764718749999 0.8012175609375 0.5648438 0.7814434718750001 0.5642995765625 0.766277665625 0.5740956109375001 0.7546426171875 0.5773609546875 0.7588337953125001 0.5811705234375
0 0.8146648125 0.6394025015625 0.8294233921874999 0.6355929328125 0.8368672625 0.6285180203125 0.8334656578124999 0.6247084515625 0.824710834375 0.6236200046875 0.7954966265625 0.6236200046875 0.77634819375 0.6328718125 0.7735027296875 0.63776983125 0.779993109375 0.6404909515625 0.8146648125 0.6394025015625
0 0.7840847609375 0.6921922406250001 0.7685366078125 0.696001809375 0.7657954203124999 0.7025324984375 0.7890406296875 0.707974740625 0.8321543281249999 0.703076721875 0.842105953125 0.6981787046875 0.8434070281249999 0.6938249125 0.8375671875 0.688926896875 0.8287776062500001 0.6872942234375 0.815250584375 0.6856615500000001 0.791667665625 0.6872942234375 0.7840847609375 0.6921922406250001
0 0.7994239875 0.771648959375 0.8112675859375 0.771648959375 0.8348505046874999 0.7700162875000001 0.844941165625 0.7672951671875 0.8494005343750001 0.7629413734375 0.8483676499999999 0.7591318046875 0.8378598875 0.7553222359375 0.8022595750000001 0.7542337875 0.7755183609375 0.7558664609375 0.7709547156250001 0.75858758125 0.7994239875 0.771648959375
0 0.8216857015624999 0.8358674015625001 0.8401488359375 0.828248265625 0.8398360078125 0.8233502484375 0.835679590625 0.8200849046875 0.824556046875 0.8189964562500001 0.7945522640625 0.8189964562500001 0.776158646875 0.8277040421875 0.777226290625 0.832057834375 0.7941896734375 0.8380443 0.8216857015624999 0.8358674015625001
0 0.78037433125 0.9060723125000001 0.8040962875 0.9066165359375 0.8252757296875 0.9044396390625 0.8376655875000001 0.900630071875 0.8397214796875 0.8957320546875 0.8362851156250001 0.8913782609374999 0.8130746640625001 0.8864802453125 0.7845109953125 0.8843033468750001 0.7663606875 0.8968205015624999 0.7666387578125 0.901174296875 0.78037433125 0.9060723125000001
0 0.78978444375 0.9545082562499999 0.77918228125 0.9615831703125 0.7900723921874999 0.9713792046874999 0.8083020921875 0.9724676531249999 0.8369601624999999 0.9637600671875 0.8458441421874999 0.9545082578124999 0.8439174093749999 0.9490660171874999 0.8406200796875 0.94688911875 0.82956605625 0.94688911875 0.8029986359375 0.9512429125 0.78978444375 0.9545082562499999
0 0.395102859375 0.7830776640625 0.404438703125 0.7809007703125 0.4022686578125 0.771648959375 0.380811146875 0.7694720625 0.37154482031249997 0.7727374078125 0.3725081859375 0.7754585281249999 0.377280384375 0.7760027515625 0.3856279796875 0.783077665625 0.395102859375 0.7830776640625
0 0.66343009375 0.44729139375000004 0.6339824515625 0.45599898124999994 0.6458955671875 0.4570874296875 0.6669806125 0.4657950140625 0.6985635390625 0.4657950140625 0.7103376203125 0.4647065671875 0.7211483359375 0.46089699843750004 0.7240285578125001 0.45654320468750004 0.7213817687499999 0.45218941093750004 0.7091558234375 0.446202946875 0.6759937484375 0.446202946875 0.66343009375 0.44729139375000004
0 0.54654875 0.3727326921875 0.5169869546875 0.36729045312499997 0.48897942343749995 0.373821140625 0.5017516296875 0.3759980375 0.5132922765625 0.38361717500000003 0.5192711531249999 0.3906920875 0.52047783125 0.397222778125 0.5244256968750001 0.397222778125 0.5399043328124999 0.3923247609375 0.5635915296875 0.3923247609375 0.5758423546875 0.386338296875 0.5760410296875 0.3770864859375 0.55434020625 0.3711000203125 0.54654875 0.3727326921875
0 0.566719815625 0.441304928125 0.55532808125 0.44837984375 0.5386080062499999 0.446202946875 0.51619700625 0.45382208437499993 0.51400208125 0.45654320468750004 0.5166141125 0.4603527734375 0.5399635984375 0.4674276875 0.568214440625 0.46470656562499996 0.58739763125 0.4559989796875 0.5795267796875 0.44402605 0.5762989703125 0.442937603125 0.57001714375 0.4434818265625 0.566719815625 0.441304928125
0 0.364321253125 0.36293665937499997 0.34461668125 0.3634808828125 0.333423621875 0.36130398750000003 0.3173639640625 0.3694673484375 0.3215899 0.3738211421875 0.33213242187500003 0.37817493281250003 0.33162091875 0.38252872656250003 0.32324844218750004 0.38742674374999997 0.3303546 0.38742674374999997 0.33869231875 0.381984503125 0.38671725 0.37980760625 0.3905260828125 0.377630709375 0.3902132546875 0.3727326921875 0.38433865312500004 0.3672904515625 0.364321253125 0.36293665937499997
0 0.4450907796875 0.44076070625 0.436544509375 0.44293760156250006 0.42936883437500006 0.44184915468749997 0.419581125 0.43695113750000003 0.4046487515625 0.43803958437499996 0.384666109375 0.434230015625 0.372032940625 0.434230015625 0.3366411796875 0.43640691406250004 0.3281296671875 0.4391280328125 0.3397398328125 0.44783561875 0.3645641890625 0.453277859375 0.3787417484375 0.4527336359375 0.38200431875 0.454366309375 0.3977610234375 0.45382208437499993 0.4036605046875 0.44729139375000004 0.4346276546875 0.450012515625 0.4468437203125 0.4434818265625 0.4450907796875 0.44076070625
0 0.20070580468750002 0.3602155375 0.172107371875 0.35749441718749997 0.1434145453125 0.3656577796875 0.14983540625 0.3672904515625 0.155779525 0.3738211421875 0.1790942515625 0.38035183125 0.20895899999999998 0.37817493281250003 0.2265034046875 0.3808960546875 0.2326809546875 0.3787191578125 0.23786038125000003 0.3732769171875 0.230952896875 0.36402510781249997 0.2197598359375 0.3618482125 0.2147790859375 0.35803864218750003 0.20070580468750002 0.3602155375
0 0.1604273171875 0.434230015625 0.16640619375000001 0.4413049296875 0.1565240875 0.44729139375000004 0.156663121875 0.44946829218750006 0.1701553828125 0.450556740625 0.18389095625000001 0.4554547578125 0.20534846875 0.457631653125 0.22484448750000002 0.45382208281249997 0.23778061093749997 0.446202946875 0.2391512046875 0.442937603125 0.2255795484375 0.4282435515625 0.1491299796875 0.4304204484375 0.1604273171875 0.434230015625
0 0.18809676250000001 0.521305871875 0.21397888593749997 0.5185847515625001 0.2317318421875 0.52457121875 0.2377356 0.5196732 0.25407332656250003 0.51586363125 0.255955425 0.50824449375 0.2517642484375 0.5044349265625 0.2252217078125 0.4968157875 0.20929120937499998 0.4946388921875 0.18793797343750002 0.49409466875 0.15962749062499998 0.50824449375 0.18809676250000001 0.521305871875
0 0.21644675625 0.5572246640625 0.2009681203125 0.56212268125 0.1860009875 0.5626669046874999 0.1740282328125 0.5730071625 0.175304428125 0.5806263 0.17087981562500001 0.5855243156250001 0.19621567812500001 0.586612765625 0.218626678125 0.5789936265625 0.23589301406250002 0.5773609546875 0.2411419546875 0.5730071609375 0.24233875624999998 0.567020696875 0.23890239218749998 0.5626669046874999 0.22921896249999998 0.559401559375 0.21644675625 0.5572246640625
0 0.20935047343750002 0.5697418171875 0.209663303125 0.5746398359375 0.21539886875 0.577905178125 0.2238061046875 0.5735513859375 0.21696813750000002 0.5653880234375 0.21216117968749998 0.5642995765625 0.20935047343750002 0.5697418171875
0 0.24101754999999997 0.6328718125 0.23078785625 0.6334160375 0.2210696671875 0.6296064703125 0.219594796875 0.631239140625 0.18876668125 0.6306949171875 0.1707802921875 0.6334160375 0.16786531093749998 0.63722560625 0.1691183328125 0.644481928125 0.16478641249999998 0.6508312093749999 0.200525759375 0.654096553125 0.2413402578125 0.650286984375 0.245938659375 0.6481100875 0.24946942187499999 0.6415793984375 0.24754268750000002 0.6361371578125 0.24101754999999997 0.6328718125
0 0.5683033390625 0.5773609546875 0.5552530625000001 0.5708302656249999 0.5450928859374999 0.5724629375 0.5274789656250001 0.5686533687499999 0.50977064375 0.575728284375 0.492504309375 0.5773609546875 0.4879406640625 0.5800820765625 0.4881144578125 0.582803196875 0.49989841718749994 0.5942319015625 0.5208791828125 0.601306815625 0.5255818640625 0.600762590625 0.5333385609375 0.5985856968750001 0.539958096875 0.5909665562499999 0.5625776515625 0.5866127640625 0.5693362234375 0.5811705234375 0.5683033390625 0.5773609546875
0 0.4903240125 0.642123625 0.49828926406249996 0.6432120718750001 0.5033395296875 0.6481100875 0.4987411265625 0.650286984375 0.50124888125 0.65246388125 0.5212315234375 0.65627345 0.5377430421875 0.6551850015625 0.5533259546875 0.65191965625 0.574877865625 0.6432120718750001 0.5752503328125 0.6366813828125 0.5694104921875 0.631783365625 0.5575321343749999 0.6312391421875 0.4903240125 0.642123625
0 0.5057038734375 0.5120540640625 0.5333140546874999 0.52402699375 0.5532619375000001 0.5272923390625001 0.574337103125 0.52348276875 0.5819895234375 0.5196732 0.58336011875 0.5164078562500001 0.579064665625 0.510965615625 0.554344584375 0.5071560453124999 0.5444178421875 0.500081134375 0.537276925 0.4995369078125 0.5205319703125 0.5093329421874999 0.5057038734375 0.5120540640625
0 0.3658700171875 0.49844846093750006 0.3591313265625 0.5000811328125 0.32430070781250003 0.502802253125 0.326947496875 0.5071560453124999 0.3389648890625 0.5098771656250001 0.35280473749999997 0.5164078546875001 0.3951039828125 0.5234827703125 0.41466951874999997 0.5207616484375001 0.40858636718749997 0.5120540625000001 0.38193955156250003 0.502802253125 0.3717347390625 0.49137354687499996 0.3658700171875 0.49844846093750006
0 0.7491672421875 0.12075693437499999 0.7408642828125 0.1267434 0.7182794859375 0.1316414171875 0.7185575562500001 0.135995209375 0.7234340312499999 0.13817210468750002 0.7702274046875 0.14143745000000002 0.7945998953125 0.139804778125 0.8081170406249999 0.1289202953125 0.8101381734374999 0.12347805625 0.8074913828125 0.11912426250000001 0.7993870984375 0.11585891718750001 0.7898427031249999 0.11477046875000001 0.7491672421875 0.12075693437499999
0 0.79100436875 0.19477141250000002 0.7784308375 0.1833427046875 0.77449285 0.19585986093750002 0.7450700890624999 0.19259451562500002 0.7336088359375 0.19858098125 0.7195703124999999 0.2013021015625 0.7333754015625 0.207288565625 0.7361959859375 0.21436347812499998 0.741966309375 0.21817304843750002 0.7681612609374999 0.22034994375 0.8006976781249999 0.2105539109375 0.804332715625 0.20565589375 0.8031607968750001 0.1996694296875 0.79100436875 0.19477141250000002
0 0.6035579375 0.14034900156250002 0.6218571546875 0.14252589843750002 0.6339440640625 0.14633546718749998 0.6816214078125 0.1387163296875 0.6884494984375 0.1343625359375 0.6887872078124999 0.127287621875 0.67971955625 0.12130115781249999 0.6510863687499999 0.11803581406250001 0.62325263125 0.1272876234375 0.6056485859375 0.1359952109375 0.6035579375 0.14034900156250002
0 0.5170327140625 0.12075693437499999 0.4964690515625 0.12021270937499999 0.47632249375 0.1261991765625 0.4598804921875 0.1283760703125 0.46596364375 0.1370836578125 0.47856205625000003 0.1365394328125 0.4970698265625 0.141981675 0.5301971453125 0.1414374515625 0.55483783125 0.131641415625 0.554281690625 0.12293383124999999 0.548407090625 0.11749158906249998 0.5396175109375 0.11585891718750001 0.5170327140625 0.12075693437499999
0 0.3827606296875 0.1076955546875 0.3695116796875 0.110416678125 0.3513514953125 0.110416678125 0.33456190625 0.10715133125000001 0.32097524375 0.11694736562500001 0.31163940156250003 0.11912426250000001 0.3145642609375 0.127831846875 0.33924958437499997 0.1310971921875 0.3485953046875 0.1414374515625 0.3686028265625 0.1332740890625 0.3835699578125 0.1327298640625 0.39352158125000003 0.127831846875 0.4076892640625 0.11477046875000001 0.390144859375 0.1120493484375 0.3827606296875 0.1076955546875
0 0.2324585234375 0.14034900156250002 0.223520028125 0.12402227968749999 0.20587134687500003 0.11966848593749999 0.1798501921875 0.1202127109375 0.16223626875 0.11640314375000001 0.16198545625 0.12483861562500001 0.1498215265625 0.1321856390625 0.14852045 0.1365394328125 0.152711628125 0.140349 0.16795683125 0.144158571875 0.17702448125 0.1501450359375 0.1864646 0.14960081249999999 0.2001555375 0.1414374515625 0.210559025 0.14361434687500002 0.2116961859375 0.1490565875 0.2151921890625 0.141981675 0.2324585234375 0.14034900156250002
0 0.1972800671875 0.1953156359375 0.17736694375 0.19259451562500002 0.17390569843749998 0.200213653125 0.160006209375 0.2051116703125 0.15094843593750001 0.2116423609375 0.1384890578125 0.21436347968749997 0.1426802328125 0.21817304843750002 0.162662875 0.22198261718749998 0.19833270625 0.22415951406249998 0.2180372765625 0.2236152890625 0.2303228625 0.21817305 0.228396128125 0.2127308078125 0.23138062812500002 0.21000968593749997 0.22368357031250002 0.2007578765625 0.1972800671875 0.1953156359375
0 0.1767160296875 0.28130304375000004 0.15511948281250001 0.2769492515625 0.14441304531250002 0.28239149218750004 0.12340739687499999 0.2872895109375 0.14772025 0.2970855421875 0.1604576984375 0.298718215625 0.174401825 0.30688157656250004 0.1861063875 0.30470468125 0.195859334375 0.30905847343750004 0.21820082031250002 0.3003508875 0.221801096875 0.294908646875 0.21496313125 0.28674528593750004 0.18684144687499998 0.2791261484375 0.1767160296875 0.28130304375000004
0 0.30691108906250003 0.30470468125 0.3257913296875 0.30361623125000003 0.360090565625 0.309058471875 0.371561696875 0.3155891625 0.39376414375 0.30470468125 0.3876462328125 0.2954528703125 0.36680450000000003 0.290554853125 0.35420608750000004 0.2910990765625 0.3271520453125 0.28783373437500004 0.2961252578125 0.2965413171875 0.30691108906250003 0.30470468125
0 0.3765827046875 0.196404084375 0.37177574999999996 0.1953156359375 0.36594578437499997 0.2029347734375 0.3388917421875 0.1996694296875 0.3179556125 0.2056558953125 0.3222510640625 0.21109813593750001 0.340073540625 0.21817304843750002 0.3388072234375 0.22307106718749997 0.3413149765625 0.2252479609375 0.3537048375 0.2214383921875 0.3885155765625 0.2225268390625 0.39929153125 0.21817304843750002 0.4014169390625 0.21436347968749997 0.3775460734375 0.1991252046875 0.3765827046875 0.196404084375
0 0.572277584375 0.21926149687500002 0.5692484484375 0.20892123749999997 0.5555823921874999 0.2051116703125 0.5344029515625001 0.207288565625 0.5254048171875 0.20239055 0.5166499953125 0.2013021 0.49029112656249996 0.20892123749999997 0.50076413125 0.21218658281249997 0.49870824062499997 0.2170846015625 0.4911253359375 0.22198261718749998 0.49219297968750003 0.226336409375 0.5135809734375 0.2274248578125 0.522613865625 0.2328671 0.5281756375 0.23341132187500002 0.53960213125 0.2268806328125 0.5670634015625 0.22415951406249998 0.572277584375 0.21926149687500002
0 0.6151132125000001 0.21000968593749997 0.6132658734375 0.21817304843750002 0.62679289375 0.21980572031249998 0.634142365625 0.2236152890625 0.6609530953125 0.22307106562499998 0.682470246875 0.21381925625 0.68459565625 0.21000968593749997 0.6818793484375 0.204567446875 0.65138894375 0.1969483078125 0.633983575 0.196404084375 0.629116978125 0.2067443421875 0.6151132125000001 0.21000968593749997
0 0.6721260265625 0.28674528593750004 0.6540006015625 0.287289509375 0.6396492484375 0.2851126125 0.626921678125 0.2959970953125 0.6153909078125 0.3008951125 0.6156342203125 0.30470468125 0.6205802109375 0.3079700234375 0.6170494484375 0.3145007140625 0.624910421875 0.313956490625 0.6277558890625 0.309058471875 0.6346534953125 0.30579312812500004 0.6829217375 0.3074258015625 0.6874755046875001 0.29218752812500004 0.6825295140625001 0.28892218125 0.6721260265625 0.28674528593750004
0 0.540858196875 0.29599709375 0.5143255359375 0.3008951125 0.50444343125 0.30688157656250004 0.4895805734375 0.309058471875 0.48989340156249994 0.3139564890625 0.49411933750000003 0.318310284375 0.5076463578125 0.3199429546875 0.51773701875 0.317221834375 0.538265921875 0.3172218359375 0.5664472468749999 0.31341226718750004 0.574645928125 0.3057931296875 0.57350876875 0.3003508875 0.5669141140625 0.29599709375 0.540858196875 0.29599709375
0 0.6598898296875 0.3547732984375 0.6397432734375 0.3607597640625 0.6267376328125 0.3672904515625 0.6171683546875 0.378174934375 0.6212204984375 0.37980760625 0.6519095765625 0.378174934375 0.6683863375 0.3765422609375 0.6768283328125 0.3727326921875 0.68712754375 0.3732769171875 0.6939903921874999 0.3694673484375 0.6967663374999999 0.36348088437500004 0.6908917375 0.35803864218750003 0.6828569703125 0.355861746875 0.6598898296875 0.3547732984375