0 0.04072398125 0.1541381921875 0.0613373546875 0.1381928625 0.063348415625 0.1146545171875 0.06385118125 0.09567198125000001 0.06033182499999999 0.0797266515625 0.052287581250000006 0.0751708421875 0.0467571640625 0.0827638578125 0.048768225 0.12376613437499999 0.0442433390625 0.1404707671875 0.04072398125 0.1457858765625 0.04072398125 0.1541381921875
0 0.1111111109375 0.1305998484375 0.1111111109375 0.1389521640625 0.117647059375 0.1381928625 0.1191553546875 0.146545178125 0.1231774765625 0.146545178125 0.131724484375 0.12376613437499999 0.131724484375 0.09415337812499999 0.1271995984375 0.0797266515625 0.1231774765625 0.07593014375 0.11865258906250001 0.07668944531250001 0.1146304671875 0.083523159375 0.1136249375 0.0994684890625 0.1181498234375 0.1207289296875 0.11513323281250001 0.1290812453125 0.1111111109375 0.1305998484375
0 0.19507290156249998 0.1078208046875 0.1980894921875 0.118451025 0.20462544062500002 0.123006834375 0.20864756093749998 0.116932421875 0.2126696828125 0.0994684890625 0.20915032656250002 0.0713743359375 0.20211161406249997 0.06226271875 0.1975867265625 0.06378132187499999 0.193061840625 0.0713743359375 0.192559075 0.080485953125 0.1945701359375 0.0858010625 0.18903971875 0.107061503125 0.19507290156249998 0.1078208046875
0 0.0688788328125 0.2460136671875 0.0668677734375 0.21640091093749997 0.0618401203125 0.21108580156249998 0.0517848171875 0.21108580156249998 0.048768225 0.2262718296875 0.049270990625 0.268033409375 0.052790346875000005 0.271070615625 0.0648567125 0.2672741078125 0.0688788328125 0.2460136671875
0 0.1297134234375 0.23917995468750003 0.1332327796875 0.249810175 0.132730015625 0.25968109375 0.1347410765625 0.2642369015625 0.13675213749999998 0.2634776 0.14379085 0.241457859375 0.143288084375 0.21640091093749997 0.1382604328125 0.19817767656250002 0.1342383109375 0.192103265625 0.12619406718749998 0.1883067578125 0.1226747109375 0.1966590734375 0.123680240625 0.2095671984375 0.12166918125 0.2171602125 0.11865258906250001 0.22019741874999998 0.11865258906250001 0.22551252812499997 0.123680240625 0.221716021875 0.128205128125 0.22551252812499997 0.1297134234375 0.23917995468750003
0 0.20684090156249998 0.261342896875 0.20834919687500003 0.2605835953125 0.21337685 0.24160105937499998 0.21237131874999998 0.22489642812500002 0.21387961562500002 0.2097104 0.21136578906249998 0.1945243703125 0.20684090156249998 0.1899685625 0.1992994234375 0.1930057671875 0.19276347656249998 0.218062715625 0.19125518125000002 0.22793363437499997 0.198796659375 0.231730140625 0.20181325 0.25299058125 0.20684090156249998 0.261342896875
0 0.0613373546875 0.37737281718750004 0.0668677734375 0.3675018984375 0.0663650078125 0.3333333328125 0.06033182499999999 0.31966590781250004 0.052287581250000006 0.31814730468749997 0.050276520312499996 0.320425209375 0.0472599296875 0.3295368265625 0.048265459375 0.3728170078125 0.052790346875000005 0.37129840468749997 0.0613373546875 0.37737281718750004
0 0.136249371875 0.3485193625 0.1417797890625 0.34092634843749997 0.1392659625 0.30144267343750003 0.135243840625 0.2923310546875 0.13021618906250002 0.2923310546875 0.121166415625 0.2984054671875 0.11865258906250001 0.327258921875 0.1256913015625 0.356871678125 0.1307189546875 0.3659832953125 0.136249371875 0.3485193625
0 0.2161890390625 0.3576309796875 0.218702865625 0.34548215625 0.2247360484375 0.34092634843749997 0.222222221875 0.3264996203125 0.2227249875 0.314350796875 0.2166918046875 0.29916476875 0.2126696828125 0.2953682609375 0.20764203124999997 0.2953682609375 0.20512820468749998 0.3022019734375 0.2061337359375 0.314350796875 0.2026143796875 0.324221715625 0.210658621875 0.3561123765625 0.2161890390625 0.3576309796875
0 0.270990446875 0.11009870937499999 0.2699849171875 0.1260440390625 0.27501256875 0.139711465625 0.2775263953125 0.12452543593750001 0.28305681250000003 0.1176917234375 0.2855706390625 0.07896735 0.28305681250000003 0.06529992343749999 0.27903469062499997 0.0569476078125 0.26696832656249997 0.055429004687500005 0.2699849171875 0.0728929390625 0.26696832656249997 0.0827638578125 0.2664655609375 0.097190584375 0.270990446875 0.11009870937499999
0 0.27149321249999997 0.22095672031250002 0.2699849171875 0.238420653125 0.270990446875 0.24449506406250002 0.275515334375 0.24753227031249997 0.27953745625000004 0.264996203125 0.2820512828125 0.248291571875 0.29110105625 0.23766135156249998 0.29110105625 0.20197418437499998 0.2875817 0.189066059375 0.27903469062499997 0.1776765375 0.27450980468749997 0.1769172359375 0.2694821515625 0.18754745625 0.2694821515625 0.1966590734375 0.2740070390625 0.2050113890625 0.2740070390625 0.21640091093749997 0.27149321249999997 0.22095672031250002
0 0.2820512828125 0.3394077453125 0.2805429859375 0.3515565671875 0.28305681250000003 0.3591495828125 0.283559578125 0.3530751703125 0.2880844640625 0.3485193625 0.2946204125 0.3264996203125 0.2931121171875 0.29688686406250003 0.2916038203125 0.28929385 0.287078934375 0.284738040625 0.27802916093749996 0.28929385 0.275515334375 0.294608959375 0.27501256875 0.30296127500000003 0.280040221875 0.31814730468749997 0.2775263953125 0.3333333328125 0.2820512828125 0.3394077453125
0 0.3317228671875 0.31814730468749997 0.33775605 0.3348519359375 0.33775605 0.343963553125 0.33373392812499997 0.3576309796875 0.3347394578125 0.3621867875 0.33825881562500004 0.36522399375000003 0.340772640625 0.3530751703125 0.3473085890625 0.350037965625 0.3503251796875 0.355353075 0.3503251796875 0.3090356875 0.3468058234375 0.29688686406250003 0.3422809359375 0.290812453125 0.3327283984375 0.3022019734375 0.3312201015625 0.30599848125 0.33373392812499997 0.3082763859375 0.33373392812499997 0.3166287015625 0.3317228671875 0.31814730468749997
0 0.340372046875 0.23158694062500002 0.34338863750000004 0.2323462421875 0.3459024640625 0.23006833750000003 0.34992458593750003 0.21640091093749997 0.3494218203125 0.1898253609375 0.34238310781250003 0.172361428125 0.33886375 0.1700835234375 0.3338360984375 0.172361428125 0.331322271875 0.189066059375 0.3338360984375 0.20045558125000001 0.3333333328125 0.21412300625 0.340372046875 0.23158694062500002
0 0.3333333328125 0.1116173125 0.332327803125 0.123006834375 0.3343388640625 0.12376613437499999 0.34539969843749996 0.1093394078125 0.34690799375000003 0.09567198125000001 0.3459024640625 0.07896735 0.34238310781250003 0.0599848140625 0.3378582203125 0.05163249843749999 0.3333333328125 0.0485952921875 0.3293112109375 0.05618830625 0.3303167421875 0.0751708421875 0.32830568125 0.0812452546875 0.3303167421875 0.1047835984375 0.3333333328125 0.1116173125
0 0.343891403125 0.091875475 0.34288587187499997 0.087319665625 0.336349925 0.087319665625 0.33534439374999997 0.091875475 0.3373554546875 0.0949126796875 0.3413775765625 0.09567198125000001 0.343891403125 0.091875475
0 0.40422322812499994 0.1403167296875 0.41075917500000003 0.1084260703125 0.41126194062500004 0.08564702656249999 0.40774258437500005 0.0651458875 0.399698340625 0.058312175 0.39668175 0.0689423953125 0.39567621875 0.1107039734375 0.3986928109375 0.1137411796875 0.40372046250000004 0.1312051125 0.40422322812499994 0.1403167296875
0 0.4012066359375 0.2194381171875 0.40774258437500005 0.2331055421875 0.41176470624999995 0.2323462421875 0.4087481140625 0.2194381171875 0.40774258437500005 0.1898253609375 0.4027149328125 0.1685649203125 0.399698340625 0.16476841250000002 0.39467068906249997 0.16400911093749998 0.389140271875 0.18071374375 0.38863750625 0.189066059375 0.3936651578125 0.20197418437499998 0.39567621875 0.215641609375 0.4012066359375 0.2194381171875
0 0.39668175 0.337129840625 0.40774258437500005 0.294608959375 0.40673705312499997 0.27866362968749997 0.40372046250000004 0.2718299171875 0.40020110625000005 0.2695520125 0.39316239375 0.27942293125 0.3876319765625 0.320425209375 0.381096028125 0.327258921875 0.384615384375 0.343963553125 0.39668175 0.337129840625
0 0.392659628125 0.4198936984375 0.40020110625000005 0.4183750953125 0.40422322812499994 0.420653 0.40673705312499997 0.43507972656250005 0.40975364531249997 0.435839028125 0.41176470624999995 0.43507972656250005 0.41830065312500003 0.41609719062500006 0.41980895 0.3842065296875 0.415786828125 0.36977980312500003 0.41176470624999995 0.36977980312500003 0.40673705312499997 0.37737281718750004 0.4062342890625 0.4039483671875 0.4017094015625 0.4145785875 0.39567621875 0.4153378890625 0.392659628125 0.4198936984375
0 0.4504776265625 0.3295368265625 0.4555052796875 0.3432042515625 0.4580191046875 0.34092634843749997 0.46103569687499996 0.3264996203125 0.4585218703125 0.294608959375 0.45349421875000007 0.2817008359375 0.4504776265625 0.2817008359375 0.44645550468749995 0.28853454843750004 0.445449975 0.294608959375 0.4469582703125 0.30599848125 0.4504776265625 0.314350796875 0.4504776265625 0.3295368265625
0 0.46254399218750003 0.23006833750000003 0.463549521875 0.2012148828125 0.46103569687499996 0.186028853125 0.45500251406250003 0.1685649203125 0.44645550468749995 0.170842825 0.445952740625 0.1928625671875 0.44997486249999996 0.22019741874999998 0.4585218703125 0.2308276390625 0.46254399218750003 0.23006833750000003
0 0.4585218703125 0.1161731203125 0.46254399218750003 0.1161731203125 0.46455505312499995 0.09794988593750001 0.46254399218750003 0.0728929390625 0.45751634062499996 0.0615034171875 0.45500251406250003 0.0592255125 0.449472096875 0.060744115625 0.44746103593750003 0.06909643125 0.4504776265625 0.0850417609375 0.44997486249999996 0.1078208046875 0.4585218703125 0.1161731203125
0 0.5032679734375 0.10326499687499999 0.5022624437500001 0.1146545171875 0.5057818000000001 0.1192103265625 0.5118149828125 0.09415337812499999 0.5113122171875 0.055429004687500005 0.509803921875 0.047835990625000005 0.5022624437500001 0.0485952921875 0.49974861718749997 0.0523918 0.5002513828125 0.066059225 0.49572649531249996 0.083523159375 0.49974861718749997 0.0880789671875 0.5032679734375 0.10326499687499999
0 0.548014078125 0.107061503125 0.5525389640625 0.11237661406249999 0.554550025 0.1063022015625 0.5560583203125 0.07668944531250001 0.5535444953125 0.0584662109375 0.5490196078125 0.049354593749999995 0.5449974859375 0.0485952921875 0.542483659375 0.0523918 0.539969834375 0.06681852656250001 0.5414781296875 0.0911161734375 0.547008546875 0.0994684890625 0.548014078125 0.107061503125
0 0.6163901453125 0.0713743359375 0.61488185 0.057706909375000004 0.6103569640625001 0.050113895312500004 0.6063348421875 0.0485952921875 0.60331825 0.0523918 0.600301659375 0.0721336375 0.6023127203125 0.10174639375000001 0.610859728125 0.1063022015625 0.6158873812500001 0.09263477656249999 0.6163901453125 0.0713743359375
0 0.5118149828125 0.21959215312499997 0.513323278125 0.230981675 0.517848165625 0.23325957968750002 0.5218702859375 0.225666565625 0.5233785828124999 0.21503634531250002 0.5173454000000001 0.1839049859375 0.509803921875 0.16795965468750002 0.505279034375 0.1694782578125 0.5007541484375 0.180108478125 0.49974861718749997 0.1922573015625 0.5037707390625 0.19909101406250002 0.5037707390625 0.21123983750000003 0.5118149828125 0.21959215312499997
0 0.5147293421875 0.34092634843749997 0.5187514640625001 0.347000759375 0.52176805625 0.34548215625 0.5298122984375 0.330296128125 0.5303150640625 0.2938496578125 0.5232763515625 0.27334851875 0.5177459343749999 0.27031131406250003 0.514226578125 0.276385725 0.5147293421875 0.287775246875 0.5066851 0.30979498906249997 0.510707221875 0.314350796875 0.5147293421875 0.34092634843749997
0 0.5625942687500001 0.3211845109375 0.5641025640625 0.32574031875 0.5721468078124999 0.317388003125 0.57415786875 0.29688686406250003 0.570135746875 0.2672741078125 0.5681246859375 0.2642369015625 0.5605832078125 0.2672741078125 0.5595776765625 0.2725892171875 0.5625942687500001 0.284738040625 0.5646053296875 0.3082763859375 0.5625942687500001 0.3211845109375
0 0.566616390625 0.21640091093749997 0.569130215625 0.205770690625 0.5711412765625 0.1700835234375 0.5681246859375 0.1632498109375 0.5630970343749999 0.1655277140625 0.5590749125000001 0.1731207296875 0.5570638515625 0.1837509484375 0.557566615625 0.21108580156249998 0.5605832078125 0.221716021875 0.566616390625 0.21640091093749997
0 0.6229260937500001 0.1716021265625 0.618903971875 0.1556567953125 0.61488185 0.1579347 0.6098541984375 0.16704631718750002 0.6098541984375 0.19362186718750002 0.61488185 0.22019741874999998 0.6229260937500001 0.2042520875 0.6229260937500001 0.1716021265625
0 0.6274509796875 0.29916476875 0.6279537453125 0.25740318906250004 0.6229260937500001 0.2505694765625 0.618903971875 0.249810175 0.6163901453125 0.2543659828125 0.6163901453125 0.307517084375 0.622423328125 0.3090356875 0.625942684375 0.30599848125 0.6274509796875 0.29916476875
0 0.6887883359375 0.2854973421875 0.686274509375 0.2672741078125 0.6817496234375 0.2543659828125 0.6782302671875 0.2505694765625 0.6726998484375 0.25284737968750004 0.6742081453125001 0.28246013593749997 0.6812468578125 0.31511009843750004 0.6882855703125 0.2984054671875 0.6887883359375 0.2854973421875
0 0.6742081453125001 0.218678815625 0.6837606843749999 0.21108580156249998 0.6852689796875 0.1913439640625 0.6807440921875 0.1617312078125 0.675716440625 0.1586940015625 0.6691804921875 0.16476841250000002 0.66716943125 0.169324221875 0.667672196875 0.1814730453125 0.67169431875 0.21640091093749997 0.6742081453125001 0.218678815625
0 0.660633484375 0.097190584375 0.6666666671875 0.1116173125 0.6706887890625 0.107061503125 0.675716440625 0.0895975703125 0.6772247359375 0.07896735 0.675213675 0.06454062187500001 0.6701860234375 0.0455580859375 0.6661639015625 0.039483675 0.6616390140624999 0.0387243734375 0.6556058328125001 0.053151101562500004 0.6551030671875 0.0569476078125 0.6576168921875001 0.060744115625 0.6626445453125 0.083523159375 0.660633484375 0.097190584375
0 0.739567621875 0.0485952921875 0.73655103125 0.0387243734375 0.73202614375 0.0356871671875 0.7234791359375 0.049354593749999995 0.7219708390624999 0.06302202031250001 0.7285067875 0.104024296875 0.739567621875 0.083523159375 0.739567621875 0.0485952921875
0 0.7435897437500001 0.20273348593749999 0.7425842125 0.172361428125 0.7400703875 0.16400911093749998 0.736048265625 0.159453303125 0.7295123171875 0.1617312078125 0.728004021875 0.16628701562499998 0.731523378125 0.2050113890625 0.735042734375 0.21640091093749997 0.7400703875 0.21640091093749997 0.7435897437500001 0.20273348593749999
0 0.7448955390625 0.304479878125 0.747409365625 0.28929385 0.7448955390625 0.27031131406250003 0.7413761828125 0.2589217921875 0.7378568265625 0.255125284375 0.7328291734375 0.25588458593749996 0.7318236437500001 0.26044039531249996 0.7308181125 0.280941534375 0.7333319390625 0.310554290625 0.7408734171875 0.3120728921875 0.7448955390625 0.304479878125
0 0.7983911515625 0.284738040625 0.7943690296875 0.268033409375 0.7913524390625 0.2642369015625 0.7863247859375 0.2642369015625 0.7828054296875 0.27031131406250003 0.78531925625 0.3022019734375 0.7948717953125 0.3295368265625 0.8019105078125 0.30979498906249997 0.7983911515625 0.284738040625
0 0.7868275515625001 0.2262718296875 0.79235796875 0.22399392499999998 0.800904978125 0.2050113890625 0.7938662640625 0.1738800296875 0.7868275515625001 0.16476841250000002 0.777777778125 0.172361428125 0.7752639515624999 0.1776765375 0.7752639515624999 0.1852695515625 0.7823026640624999 0.22019741874999998 0.7868275515625001 0.2262718296875
0 0.7858220218749999 0.0599848140625 0.7828054296875 0.050113895312500004 0.773252890625 0.05618830625 0.7717445953125 0.0599848140625 0.7712418296875 0.10174639375000001 0.7762694828125001 0.107061503125 0.7833081953125001 0.09415337812499999 0.7858220218749999 0.0599848140625
0 0.822021115625 0.090356871875 0.8215183515625 0.09567198125000001 0.831070890625 0.09567198125000001 0.8340874812499999 0.10022779062500001 0.8345902468749999 0.1063022015625 0.8416289593749999 0.11237661406249999 0.8501759671875 0.07668944531250001 0.8476621421875 0.05618830625 0.8436400203125001 0.044798784375 0.8376068374999999 0.039483675 0.8285570640625 0.0432801828125 0.8260432375000001 0.05163249843749999 0.830065359375 0.0615034171875 0.8305681249999999 0.0728929390625 0.8290598296875 0.0858010625 0.822021115625 0.090356871875
0 0.8853695328125 0.1063022015625 0.893413775 0.1093394078125 0.8964303671874999 0.1146545171875 0.9004524890625 0.093394078125 0.897435896875 0.05391040312499999 0.8929110109374999 0.044039484375 0.8863750625 0.0417615796875 0.8813474109375001 0.055429004687500005 0.8803418796875 0.06378132187499999 0.883358471875 0.07593014375 0.8838612375 0.10326499687499999 0.8853695328125 0.1063022015625
0 0.853695325 0.2232346234375 0.8547008546875 0.18451025000000001 0.8471593765625001 0.170842825 0.840623428125 0.172361428125 0.8355957765625 0.182232346875 0.837104071875 0.20728929375 0.8436400203125001 0.22551252812499997 0.8496732031249999 0.23006833750000003 0.853695325 0.2232346234375
0 0.8888888890625 0.235383446875 0.8929110109374999 0.23158694062500002 0.8999497234374999 0.21640091093749997 0.89894419375 0.1769172359375 0.8979386625 0.172361428125 0.89441930625 0.169324221875 0.88285570625 0.176157934375 0.8813474109375001 0.1814730453125 0.8838612375 0.22095672031250002 0.886877828125 0.23386484375 0.8888888890625 0.235383446875
0 0.8531925593749999 0.314350796875 0.8531925593749999 0.2923310546875 0.8557063843750001 0.27866362968749997 0.8501759671875 0.26651480625 0.8446455500000001 0.264996203125 0.8411261937500001 0.2687927109375 0.8381096031249999 0.27866362968749997 0.84565108125 0.3295368265625 0.8466566109375 0.324221715625 0.8531925593749999 0.314350796875
0 0.908999496875 0.31784179687499997 0.9074912015625 0.2791174234375 0.9029663140625 0.2669686 0.9004524890625 0.2662092984375 0.8969331328125 0.272283709375 0.8964303671874999 0.29961856249999996 0.9039718453125 0.32619411249999997 0.9079939671874999 0.3223976046875 0.908999496875 0.31784179687499997
0 0.0664672390625 0.48747152656250003 0.0689810640625 0.4745634015625 0.0689810640625 0.44267274062500006 0.06747276875 0.43280182187499994 0.063450646875 0.42520880781250003 0.059931290625 0.42520880781250003 0.0513842828125 0.434320425 0.051887046874999995 0.44722855 0.049373221875 0.4548215640625 0.052892578125 0.47911921093750004 0.0468593953125 0.49734244531250005 0.055406403125 0.5125284734375 0.0664672390625 0.48747152656250003
0 0.1422825546875 0.4844343203125 0.146807440625 0.48595292343749996 0.1508295625 0.4533029609375 0.150326796875 0.41154138125 0.14731020625 0.40546697031249995 0.138763196875 0.4001518609375 0.13574660624999998 0.41154138125 0.1332327796875 0.434320425 0.1377576671875 0.4464692484375 0.14127702343749998 0.48063781250000004 0.1422825546875 0.4844343203125
0 0.21116138750000002 0.46241457812500003 0.2131724484375 0.4631738796875 0.2212166921875 0.44191343906249997 0.2227249875 0.4100227796875 0.2207139265625 0.4001518609375 0.215686275 0.393318146875 0.210658621875 0.3925588453125 0.20512820468749998 0.4001518609375 0.208144796875 0.42470260625 0.20361990937500002 0.438876234375 0.2101558578125 0.445709946875 0.21116138750000002 0.46241457812500003
0 0.2775263953125 0.4662110859375 0.28305681250000003 0.47076689375 0.29361488125 0.4396355359375 0.295123178125 0.40546697031249995 0.29110105625 0.39483674999999996 0.28406234218750004 0.39483674999999996 0.27903469062499997 0.39939255937499996 0.2765208640625 0.403189065625 0.27903469062499997 0.4183750953125 0.2765208640625 0.458618071875 0.2775263953125 0.4662110859375
0 0.343891403125 0.429005315625 0.34640522812499996 0.4396355359375 0.34640522812499996 0.45406226250000004 0.3494218203125 0.455580865625 0.355455003125 0.44191343906249997 0.3564605328125 0.43280182187499994 0.3564605328125 0.42141229999999996 0.3529411765625 0.40546697031249995 0.3494218203125 0.39787395625 0.34188034218749996 0.3902809421875 0.3338360984375 0.3887623390625 0.332327803125 0.393318146875 0.3318250375 0.4069855734375 0.33534439374999997 0.4100227796875 0.3373554546875 0.4198936984375 0.343891403125 0.429005315625
0 0.4705882359375 0.4267274109375 0.47109100000000004 0.39104024375 0.4660633484375 0.3788914203125 0.46254399218750003 0.37813211875 0.45701357500000006 0.383447228125 0.4555052796875 0.3925588453125 0.4615384609375 0.41685649218750004 0.46254399218750003 0.4449506453125 0.4705882359375 0.4267274109375
0 0.5173454000000001 0.45937737343749996 0.5233785828124999 0.44343204218750004 0.5228758171875 0.4100227796875 0.520361990625 0.4001518609375 0.51382604375 0.3902809421875 0.5108094515625 0.3902809421875 0.5077928609375 0.3955960515625 0.5072900953125 0.4365983296875 0.5103066875 0.4449506453125 0.50930115625 0.45709946874999996 0.5173454000000001 0.45937737343749996
0 0.566616390625 0.445709946875 0.5681246859375 0.45102505624999994 0.5721468078124999 0.45178435781250004 0.57667169375 0.44191343906249997 0.5811965812500001 0.40622627187499993 0.5786827546875 0.39635535312500003 0.5761689296875 0.3940774484375 0.565610859375 0.39939255937499996 0.5630970343749999 0.4039483671875 0.5630970343749999 0.409263478125 0.565610859375 0.4183750953125 0.566616390625 0.445709946875
0 0.61840120625 0.44874715312499996 0.6219205624999999 0.44267274062500006 0.6219205624999999 0.40546697031249995 0.6194067375000001 0.4016704625 0.61488185 0.40091116250000003 0.6093514328125 0.409263478125 0.608345903125 0.4198936984375 0.6123680234375 0.44267274062500006 0.61136249375 0.44722855 0.61840120625 0.44874715312499996
0 0.6726998484375 0.44874715312499996 0.6737053796875 0.407744875 0.6696832578125 0.3986332578125 0.6666666671875 0.39787395625 0.6621417796875 0.39939255937499996 0.66013071875 0.40470766874999997 0.66013071875 0.44722855 0.6656611359375 0.4662110859375 0.6696832578125 0.46013667500000005 0.6726998484375 0.44874715312499996
0 0.7476118656249999 0.44343204218750004 0.7445952734375 0.3971146546875 0.7400703875 0.39179954375000003 0.736048265625 0.39104024375 0.728004021875 0.4024297640625 0.72750125625 0.4123006828125 0.7345399703125 0.4548215640625 0.7405731515625 0.4563401671875 0.7476118656249999 0.44343204218750004
0 0.7988939171875 0.435839028125 0.7988939171875 0.41154138125 0.7978883859375 0.4039483671875 0.7948717953125 0.4016704625 0.7868275515625001 0.40091116250000003 0.78531925625 0.403189065625 0.7833081953125001 0.4449506453125 0.7908496734375 0.46165527656250005 0.795877325 0.45026575625 0.7988939171875 0.435839028125
0 0.8587229765625001 0.41761579375 0.85620915 0.4016704625 0.8531925593749999 0.39635535312500003 0.8486676718749999 0.3940774484375 0.8446455500000001 0.3971146546875 0.842131725 0.41761579375 0.8411261937500001 0.4479878515625 0.84565108125 0.460895975 0.85620915 0.4479878515625 0.8587229765625001 0.41761579375
0 0.9079939671874999 0.44874715312499996 0.91302161875 0.438876234375 0.9120160890625 0.41685649218750004 0.9079939671874999 0.39635535312500003 0.9034690796874999 0.39179954375000003 0.893413775 0.40091116250000003 0.8929110109374999 0.4123006828125 0.8999497234374999 0.4464692484375 0.9034690796874999 0.44950645468749995 0.9079939671874999 0.44874715312499996
0 0.063348415625 0.6454062265625 0.0648567125 0.6583143515625001 0.0663650078125 0.649962034375 0.0744092515625 0.6423690203125 0.07541478125 0.6112376609375 0.072398190625 0.59529233125 0.0663650078125 0.580865603125 0.06033182499999999 0.5801063015625 0.05530417343750001 0.5914958234375 0.056309703125 0.5975702359375 0.0542986421875 0.60820045625 0.06535947656249999 0.6370539109375 0.063348415625 0.6454062265625
0 0.14278531875 0.6370539109375 0.146304675 0.6378132125 0.150326796875 0.6317388 0.1523378578125 0.618830675 0.153846153125 0.58238420625 0.146304675 0.5603644640625001 0.1422825546875 0.565679575 0.1342383109375 0.5664388765624999 0.1342383109375 0.5831435078125 0.1382604328125 0.5945330296875 0.136249371875 0.6044039484375 0.14278531875 0.6370539109375
0 0.21216691875000002 0.5937737281250001 0.2182001 0.610478359375 0.2237305171875 0.6059225515625 0.22674710937500003 0.59529233125 0.23378582187500002 0.5914958234375 0.23026646562500003 0.580865603125 0.23076923124999998 0.5520121484375 0.2242332828125 0.537585421875 0.215183509375 0.5603644640625001 0.20663649999999997 0.564160971875 0.21468074375 0.5702353828125 0.21216691875000002 0.5937737281250001
0 0.287078934375 0.6006074406249999 0.2810457515625 0.6112376609375 0.28607340312499996 0.61503416875 0.287078934375 0.6195899765624999 0.2875817 0.61503416875 0.295123178125 0.6112376609375 0.2966314734375 0.6074411546875 0.2996480640625 0.5854214125 0.2991452984375 0.5466970390625 0.2946204125 0.5406226265625 0.2855706390625 0.544419134375 0.2810457515625 0.5580865609375001 0.2775263953125 0.5763097953125 0.28406234218750004 0.57555049375 0.2850678734375 0.5778283984375 0.287078934375 0.6006074406249999
0 0.3680241328125 0.6059225515625 0.37003519375 0.5854214125 0.3650075421875 0.5535307515625 0.362493715625 0.5482156421875 0.3569632984375 0.5451784359375 0.34992458593750003 0.5565679578125 0.347913525 0.5679574796875 0.35143288125 0.5717539859375 0.3569632984375 0.60820045625 0.3680241328125 0.6059225515625
0 0.421820009375 0.5983295375 0.41830065312500003 0.5520121484375 0.415786828125 0.5413819281250001 0.4047259921875 0.54897494375 0.4027149328125 0.5535307515625 0.403217696875 0.5747911921875 0.40774258437500005 0.5998481390625 0.41980895 0.60212604375 0.421820009375 0.5983295375
0 0.472497065625 0.571313684375 0.471491534375 0.5333486125 0.4674694125 0.5295521062499999 0.46294452656249996 0.5333486125 0.45942517031249996 0.5485346421874999 0.457916875 0.58953691875 0.46395005625 0.5963706328125 0.4674694125 0.5918148234375 0.472497065625 0.571313684375
0 0.5173454000000001 0.592255125 0.521367521875 0.586940015625 0.523881346875 0.56264236875 0.5218702859375 0.5413819281250001 0.5183509296875 0.537585421875 0.5128205125 0.537585421875 0.506284565625 0.544419134375 0.506284565625 0.5565679578125 0.5108094515625 0.5671981781250001 0.5128205125 0.5899772203125 0.5173454000000001 0.592255125
0 0.59175465 0.5725132875 0.59175465 0.55580865625 0.5872297640624999 0.53606681875 0.5837104078124999 0.5330296125 0.580693815625 0.5368261203125 0.5756661640625 0.55580865625 0.5751633984375 0.57555049375 0.5832076421875 0.5937737281250001 0.5837104078124999 0.6044039484375 0.59175465 0.5725132875
0 0.6425339359375 0.6127562640625001 0.64605329375 0.6044039484375 0.6470588234375 0.5725132875 0.642031171875 0.554290053125 0.63800905 0.55277145 0.6334841625000001 0.5565679578125 0.6314731015625 0.5596051625 0.633986928125 0.5770690968750001 0.6329813984375 0.5990888375 0.6425339359375 0.6127562640625001
0 0.704876821875 0.5983295375 0.704876821875 0.5459377375 0.701357465625 0.539104025 0.6918049265625 0.539863325 0.6913021625 0.5671981781250001 0.6958270484375 0.590736521875 0.698340875 0.5960516328125001 0.704876821875 0.5983295375
0 0.75746466875 0.592255125 0.7559563734375 0.5596051625 0.7524370171875 0.5466970390625 0.7489176609375 0.54290053125 0.7413761828125 0.544419134375 0.7413761828125 0.564160971875 0.7443927734375 0.5914958234375 0.7524370171875 0.6006074406249999 0.75746466875 0.592255125
0 0.8074409250000001 0.5801063015625 0.8024132734375 0.539104025 0.7988939171875 0.5353075171875 0.79235796875 0.534548215625 0.78783308125 0.544419134375 0.7888386125 0.5671981781250001 0.795374559375 0.590736521875 0.8024132734375 0.592255125 0.8074409250000001 0.5801063015625
0 0.8607340375 0.5975702359375 0.8657616890625001 0.59529233125 0.8652589234375 0.5565679578125 0.85721468125 0.5459377375 0.8491704375 0.544419134375 0.8451483156249999 0.54897494375 0.8451483156249999 0.5671981781250001 0.8481649062500001 0.570994684375 0.8531925593749999 0.5914958234375 0.8607340375 0.5975702359375
0 0.9185520359374999 0.590736521875 0.9210658625000001 0.5839028093749999 0.9195575671875 0.5679574796875 0.91302161875 0.5421412296875 0.9115133234374999 0.539104025 0.90246355 0.539104025 0.89894419375 0.544419134375 0.898441428125 0.5520121484375 0.9039718453125 0.5778283984375 0.9115133234374999 0.5914958234375 0.9185520359374999 0.590736521875
0 0.87581699375 0.7494305234375 0.8748114625 0.7190584656250001 0.86877828125 0.70690964375 0.8602312718749999 0.7099468484375 0.8602312718749999 0.7372817015625001 0.8692810453125001 0.76006074375 0.8728004015625 0.7577828390625 0.87581699375 0.7494305234375
0 0.9195575671875 0.7509491265625 0.9235796890625 0.7395596046875 0.9245852187500001 0.7061503421875 0.9195575671875 0.69400151875 0.9115133234374999 0.695520121875 0.9079939671874999 0.7008352312499999 0.9095022625 0.7038724375000001 0.9105077921875001 0.7425968109375 0.9195575671875 0.7509491265625
0 0.050779285937499995 0.7570235390625 0.05530417343750001 0.7410782078125 0.05530417343750001 0.715261959375 0.052790346875000005 0.70690964375 0.0472599296875 0.702353834375 0.0397184515625 0.7076689453125 0.036701860937500004 0.7175398640624999 0.036701860937500004 0.7555049359375 0.0392156859375 0.761579346875 0.044746103125 0.764616553125 0.050779285937499995 0.7570235390625
0 0.033182503125 0.8952164015624999 0.037707390625 0.9035687171875001 0.048768225 0.9088838265625 0.0517848171875 0.9020501140625001 0.052287581250000006 0.8792710703125 0.048265459375 0.8443432046874999 0.044746103125 0.8367501890625 0.0351935640625 0.8382687921875001 0.0311714421875 0.843583903125 0.029160382812500003 0.8496583140625 0.0311714421875 0.8618071374999999 0.029160382812500003 0.8762338656249999 0.033182503125 0.8952164015624999
0 0.1297134234375 0.9050873203125 0.1347410765625 0.90432801875 0.136249371875 0.906605921875 0.13574660624999998 0.9172361421874999 0.138763196875 0.929384965625 0.146304675 0.892938496875 0.146304675 0.8466211078124999 0.1422825546875 0.8344722859375 0.132730015625 0.8321943812500001 0.1256913015625 0.8488990125000001 0.1277023625 0.8549734250000001 0.124685771875 0.8610478359375 0.1332327796875 0.8952164015624999 0.1297134234375 0.9050873203125
0 0.1307189546875 0.7623386484375 0.135243840625 0.7752467734375 0.14278531875 0.7699316625 0.146304675 0.7198177671875 0.14379085 0.7114654515625001 0.138763196875 0.705391040625 0.129210659375 0.7129840546875 0.1266968328125 0.7182991640624999 0.12619406718749998 0.7380410015625001 0.13021618906250002 0.7524677296875 0.1277023625 0.76006074375 0.1307189546875 0.7623386484375
0 0.1975867265625 0.9035687171875001 0.20110608281250003 0.91116173125 0.20311714374999998 0.9248291578125001 0.20915032656250002 0.926347759375 0.2202111609375 0.895975703125 0.218702865625 0.8777524671875 0.22171945625 0.86864085 0.21920563125 0.8618071374999999 0.219708396875 0.853454821875 0.2166918046875 0.8458618078125 0.2126696828125 0.8428246015624999 0.20563097031250002 0.8443432046874999 0.20110608281250003 0.8488990125000001 0.192056309375 0.8488990125000001 0.1945701359375 0.8625664390625 0.192056309375 0.8724373578125 0.19959778749999998 0.8792710703125 0.1975867265625 0.9035687171875001
0 0.22875817031249998 0.771450265625 0.2297637 0.7570235390625 0.23579688281250002 0.7441154140624999 0.23227752656249998 0.7395596046875 0.23127199531249998 0.7281700828125001 0.2282554046875 0.7228549734375 0.2237305171875 0.72057706875 0.215686275 0.7327258921875 0.215686275 0.7456340171875 0.211664153125 0.7593014421875 0.215183509375 0.7987851171875 0.2171945703125 0.802581625 0.2247360484375 0.7775246765625 0.22875817031249998 0.771450265625
0 0.28406234218750004 0.7752467734375 0.28305681250000003 0.798025815625 0.29059829062500003 0.7866362953125 0.2946204125 0.768413059375 0.2996480640625 0.7630979499999999 0.29713423906249997 0.7524677296875 0.298642534375 0.7304479875000001 0.2946204125 0.7145026578125 0.290095525 0.715261959375 0.28305681250000003 0.7243735765625 0.283559578125 0.7312072890625 0.27903469062499997 0.7593014421875 0.27903469062499997 0.7676537578125 0.28406234218750004 0.7752467734375
0 0.287078934375 0.9141989374999999 0.30266465625 0.8974943046874999 0.3006535953125 0.8671222468750001 0.2946204125 0.8526955203125001 0.29059829062500003 0.8504176156250001 0.28607340312499996 0.85193621875 0.27802916093749996 0.8656036453124999 0.27450980468749997 0.876993165625 0.28305681250000003 0.89141989375 0.28406234218750004 0.9058466218750001 0.287078934375 0.9141989374999999
0 0.36098542031249997 0.8724373578125 0.36098542031249997 0.8451025062499999 0.3569632984375 0.83902809375 0.347410759375 0.8451025062499999 0.3494218203125 0.895975703125 0.3534439421875 0.90432801875 0.3569632984375 0.896735003125 0.36098542031249997 0.8724373578125
0 0.34992458593750003 0.7395596046875 0.3494218203125 0.7471526203125001 0.34690799375000003 0.7517084281249999 0.3489190546875 0.7638572515625001 0.3529411765625 0.7570235390625 0.3574660640625 0.7593014421875 0.3650075421875 0.7479119203125 0.3710407234375 0.7061503421875 0.370537959375 0.697038725 0.3665158375 0.6917236140624999 0.3529411765625 0.6902050109375 0.35143288125 0.6924829156250001 0.3519356453125 0.7160212609375 0.347410759375 0.723614275 0.34238310781250003 0.7243735765625 0.34992458593750003 0.7395596046875
0 0.41176470624999995 0.7517084281249999 0.415786828125 0.7479119203125 0.421820009375 0.7509491265625 0.42433383593749996 0.7608200453125 0.4288587234375 0.7653758546875 0.430869784375 0.7630979499999999 0.43589743593749997 0.70690964375 0.42785319218750006 0.6864085046875 0.42433383593749996 0.68716780625 0.41830065312500003 0.6985573265625 0.41729512343749997 0.7327258921875 0.41176470624999995 0.7425968109375 0.41075917500000003 0.748671221875 0.41176470624999995 0.7517084281249999
0 0.419306184375 0.8974943046874999 0.41980895 0.91799544375 0.42332830625 0.9104024296875 0.426344896875 0.892938496875 0.42785319218750006 0.8739559609375 0.426344896875 0.8451025062499999 0.42332830625 0.8299164765624999 0.41980895 0.8261199703125 0.4132730015625 0.830675778125 0.41075917500000003 0.837509490625 0.4102564109375 0.8709187546875 0.4137757671875 0.8739559609375 0.4162895921875 0.881548975 0.419306184375 0.8974943046874999
0 0.4781297140625 0.8792710703125 0.4856711921875 0.873196659375 0.49069884375 0.8246013671875 0.48969331250000003 0.8162490515625 0.48215183437500003 0.8101746390625 0.47511312187500004 0.820804859375 0.476118653125 0.8367501890625 0.4731020609375 0.8747152625 0.47461035625000003 0.8785117687499999 0.4781297140625 0.8792710703125
0 0.4741075921875 0.7593014421875 0.480140775 0.7395596046875 0.4781297140625 0.6879271078125 0.47461035625000003 0.6818526953124999 0.4705882359375 0.68109339375 0.4665661140625 0.6848899015625001 0.46455505312499995 0.6932422171875 0.4665661140625 0.7410782078125 0.4700854703125 0.750189825 0.4705882359375 0.76006074375 0.4741075921875 0.7593014421875
0 0.515634603125 0.7365224 0.5261926734375 0.7471526203125001 0.5297120296875 0.74031890625 0.5327286203125 0.7243735765625 0.5327286203125 0.70690964375 0.5261926734375 0.6864085046875 0.5186511953124999 0.6932422171875 0.515634603125 0.7008352312499999 0.5181484296875001 0.712224753125 0.5176456640625 0.7296886859375 0.515634603125 0.7365224
0 0.5369532421875001 0.889901290625 0.5384615390625 0.880030371875 0.5444947203125 0.8777524671875 0.5460030171875 0.8739559609375 0.548014078125 0.8473804093749999 0.5460030171875 0.8283978734374999 0.5414781296875 0.8246013671875 0.5359477125 0.8253606687499999 0.5334338859375001 0.843583903125 0.5334338859375001 0.8694001515625001 0.536450478125 0.880030371875 0.5344394171875 0.8883826875 0.5369532421875001 0.889901290625
0 0.599296128125 0.8747152625 0.600804425 0.8724373578125 0.6013071890624999 0.8481397109375 0.5977878328124999 0.8230827640625 0.592257415625 0.81548975 0.5877325296875 0.8162490515625 0.58572146875 0.8215641609375 0.585218703125 0.8359908890625001 0.5877325296875 0.8504176156250001 0.595776771875 0.8724373578125 0.599296128125 0.8747152625
0 0.5696329812500001 0.7547456343750001 0.5751633984375 0.7509491265625 0.58019105 0.758542140625 0.5877325296875 0.7479119203125 0.588738059375 0.74031890625 0.5877325296875 0.6962794234375 0.5847159375000001 0.6924829156250001 0.580693815625 0.6924829156250001 0.5761689296875 0.695520121875 0.5746606328125 0.7000759296875 0.572649571875 0.7410782078125 0.5676219203125 0.7524677296875 0.5681246859375 0.76006074375 0.5696329812500001 0.7547456343750001
0 0.6500754140625 0.7479119203125 0.652086475 0.7342444953125 0.6485671187500001 0.69400151875 0.645550528125 0.6886864078125 0.64152840625 0.6886864078125 0.637506284375 0.69400151875 0.63800905 0.7441154140624999 0.6425339359375 0.7555049359375 0.6465560578125 0.7555049359375 0.6500754140625 0.7479119203125
0 0.6586224234375 0.853454821875 0.6566113625 0.8261199703125 0.6540975359375001 0.8200455578125 0.6515837109375 0.8192862562500001 0.6470588234375 0.8246013671875 0.6465560578125 0.860288534375 0.6500754140625 0.8724373578125 0.6576168921875001 0.8777524671875 0.6586224234375 0.853454821875
0 0.7068878828125 0.8633257406249999 0.7124183000000001 0.8671222468750001 0.7169431875 0.8496583140625 0.717445953125 0.8147304484375001 0.7124183000000001 0.7965072140625 0.7078934140625 0.7965072140625 0.7043740578125 0.8018223234375 0.702362996875 0.820804859375 0.7033685265625 0.8610478359375 0.704876821875 0.86484434375 0.7068878828125 0.8633257406249999
0 0.701357465625 0.764616553125 0.7088989437500001 0.7441154140624999 0.7053795875 0.7038724375000001 0.7028657609375 0.697038725 0.697838109375 0.6917236140624999 0.6933132234375 0.69400151875 0.6913021625 0.7000759296875 0.6907993968749999 0.71374335625 0.694318753125 0.728929384375 0.6963298140624999 0.7547456343750001 0.701357465625 0.764616553125
0 0.7727501250000001 0.8200455578125 0.7712418296875 0.8101746390625 0.7642031171875 0.8018223234375 0.759175465625 0.8018223234375 0.75515334375 0.8086560359374999 0.759175465625 0.860288534375 0.7677224734375 0.8618071374999999 0.7717445953125 0.8488990125000001 0.7727501250000001 0.8200455578125
0 0.7631975875 0.741383675 0.7631975875 0.7201232359375 0.765208646875 0.7087337140625001 0.7722473609375 0.6867139718749999 0.7712418296875 0.6844360671875 0.766214178125 0.6889918765624999 0.7566616390625 0.6859546703125 0.7531422828125 0.688232575 0.75515334375 0.740624375 0.7561588734375 0.74442088125 0.7601809953124999 0.745939484375 0.7631975875 0.741383675
0 0.8099547515625 0.7593014421875 0.8164906984375 0.7433561125 0.8169934640625 0.72665148125 0.8139768734375 0.7015945328125001 0.8099547515625 0.6962794234375 0.803418803125 0.7008352312499999 0.8019105078125 0.7365224 0.8039215687500001 0.7593014421875 0.8064353953125 0.7623386484375 0.8099547515625 0.7593014421875
0 0.8164906984375 0.8845861812500001 0.822021115625 0.8876233859375 0.826546003125 0.8671222468750001 0.8245349421875 0.8443432046874999 0.8179989937500001 0.830675778125 0.810457515625 0.8276385718749999 0.8084464562499999 0.8314350796875001 0.8084464562499999 0.8496583140625 0.811463046875 0.8610478359375 0.8124685765624999 0.8762338656249999 0.8164906984375 0.8845861812500001
0 0.8763197593750001 0.8420653 0.8743086984374999 0.8367501890625 0.8692810453125001 0.8329536828125 0.8622423328125001 0.8352315875 0.85972850625 0.8405466968749999 0.861236803125 0.880030371875 0.8697838109375 0.8891419890625001 0.8753142281249999 0.8807896734374999 0.8763197593750001 0.8420653
0 0.9336349921875 0.86864085 0.9346405234375 0.8337129843750001 0.9316239312500001 0.8185269546875 0.927601809375 0.813971146875 0.9230769234375 0.8185269546875 0.9210658625000001 0.8261199703125 0.921568628125 0.8694001515625001 0.927601809375 0.881548975 0.9316239312500001 0.8777524671875 0.9336349921875 0.86864085