0 0.1001730953125 0 0.104008471875 0.00763025625 0.10499793906249999 0.027670439062500003 0.10736689375 0.028745526562500002 0.125422590625 0.0020020921875 0.1257268046875 0 0.1001730953125 0
0 0.17576789375 0 0.17716455312499998 0.012586310937500001 0.17520709375000001 0.026881103125 0.18367285312499998 0.031049582812499997 0.19044116718749998 0.023509334375 0.193757525 0.0101577609375 0.1984394921875 0 0.17576789375 0
0 0.25159465625 0 0.2522678015625 0.0132017296875 0.2547461734375 0.0211833734375 0.2591352375 0.02252219375 0.2645811265625 0.0163409125 0.268090140625 0.0045461078125 0.274167609375 0 0.25159465625 0
0 0.328766771875 0 0.32187839375 0.027650403125 0.3250076859375 0.044906720312499995 0.3281107984375 0.0499066953125 0.3288346609375 0.063785740625 0.33116714375 0.06255864375 0.33238015 0.0542931203125 0.34195979374999996 0.0333353640625 0.34850926875 0.0119820046875 0.3461506078125 0.0009527609374999999 0.3463215140625 0 0.328766771875 0
0 0.40063925625 0 0.393675578125 0.0316632390625 0.38765730781249996 0.06533887656250001 0.3893650484375 0.0670934453125 0.4088993578125 0.038245628125 0.41753159687499997 0.0317145328125 0.4189737328125 0.027307964062500002 0.41622975625 0.013165184375 0.4160211859375 0 0.40063925625 0
0 0.4726395734375 0 0.46802878124999997 0.006143271875 0.463197340625 0.01929704375 0.45956861250000003 0.03413945 0.46252113125000005 0.0720495 0.46706638125 0.0726429046875 0.47004978125 0.08069048125 0.47300700156250003 0.07648171718749999 0.47637012656250005 0.05547816875 0.4794470609375 0.048221799999999995 0.483262853125 0.002771503125 0.4808003875 0 0.4726395734375 0
0 0.542585825 0.0465093875 0.5368846281249999 0.036575371875 0.537300825 0.0098264359375 0.5308916515625001 0.0082238765625 0.5274294015625001 0.012366709375 0.5231029890625 0.0255864171875 0.5214476046875001 0.04834453125 0.52437394375 0.0739982390625 0.5414925296875001 0.0517273078125 0.542585825 0.0465093875
0 0.5951134171875 0.011247703125 0.5876941859375 0.0095132765625 0.585903203125 0.0131084953125 0.5757147078125 0.05925841875 0.5798905265625 0.0789487890625 0.5843160625 0.082589796875 0.5916361718750001 0.067463509375 0.5965246718749999 0.0367036078125 0.5951134171875 0.011247703125
0 0.637749884375 0.072718084375 0.641274784375 0.08313377968749999 0.64053033125 0.08916305 0.6534525109375 0.0671100640625 0.6548890562499999 0.030538835937499998 0.654430796875 0.022820929687499998 0.6520253703125001 0.0194436578125 0.6468189078125001 0.0195297359375 0.64207070625 0.027333718750000003 0.6391864296875001 0.03614685625 0.6374113343750001 0.061952574999999996 0.637749884375 0.072718084375
0 0.697369340625 0.0927546359375 0.7089587984375 0.082014771875 0.710020325 0.0323758515625 0.7029499359375 0.0314527765625 0.696410753125 0.0428519765625 0.6891430046875 0.0824909515625 0.697369340625 0.0927546359375
0 0.7656725046874999 0.056489301562500004 0.7583056296875 0.07926755937499999 0.7545001296875 0.1147637015625 0.7577594249999999 0.1190182578125 0.7616537578125 0.11033698750000001 0.773435875 0.1011538953125 0.782583434375 0.084734575 0.783832915625 0.078771240625 0.781437784375 0.0654398078125 0.7811562953125 0.037068170312499996 0.7753718593750001 0.032483942187499996 0.7715242953125 0.0335132390625 0.7675934921875001 0.0398923234375 0.7656725046874999 0.056489301562500004
0 0.8225226953125 0.124410203125 0.836142559375 0.10397991875000001 0.8448786265624999 0.0721907203125 0.8448365624999999 0.0377238765625 0.840978703125 0.0487073296875 0.8346789453125 0.054011326562499996 0.83125316875 0.06045634531250001 0.8199451968749999 0.099567846875 0.8230118359375 0.1022656359375 0.8195757671875 0.11866481250000001 0.8225226953125 0.124410203125
0 0.89137295 0.1226776453125 0.8960117328124999 0.1079671078125 0.901249078125 0.07801855625000001 0.9002493156250001 0.06793252968749999 0.898036546875 0.06611202499999999 0.89166384375 0.06681165312500001 0.8867594578125001 0.075361053125 0.8807411875 0.10903669062500002 0.8834851640625001 0.12317947031250001 0.8880668859374999 0.1260750625 0.89137295 0.1226776453125
0 0.9415530640625001 0.140716034375 0.9482381359375 0.138525575 0.9521324671875 0.1298443046875 0.9574792296875 0.10680230937499999 0.9575727640625 0.0914983625 0.9617532875 0.06906991875 0.9591916749999999 0.0664380640625 0.9496326203125 0.067487503125 0.9435984656249999 0.0789526390625 0.9349718171875001 0.11764839375 0.9366486765625 0.1492654359375 0.9415530640625001 0.140716034375
0 0.0659816828125 0.109878759375 0.0660443359375 0.12443728750000001 0.0691736265625 0.14169360625 0.085917190625 0.1063549796875 0.09379938593750001 0.073688496875 0.092294596875 0.0635365359375 0.08682253125 0.057461475 0.0768575734375 0.07530569375 0.068454465625 0.08569574375 0.0600410625 0.10603995 0.062878571875 0.1048787859375 0.0659816828125 0.109878759375
0 0.07342798125 0.1981530046875 0.0730164875 0.182783125 0.06952805937499999 0.17466961406249998 0.06129143124999999 0.1743600890625 0.055413460937500006 0.18507980625 0.0502022953125 0.2272847015625 0.0518997421875 0.238993428125 0.050915865625 0.2511179046875 0.06831034999999999 0.22505395312499998 0.07342798125 0.1981530046875
0 0.01790288125 0.35172356250000003 0.02332818125 0.3654505953125 0.0225734359375 0.381434025 0.0255568359375 0.3894816015625 0.043227215624999996 0.3596246328125 0.053129523437500006 0.32722188281250003 0.0570603265625 0.3208428 0.056419703125 0.3016139671875 0.051645321875000004 0.29716160937499997 0.044923775 0.297049884375 0.032699281250000004 0.320725571875 0.026050681250000002 0.3252182171875 0.022000165625000002 0.3346449046875 0.01790288125 0.35172356250000003
0 0 0.53075269375 0.004992771875 0.5123893421875 0.0082203 0.47222289687499996 0.006283428125 0.4666093734375 0.00037928125 0.46507275000000003 0 0.46521649375 0 0.53075269375
0 0 0.8455451453125 0.0009149265625 0.8488124031250001 0.0000039953125 0.8655412484375 0.0062308078125 0.85563288125 0.010271029687499999 0.856160353125 0.012869114062500001 0.86109439375 0.015165121875000001 0.8575651093750001 0.0140091765625 0.8482244984375 0.025566865625 0.7930636359375 0.0295341421875 0.7889867374999999 0.030471251562500003 0.7845142359375 0.026550742187499997 0.7809391609375 0.027461671875 0.7642103171875 0.023817060937500002 0.756842221875 0.0196206546875 0.75706016875 0.0114934421875 0.763657196875 0.0047251296875 0.7711974453125 0.00312680625 0.77634943125 0.0027676703125 0.7854922375 0 0.791661946875 0 0.8455451453125
0 0.10383028593750002 0.7810729000000001 0.093104990625 0.7827358890625 0.087659103125 0.7889171703125 0.08046900312500001 0.791041696875 0.079750728125 0.8093273125 0.0828903125 0.816629471875 0.0754402 0.84475751875 0.07837683437500001 0.86045706875 0.0770441140625 0.8717701906249999 0.0837291890625 0.86957973125 0.0886597515625 0.8732866734375 0.0919761109375 0.8599350984375 0.101904596875 0.8397886953125001 0.10262287031249999 0.8215030796875 0.1078966875 0.793856715625 0.10383028593750002 0.7810729000000001
0 0.144754309375 0.8829075281250001 0.1517152796875 0.876924046875 0.15874919375000002 0.8755449390625 0.1741965140625 0.853821621875 0.1757948359375 0.848669634375 0.17320145468749998 0.8016167781249999 0.164459796875 0.80124131875 0.1568740875 0.8102064671875 0.15297975625 0.8188877375000001 0.142874496875 0.8596878734375 0.1456184734375 0.87383065625 0.144754309375 0.8829075281250001
0 0.2436032671875 0.8023842109375 0.24006807343749997 0.8019226734375 0.23108699062500002 0.8076424171875001 0.227302078125 0.8232302406249999 0.22488165468750002 0.8719259421875 0.2328059140625 0.8737263046875 0.241458740625 0.8472868921875 0.24716463906250002 0.8151020921875001 0.2436032671875 0.8023842109375
0 0.28614060937499997 0.8469938765625 0.280684428125 0.8631293171875001 0.28149153125000004 0.871658575 0.28606295937500004 0.8845083234375 0.2858235359375 0.890603528125 0.2950963984375 0.9033012656249999 0.29524229062499996 0.91251000625 0.3087527375 0.8851731671874999 0.310470771875 0.8769735781250001 0.3129744359375 0.8229280875 0.3082000546875 0.8184757296875 0.3038474625 0.81943909375 0.30038521406249996 0.8235819265625001 0.29360660781250003 0.84107633125 0.28614060937499997 0.8469938765625
0 0.3673986109375 0.9073800343749999 0.37339629375 0.893612715625 0.3833921328125 0.8459060218750001 0.378747759375 0.8284518999999999 0.365330846875 0.840484796875 0.3598746640625 0.856620234375 0.359515528125 0.8657630421875 0.3528463375 0.890164003125 0.360005559375 0.9179019515625001 0.3673986109375 0.9073800343749999
0 0.432718375 0.8630671234375 0.433332821875 0.8700396140625 0.429537615625 0.8955815953125 0.43240130312499997 0.906676775 0.439820534375 0.9084112015624999 0.44698445781249996 0.89403033125 0.4480515734375 0.8765560703125 0.45105556093750004 0.8646953296875 0.449212221875 0.8437778609375 0.44564055468749997 0.8410141390625 0.438211028125 0.8492338687500001 0.43459259531249994 0.85412211875 0.432718375 0.8630671234375
0 0.504776459375 0.9153599124999999 0.5092122921875 0.9090467640625001 0.5128774921875 0.8965065421875 0.51424109375 0.85533094375 0.5101746921875 0.8425471296874999 0.5067956828125 0.841340175 0.502984590625 0.8446716562500001 0.49784077968749996 0.8593162624999999 0.49511828125 0.8995486406250001 0.49867965312500007 0.9122665218750001 0.504776459375 0.9153599124999999
0 0.5612301515625 0.9158379625 0.5662177765624999 0.901938775 0.5728972609375 0.8675836546875001 0.570033571875 0.8564884749999999 0.5663057203124999 0.85447016875 0.562494628125 0.857801653125 0.557939084375 0.8671624046874999 0.549817465625 0.9059240921875 0.5536912078125 0.9171511390625 0.5575752453125 0.9184240265625 0.5612301515625 0.9158379625
0 0.6316581421875 0.9288617359375 0.63508391875 0.9224167187500001 0.638676175 0.9052721265624999 0.640195959375 0.8633511125 0.6391129578125 0.8586148734375 0.6325111265625 0.8554555453124999 0.6262478406249999 0.863061728125 0.620901078125 0.8861037234375001 0.61958424375 0.9196273484375 0.6251292546875 0.9303067796875 0.6316581421875 0.9288617359375
0 0.6954581203125 0.9264698421875 0.701064896875 0.877424325 0.6974202843749999 0.8700562312500001 0.6932238765625 0.870274178125 0.6891004140625 0.8750964937499999 0.6847375296875 0.8860140124999999 0.6792972328125 0.9243599546875 0.68165589375 0.9353891984375 0.6850713749999999 0.9388983390625001 0.6954581203125 0.9264698421875
0 0.7450134953124999 0.9474898984375001 0.7543537140625001 0.9326273468749999 0.7601428515624999 0.8950927578125001 0.75754476875 0.8901587171875001 0.75164061875 0.8886220921874999 0.7403167625 0.9055230921874999 0.7352926640625 0.917120096875 0.73275723125 0.926744584375 0.73417878125 0.9422463296875 0.738328421875 0.9496803578125 0.7450134953124999 0.9474898984375001
0 0.8084328609375 0.89986565 0.8041999796875 0.8977814093750001 0.800701259375 0.8996220562499999 0.7901845062499999 0.9250523140625001 0.7853062984375 0.945858059375 0.788912603125 0.96162934375 0.796050565625 0.9612968875 0.8008424468750001 0.9509496125 0.8066736499999999 0.9478818671875 0.8100573625 0.9069700062500001 0.8084328609375 0.89986565
0 0.870873940625 0.896530534375 0.8651259765624999 0.8942484937499999 0.8609660421875001 0.8967686234375 0.8534326906249999 0.9302464578125 0.8518970171875001 0.949956971875 0.853427503125 0.9586245140624999 0.8606229187500001 0.9582893828125 0.863080575 0.956011890625 0.8672872765624999 0.9458397859375 0.8731128874999999 0.91060738125 0.870873940625 0.896530534375
0 0.5778475249999999 0.7770988062499999 0.582392775 0.7776922125 0.5856361875 0.7597362671875 0.5872709828125 0.756886465625 0.5956273234375 0.7541483921875 0.5982357031250001 0.749128271875 0.59207624375 0.7314763531249999 0.5959443984374999 0.7105387390625 0.5942834234375 0.7011321984375 0.583209284375 0.7019838359375 0.5722239765625 0.7296503453125001 0.564425021875 0.756967040625 0.5778475249999999 0.7770988062499999
0 0.6377064078125 0.7910401515625 0.64615628125 0.7729981296874999 0.6490611453125 0.7442766765625 0.6522213171875 0.731670521875 0.649284684375 0.715970971875 0.643417009375 0.7167365328125 0.637502565625 0.7251540656250001 0.6309689765625001 0.7687179265624999 0.6346500609375 0.7783882046875 0.63460329375 0.786040178125 0.6377064078125 0.7910401515625
0 0.6927020749999999 0.7737142671874999 0.6903125343750001 0.7925474953125 0.692405590625 0.7974156015625 0.6979973703125 0.8004430609375 0.709513884375 0.785098828125 0.7178702265625 0.7823607515625 0.71523566875 0.7751245265625 0.7149644734375 0.7367987296875 0.7079773234375 0.73052586875 0.7033123625 0.7329800640624999 0.6946698296875 0.7494653171875 0.6919417375 0.7575330359375 0.6927020749999999 0.7737142671874999
0 0.77506836875 0.7768095296874999 0.7736571140625 0.7513536249999999 0.770397815625 0.74709906875 0.7659255109374999 0.751110034375 0.7633536078125001 0.7584323375 0.7538730859375 0.7962508046875 0.754633425 0.8124320359375 0.7597566484375 0.8176957453125 0.7709607921875 0.8038423484375 0.77506836875 0.7768095296874999
0 0.8262379515625 0.8148881031249999 0.8300125703125 0.8092544359374999 0.8350469625000001 0.7877032734375 0.8370147156250001 0.763454325 0.8335992328125 0.759945184375 0.8282365859375 0.7607766796875 0.8185007578124999 0.78247985 0.8146793718750001 0.795765490625 0.8141640515624999 0.8056537140625 0.821536515625 0.8150401140625 0.8262379515625 0.8148881031249999
0 0.9010073515625001 0.762619196875 0.9008614609375 0.7534104546875 0.8960870796875 0.748958096875 0.8887043218749999 0.7495258546875 0.8837634609375 0.7557730703125001 0.8808791875 0.7645862078125 0.875438890625 0.8029321484375 0.8802862156250001 0.811988878125 0.8894234828125 0.8055237171874999 0.9010073515625001 0.762619196875
0 0.494583521875 0.5900924625 0.5079218984375 0.5412905375 0.5058288421875 0.5364224328125 0.5002370640625 0.5333949734375001 0.49214632500000005 0.5422941890625 0.47982829843749997 0.581273821875 0.47902678437499996 0.6049092234375 0.48181752656250004 0.61140003125 0.48562861718750006 0.60806855 0.494583521875 0.5900924625
0 0.5541085546875 0.5511494828125 0.5450862984375 0.5966858578124999 0.5591335421875 0.61383595625 0.5657194921875 0.5947847796875 0.5673384031250001 0.569724478125 0.56386026875 0.5516568109375 0.5562483796875 0.5483656171875 0.5541085546875 0.5511494828125
0 0.6024509234375001 0.5804350609375 0.598556590625 0.58911633125 0.5927777453124999 0.6166967624999999 0.5962661734375 0.6248102734375001 0.6020141375 0.627092315625 0.6079285796875 0.61867478125 0.6109952187500001 0.6213725703125 0.6126300140625001 0.61852276875 0.6171331999999999 0.5846493328125 0.620090421875 0.580440565625 0.6213034296875 0.57217504375 0.6193665562499999 0.56656151875 0.6141236218749999 0.5643454109375 0.6099636875 0.5668655421875 0.6024509234375001 0.5804350609375
0 0.6602746953125 0.646185646875 0.6636901765625 0.6496947875 0.667657453125 0.6456178875 0.6796266390625 0.605826903125 0.6870038046875 0.5730944859375 0.685728146875 0.566801478125 0.6840204062499999 0.565046909375 0.678189203125 0.5681146546875 0.668187771875 0.5836566890625 0.6622892140625 0.6142847234375 0.660357934375 0.6408358578125 0.6602746953125 0.646185646875
0 0.7311450625 0.6447168265625 0.7393658046875 0.6228158515625 0.7451446515625 0.59523541875 0.743566915625 0.5804790890625 0.7359550265625 0.57718789375 0.7333101765625 0.5799058265625 0.723803478125 0.605467953125 0.7193938265625001 0.624037446875 0.72450675625 0.6392553140625 0.72468911875 0.6507662390625 0.7311450625 0.6447168265625
0 0.7762384250000001 0.659793690625 0.7857348281250001 0.644185721875 0.7935440781249999 0.6069148671875 0.7926172625000001 0.6014332125 0.78772316875 0.6000284546875 0.7840682625000001 0.6026145203125 0.774139778125 0.622760925 0.7664137671875 0.654681990625 0.767689425 0.660974996875 0.7717296484375 0.66150246875 0.7762384250000001 0.659793690625
0 0.8661221875 0.6072006171875 0.858739428125 0.607768375 0.8553136515625 0.61421339375 0.8429750359374999 0.67310134375 0.8493739171874999 0.6846580578125 0.8596877203125001 0.667625190625 0.8692150046875 0.62215475 0.8687202703124999 0.6121346562500001 0.8661221875 0.6072006171875
0 0.9125800406250001 0.6553853593750001 0.9233156265625 0.6437682109375 0.9288185765625 0.6199807984375 0.930822803125 0.5980340328125 0.9262046078124999 0.5928362578125 0.9222008578124999 0.594610971875 0.9180773953125 0.5994332859375 0.9144121953125 0.6119735093750001 0.911611159375 0.6154368578125 0.90540023125 0.6475557281250001 0.9075297609374999 0.65472601875 0.9125800406250001 0.6553853593750001
0 0.62359295625 0.46219762500000006 0.6334746765625 0.4497031953125 0.6380040421875 0.4280860984375 0.6404300578125001 0.41155505468750003 0.63919086875 0.40756423281250004 0.635619203125 0.40480050937499995 0.6286582328125 0.41078399218749995 0.62523245625 0.4172290078125 0.6199221671874999 0.4425731875 0.62040660625 0.46254743906250007 0.62359295625 0.46219762500000006
0 0.6884441671875 0.42012096718749997 0.6870749765624999 0.42913190468750007 0.6734812906250001 0.46181853281249996 0.6770529562500001 0.46458225468750003 0.6820302890625001 0.460637225 0.6804946171874999 0.4803477375 0.6842589421875 0.484668228125 0.6840195171875 0.490763434375 0.68899685 0.4868184015625 0.6964731421875 0.4709467 0.7053392140625 0.4261557390625 0.7043394515625 0.41606971406250004 0.700575128125 0.4117492234375 0.6922187859375 0.41448729999999995 0.6884441671875 0.42012096718749997
0 0.7495637109375 0.49242829375 0.7592321828124999 0.49828540937500004 0.75981015625 0.5029557125 0.766682296875 0.4701573625 0.7678326531249999 0.4473333109375 0.7700921875 0.4415018421875 0.766952603125 0.4341996828125 0.76766058125 0.42586822812499997 0.7651822109374999 0.417886584375 0.759939275 0.415670478125 0.7544933875 0.42185175937499997 0.7441487046875 0.468747103125 0.7495637109375 0.49242829375
0 0.8151079015624999 0.494093153125 0.8284986375000001 0.469803915625 0.8245725359374999 0.43406418281250003 0.8203031828125 0.4296777578125 0.813425453125 0.43031145000000004 0.8045593796875 0.4751024109375 0.8151079015624999 0.494093153125
0 0.88119359375 0.4981261328125 0.88675919375 0.48889724843750004 0.8911061953124999 0.45576922499999994 0.8860765078125 0.43520157031249995 0.8775275078125 0.436382878125 0.86671426875 0.485514471875 0.867667265625 0.5032524703125001 0.8741129140625 0.5071572140625 0.876372446875 0.5013257453125 0.88119359375 0.4981261328125
0 0.931024865625 0.5153531703125 0.9350286156250001 0.5135784546875 0.9426975656250001 0.49926351875 0.947705778125 0.46545601562499994 0.945081515625 0.44826563124999996 0.9395262109375 0.4475403578125 0.933767953125 0.455212475 0.9277337984375 0.466677609375 0.9242977296875001 0.48307678593750003 0.9269117 0.5102213265625 0.931024865625 0.5153531703125
0 0.489909415625 0.26324809843749997 0.485280928125 0.26800448125 0.483240228125 0.28764905937499996 0.48521357343749993 0.29556476875 0.48434940624999995 0.304641640625 0.4871036765625 0.30883026406249997 0.4902170828125 0.30387608125 0.49441349062500006 0.303658134375 0.4955329640625 0.310696559375 0.5031860296875 0.274171121875 0.5031701453124999 0.251960621875 0.500920903125 0.2478379328125 0.49407964531250004 0.2507738109375 0.489909415625 0.26324809843749997
0 0.5432497015625 0.26868033125 0.5378402875 0.277163796875 0.533769184375 0.3064988 0.5409751703125 0.3265847734375 0.5446665484375 0.32630089375 0.5499562515624999 0.3208650296875 0.5537776375 0.307579390625 0.56167571875 0.2971234078125 0.5585099546875 0.27756490624999997 0.5595303031250001 0.267742615625 0.55394881875 0.2547609984375 0.548357040625 0.251733540625 0.543921209375 0.25804669062499996 0.5432497015625 0.26868033125
0 0.598475390625 0.32949687499999997 0.6013858437499999 0.33294008124999996 0.6069879171875 0.3260133828125 0.6113769828125 0.32735220468750004 0.61784321875 0.31134863125 0.6145212703125 0.29253554843749996 0.615286309375 0.2665979609375 0.61237585625 0.2631547546875 0.6063519953125 0.2646657328125 0.600307546875 0.2860850265625 0.5965488109375 0.31392919531249996 0.598475390625 0.32949687499999997
0 0.6595987484375 0.285401909375 0.655923253125 0.307896290625 0.6554705828125 0.3323430421875 0.6579489546875 0.34032468437499996 0.6618432875 0.331643415625 0.66615940625 0.32837786874999997 0.6726985890625 0.316978665625 0.6751348968750001 0.290493465625 0.6740360109375 0.2635467265625 0.6691419187500001 0.26214196875 0.6623006593749999 0.265077846875 0.6589843015625 0.2784294203125 0.6595987484375 0.285401909375
0 0.74012729375 0.2997443640625 0.7397990390625 0.279024696875 0.7330410203125 0.2766107875 0.7275586609375 0.280489884375 0.7196502859375 0.300900025 0.718786121875 0.30997689687499996 0.71317375625 0.326857753125 0.7143194078125 0.3461525203125 0.727064815625 0.3447532671875 0.74012729375 0.2997443640625
0 0.7786141203125 0.3537807171875 0.78397676875 0.352949221875 0.786455140625 0.3609308640625 0.793374046875 0.32048054062500003 0.7947900078125001 0.30381762968750003 0.7934414015625 0.2929202515625 0.7876934390625 0.2906382109375 0.78271610625 0.294583240625 0.7742194640625 0.320277234375 0.7717205046875 0.332203909375 0.775823378125 0.34728990937500004 0.7786141203125 0.3537807171875
0 0.8453872046875001 0.36939055625 0.8558207187500001 0.349310084375 0.8590482453125 0.309143640625 0.8560283734375 0.2987938796875 0.85097809375 0.2981345390625 0.8456519203124999 0.30126821875 0.8432362 0.30784510468750004 0.8374208812499999 0.3331233515625 0.83763971875 0.34693646093749997 0.8396392421875 0.3671085140625 0.8453872046875001 0.36939055625
0 0.9019185468750001 0.3323541578125 0.898794846875 0.3472624984375 0.8973685921874999 0.37387956875 0.9009767328124999 0.3789454765625 0.9044857484375 0.367150671875 0.9130450421875 0.35601520625 0.9224161421874999 0.3112901796875 0.9193962703125 0.3009404203125 0.9144657031250001 0.297233478125 0.9099204546875 0.296640071875 0.9066508625 0.3023396734375 0.90107496875 0.3215227140625 0.9019185468750001 0.3323541578125
0 0.9766102984374999 0.3175996984375 0.973783084375 0.3088067046875 0.9702114171874999 0.30604298124999996 0.9658588234375 0.30700634375 0.96406784375 0.3106015609375 0.957305121875 0.35030646875000004 0.9590390421875 0.36431738125 0.9646672921875 0.369647025 0.9702693640625 0.3627203265625 0.9766102984374999 0.3175996984375
0 0.3122949359375 0.1650104515625 0.3241705890625 0.1405234125 0.3232905390625 0.12738978437499998 0.32719516406250004 0.10875435781250001 0.32803315 0.087421140625 0.3174275671875 0.086036528125 0.309951275 0.10190823281250001 0.30059046718750004 0.13667909843749998 0.30632813593749997 0.1489153 0.3115710734375 0.1511314078125 0.3122949359375 0.1650104515625
0 0.3772032078125 0.1053276625 0.367675921875 0.150798103125 0.37310122031250004 0.1645251375 0.384305365625 0.1506717375 0.3934735140625 0.1143441046875 0.39119809375000003 0.097965071875 0.3849815765625 0.09791928125 0.3772032078125 0.1053276625
0 0.43971812187500003 0.18088039375 0.451583478125 0.1663475125 0.4580861875 0.1526461265625 0.4612098859375 0.1377377828125 0.4605430828125 0.10625260624999999 0.45514396250000005 0.1047819171875 0.45067165937500003 0.10879288125 0.4477509109375 0.115303834375 0.440602871875 0.15189520625 0.4422638484375 0.161301746875 0.43971812187500003 0.18088039375
0 0.4959323875 0.1874536453125 0.500009084375 0.190283303125 0.506308840625 0.18497930468749998 0.51281155 0.17127791875 0.5163102734375 0.169437271875 0.5175962234375 0.16577611875 0.5152740375 0.15704906093749998 0.5155705234375 0.1333477265625 0.5137533640624999 0.12468660000000001 0.5077033234375 0.11394123437499999 0.502955121875 0.12174521875 0.49350078281250004 0.17182002968750001 0.4959323875 0.1874536453125
0 0.5715668421875 0.20039134218750002 0.58344249375 0.175904303125 0.5842281203125 0.13005840156249998 0.58229125 0.1244448796875 0.57739715625 0.1230401203125 0.5730810375 0.12630566875 0.5650061843749999 0.157415384375 0.5605965312500001 0.1759848765625 0.56656333125 0.19208003125 0.567250721875 0.20365689062499998 0.5715668421875 0.20039134218750002
0 0.6359130234375 0.15824875 0.6353453453125 0.1436242859375 0.630341834375 0.135312975 0.6261819 0.13783310625 0.6234538078125 0.14590082499999998 0.6176749625 0.17348125781249998 0.6223558109375 0.1932375625 0.6262763203125 0.1968126359375 0.630050940625 0.1911789703125 0.6359130234375 0.15824875
0 0.6781847640625001 0.1966972765625 0.67859625625 0.21206715625 0.68403185 0.2158400328125 0.69361149375 0.19488227656249998 0.6976564203125 0.15329093124999998 0.6951415734374999 0.1430071046875 0.6914137234375 0.1409887984375 0.6857751750000001 0.1456133140625 0.6825420578125 0.15361509843750001 0.6783718296875 0.1660893875 0.6752013625 0.1886497015625 0.6781847640625001 0.1966972765625
0 0.7539492234375 0.196633215625 0.7562919984375001 0.18545195781249998 0.759462465625 0.16289164375 0.75896773125 0.1528715515625 0.75586461875 0.147871578125 0.7521732390625 0.1481554578125 0.746607640625 0.1573843421875 0.7385692578125 0.19079624374999998 0.7347740515625001 0.21633822500000002 0.73636208125 0.221140396875 0.7539492234375 0.196633215625
0 0.8171347546875 0.187268828125 0.8138128078125 0.16845574375 0.80926755625 0.1678623375 0.8054564640624999 0.1711938203125 0.8022598203125 0.1814977921875 0.7963247890625 0.20982364062499997 0.80065679375 0.22876859375 0.8048532015625 0.2285506484375 0.8136883921875 0.2136221640625 0.8171347546875 0.187268828125
0 0.8732246078125 0.2390085015625 0.8784151874999999 0.216711921875 0.8806120703125 0.196321925 0.8795758359375 0.183933715625 0.8754991390625 0.18110405624999998 0.8708341781250001 0.18355825312500001 0.8617595640625 0.2045819421875 0.8541167921874999 0.231153221875 0.861983990625 0.2505597140625 0.8660242140625 0.2510871859375 0.8732246078125 0.2390085015625
0 0.919421559375 0.23891328750000002 0.92380033125 0.2502062671875 0.9349212359375001 0.24170265624999998 0.9395235468750001 0.22468993125 0.937221946875 0.1960545578125 0.9305106953125 0.185988675 0.925148046875 0.1868201703125 0.9225031953125 0.189538103125 0.9203166046875 0.1999739421875 0.9190465390625 0.22584559375 0.919421559375 0.23891328750000002
0 0.973532478125 0.2505725921875 0.9740636828125 0.26289486875 0.978176853125 0.268026709375 0.9891883375000001 0.25261654375 0.9896114624999999 0.25091305625000004 0.9913128406249999 0.20219194375 0.9872561703124999 0.2048842046875 0.9824714968749999 0.210386003125 0.9794310359375 0.21994455624999998 0.973532478125 0.2505725921875
0 0.6844319 0.5804167890625 0.684286009375 0.5712080484375 0.67538816875 0.5715780046875001 0.6691510609375 0.59144053125 0.670307009375 0.6007811375000001 0.67298833125 0.600365390625 0.67443046875 0.595958821875 0.6825576796874999 0.5893617921875001 0.6844319 0.5804167890625
0 0.43014965937499994 0.26616746562500004 0.43229507500000003 0.2955482578125 0.43564790468750003 0.2844988703125 0.44778915937499997 0.2661729703125 0.454036559375 0.23635628749999998 0.45536927968749996 0.2250431625 0.4540206734375 0.2141457859375 0.450605190625 0.2106366453125 0.446096415625 0.212345425 0.438198334375 0.22280140781250002 0.43163856562499997 0.25410892500000004 0.43014965937499994 0.26616746562500004
0 0.338782584375 0.3629837375 0.3279534625 0.3899048296875 0.32839113593749997 0.41753105156250003 0.33291020625 0.40586811562499997 0.342167184375 0.3963553515625 0.349825840625 0.3919945734375 0.356042359375 0.3920403640625 0.356823284375 0.388313278125 0.3554017328125 0.37281153125 0.360087284375 0.35044901875 0.3570309390625 0.33779707187499997 0.3486016515625 0.3359307796875 0.33882935000000003 0.3553317671875 0.338782584375 0.3629837375
0 0.40553978281249997 0.356383075 0.40976237031249996 0.3684214734375 0.40446237343749997 0.383811496875 0.407003396875 0.4063516671875 0.40905998125 0.40891758749999996 0.41306373125 0.407142875 0.4241584578125 0.3863829203125 0.427255978125 0.3592182359375 0.423080159375 0.339527865625 0.41056388281249995 0.344786071875 0.4089290890625 0.3476358734375 0.4081846359375 0.35366514375 0.40553978281249997 0.356383075
0 0.29376953437500003 0.5332428546875 0.2903699375 0.5519442156250001 0.28616323593750004 0.56211631875 0.29045876718749997 0.5787590875 0.2952799140625 0.5755594734375 0.3013505421875 0.566396521875 0.3052345796875 0.5676694125 0.30806179375 0.5764624046875 0.30946745781249996 0.569753653125 0.306135215625 0.5608947234375 0.3136423890625 0.515160546875 0.3124032046875 0.5111697265624999 0.307857953125 0.5105763203125 0.30171438125 0.5151349 0.29376953437500003 0.5332428546875
0 0.38098226562500004 0.471111371875 0.38128434218749996 0.479574696875 0.3788686234375 0.48615158125 0.3724491515625 0.4945031796875 0.3704916921875 0.508797971875 0.3630518734375 0.5269718609375 0.3605529125 0.5388985359375 0.355544696875 0.572706040625 0.35635180312500003 0.581235296875 0.3666188375 0.5718544015625 0.3765108484375 0.5494058109375 0.3788171515625 0.535922371875 0.38095697500000003 0.5331385046875 0.3835756484375 0.5181642281250001 0.37876479375 0.511409684375 0.3873811484375 0.4826680890625 0.383819775 0.46995020781249996 0.38098226562500004 0.471111371875
0 0.25891410000000004 0.6872145187500001 0.2507663 0.713719865625 0.2525628734375 0.7422893046875 0.2553274359375 0.7365237718750001 0.262481065625 0.7320970578125 0.2730707625 0.711271171875 0.2769856828125 0.6826815859375001 0.2829468921875 0.6666120796875 0.2821762578125 0.660385009375 0.278219278125 0.6545077499999999 0.268384325 0.659350209375 0.264177621875 0.6695223109375 0.25970531874999997 0.6735332765625001 0.25891410000000004 0.6872145187500001
0 0.3186953328125 0.7386703125 0.3263539875 0.7343095328125 0.3298788875 0.7447252296875 0.331899 0.7449889671875 0.3355642015625 0.7324487421875 0.342764596875 0.720370059375 0.3490017015625 0.7005075328125 0.3493711328125 0.6814105671874999 0.3449558890625 0.667815403125 0.34223809374999997 0.6659289640625 0.3261033828125 0.676075421875 0.312973546875 0.7486446140624999 0.3186953328125 0.7386703125
0 0.40387295625 0.7283480671875 0.406501921875 0.703419634375 0.415493296875 0.6877457328125 0.4121975265625 0.681188990625 0.41194221875 0.6650736937499999 0.4053403859375 0.6619143671875001 0.4010242640625 0.6651799140625 0.3887997703125 0.688855603125 0.3836559609375 0.7035002078125 0.3789339359375 0.7235605359374999 0.3862858140625 0.7528552515625 0.40387295625 0.7283480671875
0 0.44235889375 0.7081009453125 0.44378044531249994 0.72360269375 0.44131795625 0.7378315515625 0.4484145234375 0.7510109703125 0.4556410984375 0.751188628125 0.4592492375 0.7562545359375 0.4652572140625 0.7325330578125 0.46271619062499997 0.7099928875 0.46463717656250003 0.6933959093750001 0.46169025 0.68765051875 0.4564473140625 0.6854344109375 0.45178235000000005 0.68788860625 0.446877965625 0.696438009375 0.44235889375 0.7081009453125
0 0.45241268437500004 0.717071596875 0.4569579328125 0.717665003125 0.46108139374999996 0.7128426875 0.45875920625 0.7041156281250001 0.4499343109375 0.7090899546875 0.44798714375 0.7134305890625 0.45241268437500004 0.717071596875
0 0.51646238125 0.6986303390625 0.5149370015625 0.7083866953125 0.5095275874999999 0.7168701625 0.5107303015625 0.7185587984375 0.5041340578125 0.74756413125 0.5030669421875 0.7650383921875 0.5059773953125 0.7684816 0.5128672859375001 0.768615303125 0.5178221656249999 0.7738570359375 0.52788065625 0.74070886875 0.532467084375 0.70148564375 0.5313840828124999 0.69674940625 0.5261046734375 0.6922311125 0.5207420265625 0.6930626078125 0.51646238125 0.6986303390625
0 0.5303910625 0.37957532031249996 0.5218317703124999 0.3907107875 0.521316446875 0.40059900937500004 0.5143451828125001 0.41653664843750005 0.5173182890625 0.43453838281249996 0.5153973015625 0.451135359375 0.51698533125 0.45593753281250005 0.519510471875 0.4562672015625 0.5323026421875 0.44721597500000004 0.5429288140625 0.42869227343749994 0.543360896875 0.4241538375 0.5429026343750001 0.41643592968750004 0.5372379109375001 0.4088041015625 0.5377270546874999 0.3866595328125 0.534082440625 0.379291440625 0.5303910625 0.37957532031249996
0 0.574246128125 0.46494483750000004 0.5768180328125 0.457622534375 0.58230039375 0.4537434375 0.5833833937499999 0.458479675 0.585872059375 0.4565071609375 0.5933118796875 0.43833327187500004 0.5955817078125001 0.422547646875 0.5956752437499999 0.4072437 0.591967978125 0.3853170796875 0.5860638296875 0.38378045312500003 0.5804252859375 0.38840496875 0.57757748125 0.399520290625 0.574246128125 0.46494483750000004
0 0.4582300390625 0.42682410937500004 0.474650940625 0.40293047499999995 0.48158573281250006 0.38469065156250004 0.48226753437500003 0.364102853125 0.4802941875 0.3561871453125 0.4775763921875 0.3543007078125 0.4717451875 0.357368453125 0.463368259375 0.38001484375 0.45492867812500004 0.3881027078125 0.4530179859375 0.39474552812499997 0.458672415625 0.41233151562500003 0.4582300390625 0.42682410937500004
0 0.418115784375 0.5563691640624999 0.4182772640625 0.5630272484375001 0.4138782015625 0.5964037421875 0.41838697968750005 0.5946949625 0.42325489374999997 0.583843375 0.43197037031249996 0.5719624921875 0.4468135375 0.5333125296875 0.44819302499999997 0.51434743125 0.43901928281249997 0.5185104093749999 0.4252797078125 0.5419882953124999 0.412799903125 0.5495486859375001 0.418115784375 0.5563691640624999
0 0.14821797187500002 0.1259757828125 0.152055240625 0.13490064531249998 0.1520711265625 0.15711114531249998 0.15611134843750002 0.1576386171875 0.15906856875 0.1534298515625 0.1713136515625 0.10984584687500001 0.174640303125 0.086540115625 0.167351078125 0.0718039296875 0.1627693546875 0.0689083375 0.1582605765625 0.0706171171875 0.1536685609375 0.0776756859375 0.1507842875 0.086488821875 0.14821797187500002 0.1259757828125
0 0.22424244375 0.0999082 0.21129408437500002 0.10970484218750001 0.22197261406250002 0.1156938265625 0.21316360156249997 0.1428786546875 0.2163761328125 0.154785184375 0.2160899421875 0.1685323609375 0.22430039062499998 0.15658554375 0.2313343078125 0.15520643437499998 0.23596279843749998 0.1504500515625 0.2431370125 0.126115025 0.240606284375 0.09362069687499999 0.23684195937500002 0.0893002046875 0.23113046874999998 0.08932035 0.22424244375 0.0999082
0 0.13734855937499998 0.2669969828125 0.14296092656249998 0.2501161265625 0.1488388953125 0.23939640624999997 0.1512957921875 0.193002890625 0.148661234375 0.1857666640625 0.14225205937500002 0.1841641046875 0.1349787171875 0.1916384203125 0.1263258921875 0.21807783125000002 0.1292887046875 0.2460337234375 0.13377689375 0.264233259375 0.13734855937499998 0.2669969828125
0 0.10229958125000001 0.3451284046875 0.0977337421875 0.36444331406249997 0.0992282390625 0.38454943125 0.097968465625 0.4004669265625 0.107142203125 0.3963039484375 0.1091361359375 0.38431134375 0.1177786671875 0.367826090625 0.1238334109375 0.3364526375 0.1197408328125 0.31141248125 0.11166038593750001 0.3103575375 0.10551681406249999 0.3149161171875 0.10228369531249999 0.322917903125 0.10229958125000001 0.3451284046875
0 0.06378364843749999 0.46952147499999997 0.0636536421875 0.482523234375 0.060061387499999994 0.49966782812500005 0.053751337499999996 0.51492598125 0.060030506250000004 0.5295303015624999 0.060176396875 0.5387390421875 0.068725396875 0.537557734375 0.076597296875 0.514845409375 0.0879108609375 0.507898565625 0.084396253125 0.48752871249999996 0.086858740625 0.473299853125 0.084343896875 0.4630160265625 0.0751907453125 0.4472706875 0.06922953750000001 0.46334019218750006 0.06378364843749999 0.46952147499999997
0 0.063941609375 0.6173430093750001 0.047228928125 0.6228191609375 0.039752634375 0.6386908640625 0.03510355625 0.6633555624999999 0.0281322921875 0.6792932 0.035804037500000004 0.68106059375 0.040122951562499995 0.6938773734375 0.04385080625 0.6958956796875 0.048166923437499995 0.692630134375 0.054669634375 0.6789287453124999 0.061942975 0.6714544328125001 0.0633121671875 0.66244349375 0.0585480796875 0.6480369765625 0.062598596875 0.638610290625 0.067805059375 0.6385242125 0.062020621875 0.6339399859375 0.063941609375 0.6173430093750001
0 0.10729635156249999 0.660527775 0.1008665859375 0.67883353125 0.10715604999999999 0.6834836921874999 0.1088899703125 0.69749460625 0.11307608281249999 0.70723081875 0.1131022609375 0.7194871625 0.11741838125 0.7162216140625 0.1248582015625 0.698047725 0.13390663593750002 0.66476769375 0.137306234375 0.6460663328125 0.1347549171875 0.63348031875 0.12939226718750002 0.6343118140625 0.12749186875000001 0.6310004765625 0.1175007328125 0.6365883515624999 0.10729635156249999 0.660527775
0 0.1819366328125 0.6955441046875 0.173679415625 0.7151428953125001 0.1765431046875 0.7262380734375 0.17687135781250002 0.746957740625 0.190647409375 0.7257820390624999 0.194661453125 0.7140531671875 0.2048920140625 0.7023700859375 0.205214678125 0.69092509375 0.21112911875 0.6825075609375 0.207578040625 0.659835521875 0.2033086875 0.6554490984375 0.194483790625 0.6604234250000001 0.1819469265625 0.6855899484375 0.1819366328125 0.6955441046875
0 0.22911098281250003 0.5768762828125 0.23184936718750002 0.558854403125 0.2436155984375 0.5274608078125 0.2518625234375 0.517816178125 0.24629133281249999 0.494880403125 0.2366125640625 0.49897744531250005 0.2280065046875 0.517764884375 0.22601257343749998 0.529757490625 0.21767211562500002 0.5547060687500001 0.219505159375 0.58557769375 0.22911098281250003 0.5768762828125
0 0.1437604 0.4914499671875 0.1418132359375 0.49579060156250004 0.14763414375 0.5026770140625 0.1392936859375 0.527625590625 0.140631996875 0.548477125 0.1464632 0.5454093796875 0.1564646328125 0.5298673453125 0.1606975109375 0.5319515859374999 0.163186178125 0.5299790703125 0.16214994375 0.5175908578125 0.1700321390625 0.484924375 0.16817850781250002 0.4739610640625 0.16511186718749998 0.4712632765625 0.146441725 0.49103422031250005 0.1437604 0.4914499671875
0 0.2033930765625 0.3108465921875 0.193328996875 0.3118300984375 0.1871386546875 0.32404065000000004 0.1849417703125 0.34443064687499997 0.1786784859375 0.35203683125 0.175950396875 0.36010455 0.1777104953125 0.3863718046875 0.1827710671875 0.3770769875 0.1868477625 0.37990664375 0.1898311625 0.38795422031250004 0.19402756875 0.387736275 0.19925462031250002 0.3677418828125 0.20602293125 0.3602016359375 0.20762125468749998 0.3550496484375 0.20390369531250002 0.343077184375 0.2068450328125 0.3166579171875 0.2033930765625 0.3108465921875
0 0.2033977796875 0.268727775 0.21050464375 0.2719530375 0.21467487031250002 0.25947874843749996 0.2196157296875 0.25323153125000003 0.2244209921875 0.2278214171875 0.2202087 0.2058288625 0.21714205937500003 0.20313107343749998 0.21162322812499998 0.2047079859375 0.198617809375 0.23211075781249998 0.1946767109375 0.24844399843749998 0.20317894375 0.2549146640625 0.2033977796875 0.268727775
0 0.28491490625 0.2288269375 0.281827678125 0.2460374640625 0.2769962375 0.25919123437499997 0.28444164843749997 0.27318200625 0.2866441234375 0.2849566671875 0.29017931875 0.28541820625000003 0.2941465953125 0.28134130625 0.299426003125 0.2858595984375 0.300482825 0.27833949375 0.296562315625 0.27476442031250004 0.2949378125 0.26766006249999996 0.30598018125 0.222387421875 0.29293269843749997 0.215323353125 0.288965421875 0.21940025 0.28491490625 0.2288269375
0 0.267417484375 0.3544324671875 0.2666524421875 0.380370053125 0.27017734375 0.3907857484375 0.26922993906250003 0.40521240937499997 0.273775190625 0.40580581406249994 0.2785963375 0.40260619999999997 0.282766565625 0.3901319125 0.2822718328125 0.3801118203125 0.2863326421875 0.3607309765625 0.2884201078125 0.3334344234375 0.283067753125 0.3243117609375 0.2778612921875 0.3243978375 0.2725715875 0.329833703125 0.267417484375 0.3544324671875
0 0.34476349375000004 0.2527224421875 0.3462579875 0.272828559375 0.3496631765625 0.28629185625 0.357733328125 0.2973009578125 0.36002933593750003 0.2937716734375 0.36460546875 0.26450260625 0.36637027031249997 0.2486510453125 0.36455310937499996 0.2399899203125 0.3670885421875 0.23036543125 0.3649590140625 0.22319514218749997 0.360028446875 0.21948820000000002 0.353884875 0.2240467796875 0.35030291406249997 0.2312372140625 0.34476349375000004 0.2527224421875