0 0.88339259375 0.09529135625 0.868600221875 0.0959297859375 0.865212915625 0.10545083125000002 0.8736035609374999 0.11103919843750001 0.8875724093749999 0.111980075 0.9030018578125001 0.11616998281249999 0.945980521875 0.10886977499999999 0.9515898 0.1031543390625 0.95176070625 0.097280665625 0.9464155546875 0.09391860156250001 0.9309705703125 0.09026266250000001 0.903001796875 0.0894488546875 0.88339259375 0.09529135625
0 0.9317787421875 0.1693807078125 0.9147333234374999 0.16728146875 0.890462659375 0.17298833593750002 0.8825692609375 0.177034040625 0.8816525171875 0.18181716875 0.888520415625 0.186292384375 0.9009199062500001 0.18772201875 0.9099787046875001 0.19707078281249998 0.9037012734375001 0.19902581875 0.9035769765625 0.20329758281250002 0.9130241984374999 0.19929708906250002 0.9138787921875 0.196649840625 0.9468197671875 0.186919878125 0.946306984375 0.17781977499999999 0.9317787421875 0.1693807078125
0 0.923978753125 0.2503859703125 0.8828491156249999 0.2475859515625 0.8655551062500001 0.2540302421875 0.860769346875 0.25816636875 0.8466762015624999 0.261497259375 0.8481678765625 0.263678353125 0.8567294265625 0.2633930453125 0.8791044578125 0.2693883171875 0.9015727109375 0.272179765625 0.9125892890625 0.26769051250000003 0.9304737640624999 0.26767647499999997 0.9391440734375 0.2636533765625 0.9423604734375 0.2600060078125 0.93552365 0.25446285 0.923978753125 0.2503859703125
0 0.8809536687499999 0.3394514703125 0.8885052546875001 0.34715311249999997 0.89315118125 0.3478227171875 0.9073064734375 0.34235594687500004 0.935461690625 0.33676211093749997 0.9419255640624999 0.32839943125 0.9381497718749999 0.3245486078125 0.8861123140625 0.3225000515625 0.8511202718750001 0.32255073125 0.8495043046875 0.3246414015625 0.8809536687499999 0.3394514703125
0 0.8519439828125 0.40113480625 0.8518041500000001 0.4059405390625 0.8438952140625 0.41052021562499996 0.8484945265625001 0.41279173125 0.87027909375 0.412356753125 0.8780015859375 0.41418472343749996 0.9247871125 0.40966739375000005 0.9296194828125 0.4039293546875 0.9282054937499999 0.399078409375 0.9197837765625 0.39455798125 0.9058615375000001 0.3920151953125 0.8903388671875 0.39102911093750004 0.8519439828125 0.40113480625
0 0.8862214484375001 0.47908901718749997 0.8957774265625 0.4713507296875 0.9231246593750001 0.466802228125 0.9241035515625 0.45988321875000004 0.919519771875 0.45707773124999995 0.9055819984375001 0.45506891562499996 0.882181465625 0.457594565625 0.8562948312499999 0.46539210156250005 0.8807830750000001 0.4789307765625 0.8862214484375001 0.47908901718749997
0 0.9275998046874999 0.526787759375 0.92860976875 0.5188008109375 0.924756290625 0.517619840625 0.8766033859375 0.5156843125 0.8569320328125001 0.5236626953125 0.853669025 0.528911975 0.8698598453124999 0.533658459375 0.90175978125 0.5329833859375 0.9275998046874999 0.526787759375
0 0.86922289375 0.582272371875 0.858952153125 0.587852171875 0.8527213328125001 0.588205296875 0.8765569624999999 0.5974496031250001 0.9140351046875 0.5921270359374999 0.9218663546875 0.5902172109375 0.9250672171875 0.5871038125 0.9244456781249999 0.5817415015625 0.915992884375 0.5782890171874999 0.906701034375 0.57694980625 0.8801773234375 0.5799190015625 0.86922289375 0.582272371875
0 0.8548812828125 0.647589040625 0.867032184375 0.6575622015625 0.917811021875 0.649420109375 0.9180285390625 0.6419445234375 0.9057222703125 0.6373110671875 0.8645149453125001 0.637180903125 0.8548812828125 0.647589040625
0 0.8989011703124999 0.7113973203125 0.8748946343749999 0.708026690625 0.8382710875000001 0.7107020109375 0.8342622390625 0.7148607453125 0.8435230171875 0.7172678968749999 0.8541045609375001 0.7277298140624999 0.87180259375 0.734123421875 0.8780178765625 0.73430426875 0.891380721875 0.7293488625 0.9203128484375 0.7237776328125001 0.9243993796875 0.7169490453125 0.9229543187499999 0.713166040625 0.9160398078125 0.7102927359375 0.8989011703124999 0.7113973203125
0 0.8353966890625 0.7827654109375 0.857647425 0.7930324453125001 0.8909924234375 0.7961403765624999 0.92617090625 0.7896820499999999 0.9145638609375 0.7877410515625 0.9085039484375 0.782220503125 0.901573903125 0.77988116875 0.860490875 0.7754792390625 0.8580513859375 0.7791492156250001 0.84095935625 0.7786518890624999 0.8353966890625 0.7827654109375
0 0.8442225562499999 0.8535659859375 0.8597141531249999 0.8556200125 0.8908216421875 0.855456303125 0.9010146984375 0.8525463578125001 0.9026462046875 0.849921715625 0.9012788281249999 0.8434688593749999 0.8920491234375 0.8399937671875 0.8570570828124999 0.8400444484375 0.8429017890624999 0.8455112187499999 0.840415690625 0.85078310625 0.8442225562499999 0.8535659859375
0 0.8309530593750001 0.9087598203124999 0.8338742546875 0.9152578890624999 0.8431350312499999 0.917665040625 0.8672037187500001 0.918899790625 0.8828351453125001 0.9161480843750001 0.90615799375 0.9162922874999999 0.9085819468749999 0.91315628125 0.9065308796875 0.903476996875 0.8942090734375 0.8993775109375 0.853825271875 0.8976680421875001 0.82172335625 0.9052847296875 0.8309530593750001 0.9087598203124999
0 0.8276590984375 0.9685192984375 0.8422028796875001 0.9764243921875 0.8848863390625 0.9792696218750001 0.8974256625000001 0.9758935203125001 0.9030038687499999 0.9712460281249999 0.9031437 0.9664402953125 0.897907309375 0.9593404390625 0.8256546453125001 0.9572381015625 0.8177767812500001 0.9607498359375001 0.8222207265625 0.9683610578125 0.8276590984375 0.9685192984375
0 0 0.07335336406250001 0.0053129734375 0.07562049531250001 0.005188676562499999 0.079892259375 0.00041845468750000003 0.0834944171875 0.0042563953124999995 0.0852093578125 0.013672542187500001 0.08227680468750001 0.071163909375 0.0839496328125 0.0757321515625 0.0872890890625 0.0803936109375 0.08742472500000001 0.0836410859375 0.0827094140625 0.1008107984375 0.0805368875 0.10795836249999999 0.0754006375 0.10730574687500001 0.07110626875 0.09973862343749999 0.0639385953125 0.0913479796875 0.058350228125 0.08592514375 0.057658015625 0.07655560781250001 0.0589886578125 0.06729483281250001 0.0565815078125 0.051647865625 0.05986718437500001 0.03065575 0.0597907984375 0.0117302359375 0.0688597265625 0 0.07034398281250001 0 0.07335336406250001
0 0 0.1643429546875 0.00971049375 0.16499700781249999 0.031293078125 0.17150364375 0.0500321484375 0.168842359375 0.0787933703125 0.16914480468749998 0.0914259140625 0.1625648796875 0.0886290140625 0.1517950484375 0.081761115625 0.14731983437500001 0.078855453125 0.1402877953125 0.060116384375 0.14294907968749998 0.05298435781250001 0.14755136093750001 0.0235083734375 0.14509043125 0.007783723437499999 0.151045959375 0 0.15153148125 0 0.1643429546875
0 0 0.234835384375 0.0006208125 0.2368795609375 0.0243787578125 0.24879371875 0.029801592187499996 0.2494859296875 0.0775660109375 0.23804959218750002 0.07705323124999999 0.22894948906249998 0.0671243 0.222781940625 0.0578635265625 0.22037479062499998 0.015180065625 0.21752955937500001 0.0010247734374999999 0.2229963296875 0 0.223083609375 0 0.234835384375
0 0.0839990015625 0.31091823125 0.08410775937500001 0.30718043906250003 0.0773486203125 0.29896743125 0.0610490390625 0.297958740625 0.011093721875 0.304521525 0.010068220312499999 0.3130424453125 0.037943771875 0.3170600765625 0.071381990625 0.316964184375 0.0839990015625 0.31091823125
0 0 0.3917590625 0.0061683203125 0.3936267671875 0.0147143328125 0.39387543125 0.0701390984375 0.38640294375 0.07419455781249999 0.3806422984375 0.07276503125 0.3763253234375 0.068181253125 0.3735198359375 0.0496286265625 0.3697734765625 0.042822878125000005 0.3631623796875 0.025792996875 0.3605291703125 0.017169296875 0.3629503578125 0.004521215625 0.3700642515625 0 0.3707063453125 0 0.3917590625
0 0 0.46093968125 0.004179590625 0.4619749796875 0.053901853124999996 0.46342175 0.071242471875 0.45537555 0.0575843625 0.44375526875000004 0.04055448125 0.44112205937500004 0.0311849453125 0.44245270156250005 0.0055935140625 0.44010479843750006 0 0.442651678125 0 0.46093968125
0 0 0.5346080953125 0.0112962671875 0.5380700468749999 0.0292428890625 0.5359201296875 0.0416579203125 0.5368157906250001 0.06282094218749999 0.531018503125 0.06527596875 0.52681455625 0.05612395 0.5206696125 0.0507632640625 0.5178415203125 0.0414403390625 0.5175702515625 0.034385998437499996 0.51950268125 0.007924434375 0.5203359953125 0 0.5239442078125001 0 0.5346080953125
0 0 0.6039880156249999 0.0023464171875 0.6051468671875 0.0155228203125 0.60659910625 0.05769349687500001 0.6003442328124999 0.07032604375 0.593764309375 0.0712117125 0.590049125 0.0674203828125 0.5867322734375 0.051944323437499995 0.584144275 0.010597167187500001 0.5888198421874999 0 0.5938979062499999 0 0.6039880156249999
0 0 0.6593304468750001 0.0007461125 0.6601458203125 0.0154452609375 0.6627112125 0.051198675000000006 0.6632171078125 0.062230790625 0.6581938859375 0.06390890625 0.6539673328125 0.060117575 0.65065048125 0.0500954265625 0.6476867546875 0.0096960859375 0.646511253125 0 0.6518497187500001 0 0.6593304468750001
0 0 0.73712155 0.0016008953125 0.7376619546875001 0.019469832812499997 0.7381818874999999 0.062417421875000004 0.7319496187500001 0.06714103125000001 0.729949371875 0.06968927968750001 0.7225416046875 0.0612830984375 0.7174872046874999 0.0372144140625 0.71625245625 0.0028594515625 0.7211314765625 0 0.7232666609375 0 0.73712155
0 0 0.79854824375 0.0036520875 0.8007834921875 0.05429109375 0.797447134375 0.061438654687500004 0.7923108812499999 0.0607860421875 0.7880165125 0.055440890625 0.7846544484375 0.0438493828125 0.7821794796875 0.00414926875 0.7836964375 0 0.7853872640625 0 0.79854824375
0 0 0.8613168906249999 0.0034036203125 0.8627692703125 0.0423112859375 0.8617636781250001 0.0470815078125 0.8581615203125 0.0480448609375 0.8517764796874999 0.0296320671875 0.8432243859374999 0.0172791859375 0.8401928421875 0.007194887499999999 0.8393649953125 0 0.8413629359374999 0 0.8613168906249999
0 0 0.9189898015625 0.03530368125 0.91553645 0.042389096875 0.9125360796875001 0.0440827515625 0.9077755578125 0.0418452421875 0.9045039171875 0.014808746875 0.898373009375 0 0.8975780500000001 0 0.9189898015625
0 0 0.98155139375 0.0014927 0.981889884375 0.0380541 0.98135044375 0.052193856250000004 0.9764176453125 0.05393411875 0.9700552109375 0.050935235937500004 0.9662269953125 0.01598980625 0.9646757656249999 0 0.9663176171875 0 0.98155139375
0 0.14407050625 0.6514899953125 0.143930675 0.656295728125 0.16259205937500001 0.6563042953125 0.1656686265625 0.6574626593749999 0.1693201234375 0.6655852453125 0.1747118875 0.6673453984375 0.1920991171875 0.6576972875 0.2138681421875 0.657796278125 0.2232998265625 0.6543297546875 0.221295371875 0.643048559375 0.1919281484375 0.636849834375 0.1632446109375 0.6338775390625 0.14407050625 0.6514899953125
0 0.1359752515625 0.71591956875 0.1552581796875 0.721290446875 0.18487399375 0.7189456437499999 0.198065934375 0.7198639140624999 0.213790584375 0.7139083828125 0.21240766875 0.707989496875 0.2032090421875 0.7034464640625 0.15807055625 0.70480518125 0.14857672500000002 0.7104075859375001 0.1407610109375 0.7117834390625 0.1359752515625 0.71591956875
0 0.159298225 0.7695060234375 0.1398288546875 0.7705427890625 0.13507417187499998 0.773610978125 0.1325569953125 0.77995080625 0.14940043593750002 0.7889916609375 0.15305193125 0.797114246875 0.1601684203125 0.793045934375 0.19926253124999999 0.785632696875 0.2049494953125 0.7772474109374999 0.20196614687499997 0.7728852234375 0.1842525796875 0.7670255859374999 0.1757376390625 0.76570898125 0.159298225 0.7695060234375
0 0.16458141875 0.8551673484375 0.190421440625 0.8489717234375 0.1944302859375 0.8448129890624999 0.1898775828125 0.8409395609375 0.1821395546875 0.8396455625 0.1425637359375 0.8368907578125 0.126124321875 0.8406878000000001 0.1212764171875 0.8469598093749999 0.13656603437499998 0.8559554500000001 0.16458141875 0.8551673484375
0 0.1309568796875 0.9151131375 0.137094478125 0.9179638359375 0.159609340625 0.9191533734374999 0.1845636953125 0.9166729359374999 0.1877956328125 0.9124915953125001 0.18639718125 0.9071066828125 0.163245240625 0.9010888046875 0.1492919265625 0.899613959375 0.13914548124999998 0.9009219953125 0.1303198015625 0.9102848 0.1309568796875 0.9151131375
0 0.191975575 0.9826225671875 0.2013606453125 0.9807579546875 0.2054161046875 0.9749973093750001 0.2040798015625 0.9674765125 0.197196365625 0.9635352671874999 0.187904515625 0.9621960578125 0.1482044046875 0.9637130140625001 0.1394564078125 0.9704059656249999 0.1469924578125 0.9786415796875 0.191975575 0.9826225671875
0 0.3264266125 0.53067230625 0.37760947499999997 0.5353681109374999 0.3823641578125 0.5322999234375 0.384881334375 0.5259600953125 0.374967940625 0.519258575 0.3339159875 0.51378870625 0.30970747187500003 0.517359690625 0.3033678921875 0.5214506078125 0.307159221875 0.524767459375 0.3264266125 0.53067230625
0 0.3722799859375 0.58491433125 0.3248729171875 0.5840693484374999 0.308806453125 0.6017722265625001 0.3289284375 0.605029828125 0.3546752390625 0.6020380265624999 0.37276169375 0.5950823734374999 0.3753410171875 0.586606665625 0.3722799859375 0.58491433125
0 0.3473412953125 0.64030305 0.33808051875 0.6378958984375 0.3093348359375 0.637059484375 0.3014103609375 0.6421731312500001 0.2996700984375 0.648535565625 0.308868728125 0.6530785984375 0.3064292359375 0.6567485734375 0.309505803125 0.6579069375000001 0.3445444546875 0.6562543468750001 0.34914376874999997 0.6585258625 0.3577053203125 0.65824055625 0.36323691406249997 0.6551949734375 0.3649616421875 0.6493665109375 0.361962759375 0.6455382953125001 0.3473412953125 0.64030305
0 0.2861520078125 0.7122729296875 0.282920071875 0.71645426875 0.2874883109375 0.7197937265625 0.3293327109375 0.72475223125 0.36350123125 0.7262808546875 0.36979419999999996 0.72379185 0.37141016875 0.7217011796875 0.367680984375 0.7162484453125 0.3507909375 0.708809503125 0.3189220765625 0.7084166375 0.2916214546875 0.711363228125 0.2861520078125 0.7122729296875
0 0.294915728125 0.785209384375 0.31811427812500004 0.7896253515625 0.34685996406249997 0.790461765625 0.36176109218749997 0.7860855421874999 0.36434041562499997 0.7776098328125001 0.361294921875 0.775383528125 0.3342273546875 0.7703205625 0.31482013124999997 0.7692214484375001 0.2998102453125 0.7773354640625 0.288078903125 0.7796662296875 0.294915728125 0.785209384375
0 0.2841478671875 0.8345973640625 0.30105345 0.8415023359375 0.3398989703125 0.842632625 0.345399490625 0.840654984375 0.3463317703125 0.8353378875 0.34331735 0.832043640625 0.321734765625 0.8255370046875001 0.28835869375 0.8234970140625 0.282065725 0.8259860203124999 0.28194143125000004 0.8302577843750001 0.2841478671875 0.8345973640625
0 0.3470467203125 0.9176597531249999 0.3457104171875 0.91013895625 0.338780371875 0.907799621875 0.2774044515625 0.9060137640624999 0.266263578125 0.91477478125 0.2847074484375 0.9222589359375 0.3320989796875 0.9236378890625 0.3422764984375 0.9212619109375 0.3470467203125 0.9176597531249999
0 0.3026231234375 0.974619209375 0.31558200625 0.983547034375 0.34042760156249996 0.984804390625 0.3630356875 0.9827901062500001 0.3678680578125 0.9770520656249999 0.3656460828125 0.9732464562500001 0.36030093281250003 0.9698843921875 0.34712453125 0.968432153125 0.343302125 0.9661832421875 0.30987944375 0.9657451671875 0.30277849218749997 0.9692795046875 0.3026231234375 0.974619209375
0 0.470201890625 0.640136971875 0.4839687625 0.6480194625 0.5064991625 0.6486750296875 0.5236222640625 0.648104415625 0.5275689640625 0.6460815625 0.5300239906249999 0.6418776171875 0.5232027031250001 0.635800490625 0.5162726578125 0.63346115625 0.48985770625 0.6326925609375 0.469518203125 0.63691054375 0.470201890625 0.640136971875
0 0.519799984375 0.6992977578125 0.5104615234375001 0.699560459375 0.47570253749999997 0.6916015828125001 0.47324751093749995 0.695805528125 0.4777846765625 0.7002129265625 0.4575073234375 0.7022950296875 0.453482940625 0.706987734375 0.44723658125 0.707874828125 0.45177375 0.7122822265625001 0.46874148125000004 0.7170513171875 0.5153716390625 0.71787369375 0.525564696875 0.714963746875 0.5295890812499999 0.7102710421875 0.525937584375 0.70214845625 0.519799984375 0.6992977578125
0 0.45225558125000004 0.775892521875 0.44726784531249997 0.7869702671875001 0.4425597703125 0.7884365437499999 0.4767438265625 0.7894311984375 0.500159896875 0.786371578125 0.50634410625 0.787620365625 0.51347613125 0.783018084375 0.52205321875 0.78219880625 0.5299466203125001 0.7781531015625001 0.531671346875 0.7723246375 0.5248034484375 0.767849421875 0.4758736328125 0.7658912875 0.45225558125000004 0.775892521875
0 0.4572745828125 0.843910215625 0.48344094374999996 0.8532223406250001 0.5195206328124999 0.8425148578125 0.52356055625 0.8372881828125 0.5222087156249999 0.8303013546875 0.4755785546875 0.8294789796875 0.4572745828125 0.843910215625
0 0.45993177812499997 0.912928034375 0.4699228546875 0.916959703125 0.50418459375 0.9152845062500001 0.5246639296875 0.9062607874999999 0.522581790625 0.89764944375 0.47132124218750004 0.8956234921874999 0.4533124703125 0.8999092937500001 0.4499873140625 0.90729445625 0.456171521875 0.90854324375 0.45993177812499997 0.912928034375
0 0.44745472656249996 0.9676105078124999 0.4496766984375 0.9714161171875 0.46507507343750004 0.9766739671875 0.5000981890625 0.9755553453125 0.517376659375 0.969645028125 0.5175475656249999 0.9637713515625 0.5091258484375001 0.9592509265625001 0.496804040625 0.9551514390625 0.4797120125 0.9546541124999999 0.452271559375 0.9624064375 0.44745472656249996 0.9676105078124999
0 0.6595811390625 0.4650125421875 0.6542515250000001 0.46111650937500004 0.6339897078125001 0.462664640625 0.6261118453125001 0.46617637500000003 0.616757846875 0.466973046875 0.6127645359375 0.47059781093749997 0.6181407609375 0.47289193437500004 0.618793375 0.47718630156249997 0.6117234984375 0.479652703125 0.64979210625 0.4807603859375 0.6724623390625 0.47661021875 0.6764401140625 0.4735194265625 0.672742003125 0.46699875312500005 0.6595811390625 0.4650125421875
0 0.6595035796875 0.5211246468749999 0.6502894140625 0.5171155859375001 0.6199277609375 0.5183698421875 0.6001631890625 0.5295520453125 0.600831340625 0.5333124437500001 0.606922328125 0.537765053125 0.620875640625 0.5392398984375 0.6323583890625 0.5454526609375 0.65199866875 0.53854221875 0.662129575 0.537768153125 0.6748087328125 0.5295863187500001 0.6773259078125 0.5232464921875 0.670426934375 0.5198392171874999 0.6595035796875 0.5211246468749999
0 0.6030845140625 0.5894923671875001 0.5998681140625 0.5931397375 0.6075129203125 0.5976375593750001 0.606596178125 0.602420684375 0.6235949859375001 0.6061218359375 0.6424583515625 0.5991887874999999 0.669013134375 0.59515165 0.6722295359375 0.59150428125 0.6700697124999999 0.5855627890624999 0.647585921875 0.5833053109375 0.618778090625 0.584604778125 0.6030845140625 0.5894923671875001
0 0.654360725 0.6444266015625 0.6310223390624999 0.64481636875 0.6060213734375 0.6488987171875 0.5981279749999999 0.652944421875 0.6073887515624999 0.6553515734375 0.61116454375 0.6592023953124999 0.6234708140625 0.6638358515625 0.6507558999999999 0.66142323125 0.6781497421875 0.65527281875 0.679082021875 0.6499557203124999 0.6753839140625 0.643435046875 0.6614150624999999 0.642494171875 0.654360725 0.6444266015625
0 0.6479747203125 0.730282809375 0.669091134375 0.7260874312500001 0.670862471875 0.7186570578125 0.66634084375 0.7137156874999999 0.6446961109375 0.7093449328125 0.6353421125 0.7101416046875 0.6175353218749999 0.707485790625 0.59795719375 0.71226035 0.6006919484375 0.7251660625 0.6479747203125 0.730282809375
0 0.5967609109375 0.7800971984375 0.5981593609375 0.7854821140625 0.5902659625 0.7895278203125 0.6322657328125 0.7891466203124999 0.6494199093749999 0.787508065625 0.6604054125000001 0.784086753125 0.662145678125 0.7777243203124999 0.6576085109375 0.773316925 0.6305098703125 0.7693218984375 0.618079303125 0.76896020625 0.6031004890625 0.77600628125 0.5967609109375 0.7800971984375
0 0.5876712296875 0.8519797515624999 0.6092382749999999 0.8590203578125 0.6505698953125 0.8548787609374999 0.6608250984375 0.8498329328124999 0.6609804687499999 0.8444932296875001 0.65723575 0.839574465625 0.6502746296875 0.838303071875 0.6238752140625 0.8370005062500001 0.60979760625 0.8397974250000001 0.58941149375 0.8456173203124999 0.5876712296875 0.8519797515624999
0 0.63127155625 0.90348410625 0.6157333484375 0.903031990625 0.588417190625 0.9065125515625001 0.5836158953125 0.91118265 0.5960153890625 0.912612284375 0.6082595093750001 0.9193816218749999 0.6548741328125 0.9207379703124999 0.6651293375 0.9156921406249999 0.668407884375 0.9099088890625 0.66854771875 0.9051031546875 0.6623945828125 0.9027864250000001 0.6422415234375001 0.9005967640625 0.63127155625 0.90348410625
0 0.6539885890625 0.9778954078125001 0.6626744359375001 0.9733383375000001 0.6651294625 0.9691343921875 0.6636999359375 0.9648174171875 0.659846459375 0.9636364484375 0.6186236 0.9640402531250001 0.604499378125 0.96843908125 0.5996359375 0.9752450609375 0.6072807453125 0.9797428828125 0.6539885890625 0.9778954078125001
0 0.7416534703125001 0.2632512109375 0.76786644375 0.2709614234375 0.781182678125 0.26760792968749997 0.8006054359375 0.26817307343749996 0.8224676843750001 0.26506824375 0.8227939609374999 0.2538548640625 0.8058262296875001 0.2490857734375 0.769373590625 0.24588742031250002 0.75747134375 0.254091859375 0.755746615625 0.2599203234375 0.7416534703125001 0.2632512109375
0 0.8092292609375 0.3191941375 0.761837728125 0.3178151859375 0.7483816609375 0.32597441250000003 0.7636712765625 0.33497005468749996 0.8016932734375001 0.3376796515625 0.8181792984375 0.332280696875 0.8175888328124999 0.325850446875 0.8092292609375 0.3191941375
0 0.7385150687500001 0.3978343625 0.754566059375 0.40738657968750003 0.7692185953124999 0.41155388281249994 0.7847568046875 0.41200599843749997 0.816827646875 0.4054572484375 0.8177754625 0.3996061796875 0.8132227593750001 0.395732753125 0.806277178125 0.393927390625 0.7681930328125001 0.393353678125 0.75876135 0.39682019999999996 0.7385150687500001 0.3978343625
0 0.737567378125 0.4571276828125 0.7350968124999999 0.4618656 0.741156728125 0.46738615 0.7558092656250001 0.47155345156250006 0.7580467750000001 0.4748250921875 0.761915790625 0.475472090625 0.7705860984374999 0.471448990625 0.7948101546874999 0.46734403750000003 0.8034649265624999 0.463854909375 0.8138133515625 0.45560525781249994 0.805360559375 0.4521527703125 0.753276490625 0.45170612343750005 0.737567378125 0.4571276828125
0 0.7321136562499999 0.5376667921875 0.7583266281250001 0.545377003125 0.805205378125 0.5376558546875 0.8107369734375001 0.534610271875 0.8116692531249999 0.5292931750000001 0.8078934609375 0.5254423515625 0.7753098359374999 0.5228909984375 0.7559026125 0.52179188125 0.740084740625 0.530951234375 0.7283378625 0.5338159703125 0.7321136562499999 0.5376667921875
0 0.7817272875 0.5962936078125 0.79659734375 0.592985325 0.8045684281250001 0.5862697671875 0.8015695421875 0.58244155 0.793054603125 0.5811249468749999 0.7643089203125 0.5802885328125 0.7446220328125001 0.588800884375 0.741374559375 0.593516196875 0.74751215625 0.59636689375 0.7817272875 0.5962936078125
0 0.7468130562499999 0.6471166890625 0.731166090625 0.6504023671875 0.7278720046875 0.6567195890625 0.7502470359375 0.6627148593750001 0.7931169390624999 0.6591524453125001 0.80335660625 0.6546405859375 0.8050347234374999 0.6504140328125 0.7997361828125 0.6454500609375 0.7912367812500001 0.6435994859374999 0.7780759140625 0.641613275 0.7547219921874999 0.6425370140625 0.7468130562499999 0.6471166890625
0 0.754644496875 0.7253702453125 0.7662981531249999 0.72570933125 0.789652075 0.72478559375 0.7998295921875 0.72240961875 0.8046153515625001 0.7182734890625 0.8039471984375 0.7145130890625 0.7939561234375 0.710481421875 0.75902623125 0.7083962203125 0.73256466875 0.7092295359375 0.7278255203125 0.711763753125 0.754644496875 0.7253702453125
0 0.770680075 0.7888986859375 0.7895434406249999 0.781965640625 0.7896832734375 0.77715990625 0.78589194375 0.7738430546874999 0.775046271875 0.7724586328124999 0.745523678125 0.7715996125 0.7266292375 0.7796006 0.727281853125 0.7838949703125 0.743426065625 0.7902433656250001 0.770680075 0.7888986859375
0 0.72361500625 0.856469734375 0.7469067796875 0.857681878125 0.767945509375 0.856156353125 0.78048483125 0.8527802531249999 0.7829553953125 0.8480423359374999 0.77997205 0.84368015 0.7575814828125 0.83821885 0.7296748562500001 0.835269159375 0.7106716578125 0.8470079390624999 0.7105473625000001 0.8512797015625001 0.72361500625 0.856469734375
0 0.7284475015625 0.9041739484375 0.717368775 0.9107990828125001 0.7271889453125 0.9207044249999999 0.7450268109375 0.9222922984374999 0.774021084375 0.9145851859375 0.7836081375 0.905778959375 0.7822096859375 0.9003940421875001 0.7791641921875 0.8981677375 0.768287446875 0.8978512562500001 0.7417482 0.9013544234375 0.7284475015625 0.9041739484375
0 0.7216108640625001 0.9787941703125 0.7495485640624999 0.9806759203125001 0.7690645453125 0.97803724375 0.773896915625 0.9722992015624999 0.7701366578125 0.9679144109375001 0.764030134375 0.9639957703125 0.7539613734375 0.9626339546875 0.7220925109375 0.9622410875 0.709568725 0.96508321875 0.704751890625 0.9702872859375 0.7216108640625001 0.9787941703125
0 0.35576320156249996 0.7249868562499999 0.3651482734375 0.72312224375 0.36385858125000003 0.7139995359375 0.3429441484375 0.711253296875 0.33352800312499997 0.71418585 0.334227228125 0.716878309375 0.3388731546875 0.7175479140625 0.3464402765625 0.7247155875 0.35576320156249996 0.7249868562499999
0 0.65047560625 0.403823434375 0.6207044203125001 0.41150794218750003 0.6323270015625 0.41291496875 0.65227808125 0.4220462453125 0.6833544953125 0.4229504765625 0.695039225 0.42222162343749997 0.706024728125 0.4188003109375 0.709256665625 0.41461897031249995 0.70705023125 0.41027939062499996 0.69556748125 0.4040666296875 0.6629372453125 0.4031171859375 0.65047560625 0.403823434375
0 0.542282896875 0.327459465625 0.5136925812500001 0.3212833484375 0.48553736562500005 0.326877184375 0.4979057828125 0.329374759375 0.5085650109375 0.33716682656249997 0.513801403125 0.3442666828125 0.5143918703125 0.350696934375 0.518276421875 0.35080996249999996 0.5339544609375 0.34645634375 0.5572617734375 0.3471345171875 0.5698632453125 0.34162253593749997 0.570904284375 0.33256764375 0.5500986109375 0.32608361406249997 0.542282896875 0.327459465625
0 0.5558634484375 0.3951918546875 0.5440078125000001 0.4017943828125 0.5277548421875 0.3991837796875 0.5050069234375 0.40600379843749995 0.5025985093750001 0.40860583281249996 0.5048204796875 0.41241144375000005 0.5271489 0.4200086265625 0.5551953578125 0.4181525828125 0.574866709375 0.4101742 0.568216328125 0.3982233984375 0.5651397625000001 0.3970650359375 0.5589089406250001 0.397418159375 0.5558634484375 0.3951918546875
0 0.363873175 0.31264866874999997 0.34443488125 0.31261749375000003 0.3336202828125 0.31016513125 0.3170721109375 0.317699965625 0.3208323671875 0.322084759375 0.33080790625 0.3266503984375 0.3299067015625 0.33089955625 0.321220853125 0.33545662656249997 0.3282130484375 0.335660078125 0.33691443125 0.3305690375 0.3843681109375 0.3298121078125 0.3883148109375 0.32778925625 0.38845464218750003 0.322983521875 0.3831716421875 0.317485578125 0.363873175 0.31264866874999997
0 0.4362347875 0.39117659374999997 0.4276266265625 0.3930638125 0.4206655046875 0.3917924203125 0.411482415625 0.386715415625 0.3966900453125 0.387353846875 0.37737604375 0.38305090937499997 0.364945478125 0.382689215625 0.3299223625 0.38380783749999997 0.3212986640625 0.386229025 0.33192681875 0.395089034375 0.35585566874999996 0.40112951875 0.36985559375 0.40100245156250003 0.3729166234375 0.4026947859375 0.38847036875 0.40261293125000003 0.3948720953125 0.39638613125 0.4250939140625 0.3999376109375 0.4377109234375 0.3938916578125 0.4362347875 0.39117659374999997
0 0.203130415625 0.3052994203125 0.175239328125 0.301815759375 0.1462605890625 0.3089889015625 0.1524292609375 0.3107716609375 0.157681190625 0.31733754531249997 0.1800251484375 0.3244007578125 0.2096098890625 0.3231238953125 0.22662423281250002 0.3262910734375 0.2329016625 0.324336040625 0.2384954046875 0.3191545765625 0.23254425156249997 0.30989623437499997 0.221729653125 0.3074438703125 0.21717694999999998 0.30357044218749996 0.203130415625 0.3052994203125
0 0.1567335 0.3766308671875 0.161969890625 0.383730721875 0.15169915 0.38931052187500004 0.15163700156249998 0.391446403125 0.1648134046875 0.39289864375 0.1778810484375 0.3980886734375 0.19879548125 0.40083491093749996 0.21832699843749998 0.3976622640625 0.23175199218750003 0.39057097500000004 0.233399034375 0.38741236562500003 0.22138796562500002 0.372633471875 0.14596551093750001 0.37257659374999996 0.1567335 0.3766308671875
0 0.1760010765625 0.46269909531250003 0.20171680468750003 0.46077523437499995 0.21863792656249997 0.467146234375 0.22499304062499997 0.46252134843750004 0.24141691718749997 0.4592582765625 0.243965165625 0.451850509375 0.24018937187499997 0.44799968593750006 0.21476884843750002 0.439778109375 0.19929278749999998 0.4371901125 0.1783317453125 0.43604578437499997 0.1491821015625 0.449092603125 0.1760010765625 0.46269909531250003
0 0.20061368124999998 0.4986871328125 0.184935640625 0.5030407515624999 0.17015880625 0.5031452125 0.1574330390625 0.51292895625 0.15799243125 0.5204271484375 0.1531911359375 0.5250972468749999 0.1780211953125 0.5268885734375 0.2007691125 0.5200685546875 0.2179077515625 0.518963971875 0.22347041875 0.5148504484374999 0.22519514687500003 0.5090219859375 0.2222118015625 0.5046597984375001 0.2129821 0.50118470625 0.20061368124999998 0.4986871328125
0 0.19248722812500002 0.51074239375 0.19234739375 0.5155481265625 0.1976925453125 0.518910190625 0.206362853125 0.5148870921875 0.20038062656250002 0.5066966875000001 0.1957502375 0.5054931125000001 0.19248722812500002 0.51074239375
0 0.21787680312500002 0.573474165625 0.20776143125000002 0.5737142609375 0.198547265625 0.569705196875 0.1969468328125 0.5712618984375 0.166662865625 0.5698463015625 0.1487162421875 0.571996221875 0.1454998421875 0.575643590625 0.1460695953125 0.5827858015625 0.1412268671875 0.588879821875 0.1760946125 0.5931009046875 0.2166027109375 0.5905386109374999 0.2213263203125 0.5885383656250001 0.2253973140625 0.5822437484375 0.223998865625 0.5768588328125 0.21787680312500002 0.573474165625
0 0.5449870171875 0.52848100625 0.53274289375 0.52171166875 0.5225964484375 0.5230197046875 0.5056131781250001 0.518784584375 0.48754225937499995 0.525206265625 0.47040362187499996 0.5263108515625 0.4656644734375 0.5288450671875 0.4655867890625 0.5315149203125 0.476137259375 0.5430447796875 0.4961349484375 0.5505741453125 0.5008119468750001 0.550175809375 0.508643196875 0.548265984375 0.5158529093750001 0.5409938515625 0.5385076062499999 0.53737765625 0.5456551671875001 0.5322414046875 0.5449870171875 0.52848100625
0 0.4623394390625 0.5896724828125001 0.470077471875 0.59096648125 0.4745991 0.5959078515625 0.46987549062499995 0.597908096875 0.47214407343750003 0.6001117953125 0.4914580734375 0.6044147343749999 0.5078042671875 0.603821515625 0.52343569375 0.6010698078125001 0.545437775 0.5931592421875 0.5464011296875 0.5867742046875 0.541102590625 0.5818102281249999 0.529464471875 0.5809371718749999 0.4623394390625 0.5896724828125001
0 0.489360084375 0.4627317296875 0.5154332234375001 0.47524767343749996 0.5347627593750001 0.479016640625 0.5558480984374999 0.4758892046875 0.5637259625000001 0.4723774703125 0.5653730046875001 0.4692188578125 0.561643821875 0.463766125 0.537668359375 0.4593275546875 0.5285474140625 0.4521146671875 0.5215707593750001 0.451377246875 0.504199065625 0.46049138593750005 0.489360084375 0.4627317296875
0 0.3530122828125 0.4454038515625 0.3462324484375 0.44680984375 0.3117117375 0.44847750781249995 0.31391817187500004 0.4528170875 0.3254941421875 0.4558260265625 0.33851517656249996 0.46261797031249996 0.3794894453125 0.47075769218749997 0.3989898890625 0.46865298437499997 0.3938001078125 0.45995121718750004 0.3684261953125 0.450127728125 0.3594295453125 0.43864308125000007 0.3530122828125 0.4454038515625
0 0.7646806765624999 0.0864929671875 0.7559637578125 0.09211797968749999 0.733293525 0.0962681453125 0.733169228125 0.10053990937499999 0.7377685421875 0.102811425 0.7835130312499999 0.1073489859375 0.8076438640625 0.1064478546875 0.8219389890625 0.0961753515625 0.824425090625 0.090903465625 0.8222186546874999 0.086563884375 0.814542771875 0.083134003125 0.805250921875 0.08179479375000001 0.7646806765624999 0.0864929671875
0 0.7990824390625 0.16017541562499998 0.787755059375 0.14862295 0.782736246875 0.160768634375 0.7540837859375 0.1567283984375 0.7422592234375001 0.1622629859375 0.728197153125 0.16452593437500002 0.741233721875 0.1707839078125 0.743362471875 0.17779334062500002 0.7486920859375 0.181689371875 0.77426798125 0.1845712453125 0.80717788125 0.1759092203125 0.811202265625 0.1712165140625 0.8105962625 0.1653202359375 0.7990824390625 0.16017541562499998
0 0.61961601875 0.1015112265625 0.6374228093750001 0.104167040625 0.6489677046875 0.10824392187500001 0.6965767546875 0.10214728749999999 0.7036932453125 0.0980789765625 0.7046721359375 0.0911599671875 0.6962970281249999 0.085037628125 0.6684214749999999 0.081019996875 0.640188575 0.0892836859375 0.6220710453125 0.09730728125 0.61961601875 0.1015112265625
0 0.5362690296875 0.0798468671875 0.5160848953125 0.078725146875 0.49571432031249996 0.0840110703125 0.4793370546875 0.08567223125 0.4845268375 0.0943739984375 0.4969729390625 0.0942017203125 0.5146865093749999 0.10006135625000001 0.54733228125 0.100476828125 0.5724730765625 0.091588746875 0.5727216687500001 0.0830452203125 0.567438665625 0.0775472765625 0.5589392625 0.0756967015625 0.5362690296875 0.0798468671875
0 0.40534406250000005 0.0632112 0.3920589015625 0.065496753125 0.3741899640625 0.0649768203125 0.35796806875 0.06129827812500001 0.3437040171875 0.070502840625 0.33431894375 0.07236745312500001 0.336401084375 0.08097879687500001 0.36039208437500003 0.08488339687499999 0.3686428953125 0.0952774984375 0.38907561875 0.08785569374999999 0.403852453125 0.0877512328125 0.4140921203125 0.083239375 0.4292263046875 0.07085359375 0.4122119609375 0.067686415625 0.40534406250000005 0.0632112
0 0.25446814375 0.09088650781249999 0.24716515 0.0746413375 0.2301974171875 0.069872246875 0.2045438390625 0.06966022656250001 0.1875605703125 0.06542510781250001 0.1865428359375 0.0736790421875 0.173902521875 0.08052595 0.17222440625 0.084752503125 0.1760001984375 0.0886033234375 0.1906527375 0.092770628125 0.1990278453125 0.0988929640625 0.2083663046875 0.0986302640625 0.2225837453125 0.0910276125 0.232621434375 0.0934573671875 0.23324297343749997 0.098819678125 0.23732950625 0.09199109375 0.25446814375 0.09088650781249999
0 0.21483030625000002 0.1437098359375 0.19548522968749998 0.1404748390625 0.1913831625 0.147837396875 0.1772589421875 0.1522362265625 0.1677495765625 0.158372603125 0.155241325 0.16068076250000002 0.1590171171875 0.1645315828125 0.1783311171875 0.168834521875 0.21322993750000002 0.1719876625 0.2326682328125 0.1720188359375 0.24525416875 0.167040825 0.2438557171875 0.1616559109375 0.2470410421875 0.15907648125 0.24031297812500002 0.14979553125 0.21483030625000002 0.1437098359375
0 0.18673742499999998 0.2273311703125 0.1658851421875 0.2224490515625 0.1548530265625 0.227472275 0.1337366125 0.231667653125 0.156764259375 0.24195729375 0.169148215625 0.2439208984375 0.1821226359375 0.2523147515625 0.193838440625 0.25051795625 0.20303706875 0.255060990625 0.225816059375 0.24717302968750002 0.22985598281250003 0.24194635468749998 0.2238737515625 0.23375595312500003 0.19689940625 0.225489165625 0.18673742499999998 0.2273311703125
0 0.312705725 0.2539766421875 0.3313826484375 0.253451240625 0.364634425 0.25976299375 0.37532472656250004 0.2664871171875 0.398165865625 0.25646327812499997 0.3929916234375 0.24722754062500002 0.372931784375 0.2418340578125 0.36048568125 0.242006334375 0.33416395 0.2380339140625 0.3028389453125 0.2456732109375 0.312705725 0.2539766421875
0 0.391157884375 0.1499092890625 0.3865274984375 0.1487057140625 0.3800946953125 0.156000453125 0.3537729640625 0.1520280359375 0.3326254796875 0.157291353125 0.3363546609375 0.1627440859375 0.3532447078125 0.170183028125 0.35155105625 0.17494355156250002 0.3538196390625 0.1771472515625 0.3663589625 0.17377115 0.4005119453125 0.1758337453125 0.4115129859375 0.1718784625 0.413952475 0.1682084875 0.39185711093750003 0.15260174843750002 0.391157884375 0.1499092890625
0 0.5816252828125 0.1778970703125 0.5795897546875 0.1676838140625 0.5664910375 0.1635617234375 0.545452309375 0.16508725 0.5370461265625 0.16003285312499999 0.5285311874999999 0.1587162484375 0.5018987171875 0.16542323750000001 0.51190533125 0.168920934375 0.5094347671875 0.17365885 0.5015258296875 0.1782385265625 0.5021784453125 0.18253289687500002 0.5231239515625 0.18421119218749998 0.5315145953125 0.1897995609375 0.5369374328125 0.190491771875 0.5487775296875 0.1844232140625 0.576047078125 0.1825445640625 0.5816252828125 0.1778970703125
0 0.6246194828125 0.170062890625 0.6220556953124999 0.1780046296875 0.6352165609375 0.17999084062499998 0.6420999968750001 0.183932084375 0.6685304859375 0.1841667125 0.690548103125 0.1757221765625 0.6929875937500001 0.17205220000000002 0.6908122328124999 0.16664467968750002 0.66150715625 0.1583100734375 0.6444306656250001 0.157278775 0.6386970890625 0.167265971875 0.6246194828125 0.170062890625
0 0.67370485625 0.2468447015625 0.6558203796875001 0.24685873906250003 0.6418981421875001 0.244315953125 0.6283799265625001 0.2546110625 0.6165864390625 0.2590777109375 0.6164776796875 0.262815503125 0.6210459203124999 0.2661549609375 0.616974925 0.272449575 0.6247595640625 0.2721416625 0.6280070390625 0.26742635312499996 0.63509245625 0.2644259828125 0.6824373765625 0.2674068453125 0.6883107828125 0.252613915625 0.6837425421875001 0.2492744578125 0.67370485625 0.2468447015625
0 0.5436966953125 0.25214703125 0.5171419109375 0.25618417031249996 0.5068711703125001 0.26176396875 0.49204772500000005 0.26347034062499997 0.49190789218750003 0.268276075 0.4956681484375 0.2726608671875 0.5088290140625 0.2746470765625 0.5190065328125 0.2722711 0.539206203125 0.2728588515625 0.567283734375 0.26993486718750004 0.576047265625 0.26270794375 0.575425725 0.2573456328125 0.5693347390625 0.25289302343750003 0.5436966953125 0.25214703125
0 0.6554476203124999 0.3131162828125 0.6350770421874999 0.31840220625 0.6216831234375 0.324425553125 0.61127255 0.33481108593750003 0.615110490625 0.336526025 0.6454566046875 0.335805740625 0.661818334375 0.33467855156250004 0.67047310625 0.331189421875 0.6805574046875 0.3320172671875 0.6876583562499999 0.328482925 0.6909369062499999 0.322699675 0.6856539015625 0.3172017296875 0.6779469453125 0.314839790625 0.6554476203124999 0.3131162828125