0 0.9688242546874999 0.14398319531249998 0.9676715421875001 0.1649175703125 0.96777053125 0.191027659375 0.9890409078125 0.2108164859375 0.98979175 0.20162950781250003 0.9863933015624999 0.1953990953125 0.982911228125 0.176531225 0.98881219375 0.13165103125 0.983403515625 0.1226955625 0.9741339421875 0.1268285734375 0.9688242546874999 0.14398319531249998
0 0.9004850171875001 0.11952963593749999 0.89420434375 0.1349041390625 0.8915422609375 0.1674761515625 0.898908278125 0.19346449375000002 0.9033382874999999 0.193903528125 0.9057503859375 0.1848811875 0.9128808953125 0.186429796875 0.9136317375 0.17724281875 0.9093382453125001 0.175133425 0.90676658125 0.165617171875 0.9136615796875001 0.14272605 0.913987509375 0.125077515625 0.9101718249999999 0.1171218625 0.905256321875 0.11579277031249999 0.9004850171875001 0.11952963593749999
0 0.8109743999999999 0.10139734062500001 0.8045725734375001 0.131914840625 0.8074326375 0.151563009375 0.8113165796875 0.15868348125 0.818924896875 0.154385834375 0.823203025 0.1430225921875 0.8299162984375 0.1428459609375 0.825736275 0.11885725625000002 0.8284290890625 0.1132305140625 0.8286944406250001 0.103153478125 0.8243932624999999 0.0943077671875 0.81954601875 0.0921434921875 0.8109743999999999 0.10139734062500001
0 0.9546486375000001 0.27644751093750003 0.94977155 0.30880000625 0.9522903203125 0.33262407656250004 0.9652390593750001 0.3381170765625 0.9693883515625 0.3351605125 0.9736963234375 0.2892805 0.9717389890625 0.2722476296875 0.9606639609375 0.27115004374999996 0.9546486375000001 0.27644751093750003
0 0.8949569640625 0.24864124062499998 0.8918315484375 0.239070109375 0.8826302343749999 0.24236793906249998 0.87765415625 0.2486103453125 0.8704784390625001 0.26810586718749996 0.8676721546874999 0.295611921875 0.8734451765625 0.3206004453125 0.8755919234375 0.3216551421875 0.8782164781249999 0.31686358124999997 0.8785500890625 0.3059513640625 0.8833819671875001 0.2946430015625 0.886271875 0.279774403125 0.8915969296874999 0.27609241562500003 0.89679315 0.2808171078125 0.8972709609375 0.2749708484375 0.8942214859375 0.27130085312499996 0.8926890656250001 0.2627295390625 0.8949569640625 0.24864124062499998
0 0.79746350625 0.23661215468750002 0.7933295796875 0.25304135625 0.7936256609375001 0.26990959062500003 0.791016471875 0.2881737875 0.7948475203124999 0.30960207500000003 0.796440515625 0.3106018921875 0.8027288734375 0.30196370625 0.8079626203125001 0.278907946875 0.8166101828125001 0.2755552375 0.8158362890624999 0.2645332625 0.8108900531250001 0.23625889687499999 0.8028568203124999 0.2320949890625 0.79746350625 0.23661215468750002
0 0.9446905718749999 0.40512008125000004 0.9410651874999999 0.44264829531250005 0.946269090625 0.454109303125 0.9562289312500001 0.4483608125 0.9610761765625 0.45052508593749996 0.9660744171875001 0.4030295953125 0.9635710109375 0.39267816093749996 0.96156078125 0.389953103125 0.9525642421875 0.390745396875 0.9446905718749999 0.40512008125000004
0 0.8672634921875 0.362085040625 0.860945290625 0.4052399953125 0.8663539703125 0.4141954640625 0.8708752875 0.43400827187499996 0.8772319046874999 0.4245349078125 0.8876465046875 0.392731203125 0.8874715734375 0.3607199734375 0.87805011875 0.353050709375 0.8725126046874999 0.3525019171875 0.8672634921875 0.362085040625
0 0.782190565625 0.3511281 0.7741803796875 0.3671731453125 0.77364199375 0.3805909 0.7695763234374999 0.396184921875 0.7758117890625 0.40185455000000003 0.777488409375 0.415491825 0.7837161906250001 0.4144251375 0.7954430703125001 0.3802256515625 0.7924541734375 0.368984159375 0.7946538125 0.355731040625 0.7924993828125 0.3479400265625 0.7869618703125 0.34739123437499997 0.782190565625 0.3511281
0 0.7261216140625 0.10140749687499999 0.725409184375 0.1442760625 0.730886121875 0.15239635468749999 0.7322897078125 0.1693743453125 0.7390558734375 0.1548899 0.7393818015625 0.1372413671875 0.7455259578125 0.1235372234375 0.7462691203125 0.10761392656249999 0.743833971875 0.0964273140625 0.748726428125 0.077547453125 0.735299878125 0.07790071093749999 0.730119025 0.08664865625 0.7261216140625 0.10140749687499999
0 0.7140091203125001 0.2222890546875 0.7089724656249999 0.23610295625000002 0.7057643140625001 0.27535640781250004 0.71477621875 0.2880367515625 0.7160432875 0.306685103125 0.7220432421874999 0.2879150015625 0.7273000390625 0.28506819375000003 0.7289536109375 0.27849651249999996 0.728862303125 0.25912274062499996 0.7265030984374999 0.2538372671875 0.7275269765625 0.2413095671875 0.7332615812500001 0.2326165046875 0.7340806843750001 0.22259434531250002 0.7294987890625 0.2103530375 0.7244467703125 0.21069430156250002 0.7140091203125001 0.2222890546875
0 0.7005689828125 0.33209375625000004 0.6982251421875 0.340280915625 0.6939018046875 0.3726882921875 0.6991210734375 0.397621934375 0.703695284375 0.40312692656250004 0.7037029671874999 0.409863246875 0.7071543109375 0.4017858421875 0.70658519375 0.388258328125 0.7121150234375 0.3820708015625 0.7107114359375 0.3650928109375 0.717614121875 0.34893800625 0.7178112140625 0.33969615000000003 0.7155202671875001 0.33357549531249997 0.7059622953125 0.3275765890625 0.7005689828125 0.33209375625000004
0 0.6341178875 0.34739871093749997 0.6299541171875 0.39834468125 0.633754434375 0.3928276984375 0.6406801671875 0.396881846875 0.6423567875 0.410519121875 0.64650608125 0.40756255625 0.648023134375 0.402661234375 0.6448217781250001 0.387188965625 0.6456408796875001 0.3771668078125 0.6537875843750001 0.3594514015625 0.651709096875 0.357561525 0.6524599390625 0.3483745484375 0.655433471875 0.346143403125 0.6541135109375 0.34180286875 0.6446161140625 0.3282324640625 0.639086284375 0.334419990625 0.6341178875 0.34739871093749997
0 0.64582945 0.21637408749999998 0.64288665 0.2455505015625 0.6460880078125 0.261022771875 0.6486519875 0.26380270625 0.6520427546875001 0.263296803125 0.66136521875 0.24485597656250002 0.6620401203124999 0.2297678609375 0.66583275625 0.2175145609375 0.6645656875 0.1988662078125 0.6592329484375 0.195811875 0.6551519140625001 0.19793326093750002 0.64582945 0.21637408749999998
0 0.665254178125 0.0743266484375 0.65967145625 0.0948219890625 0.657062265625 0.1130861859375 0.657494865625 0.1282840609375 0.6683804828125 0.14535981874999998 0.6706637468750001 0.1447441578125 0.6705801218749999 0.1321067 0.67451695625 0.1249193578125 0.6788479765625001 0.0992483015625 0.677179040625 0.0923473453125 0.6799930062499999 0.0715776078125 0.6762455796875 0.06278677656250001 0.670988784375 0.06563358281250001 0.665254178125 0.0743266484375
0 0.6631535296875 0.11368985625000001 0.6676518 0.1132937109375 0.6701398390625 0.11017250781250001 0.6694418875 0.105051671875 0.6622431203125 0.104338240625 0.6607260671875 0.10923956093750001 0.6631535296875 0.11368985625000001
0 0.5870833046875 0.09503487656250001 0.5855893015625 0.12014515156250001 0.5899212109375 0.15593613125 0.5912940640625 0.14596885312500002 0.598401521875 0.1273085109375 0.601997065625 0.1242970671875 0.60464378125 0.07825241875 0.60227689375 0.066230625 0.5928025453125 0.072869175 0.5870833046875 0.09503487656250001
0 0.58904305 0.187171853125 0.581594296875 0.2100080953125 0.5778247125 0.24247035 0.573341809375 0.2563391296875 0.5777035609375 0.2576133453125 0.58613098125 0.2432935390625 0.5925635406249999 0.2397213125 0.5960071984375 0.224907590625 0.60270510625 0.21125832656250002 0.6029022 0.20201647031249997 0.5983126234375 0.1830388421875 0.59270685 0.1833252296875 0.58904305 0.187171853125
0 0.5747155515625 0.3078338921875 0.57217461875 0.3252629109375 0.5805346703125001 0.3732403234375 0.5932103734374999 0.3820740453125 0.598588321875 0.3640842421875 0.5920038796875 0.35585419375 0.5895985765625 0.3101508125 0.582733421875 0.298525165625 0.5786523859375 0.3006465515625 0.5747155515625 0.3078338921875
0 0.5508300796875 0.422497028125 0.549624475 0.45773921875 0.555116778125 0.47933214375000005 0.557263525 0.4803868390625 0.5606542906249999 0.47988093593750003 0.5647199609375 0.46428691562499996 0.569354746875 0.4622204109375 0.5775244984375 0.46471395781249997 0.57461154375 0.4593736046875 0.568034784375 0.4578798734375 0.5640066421875 0.4456934421875 0.5658419390625 0.41640726875 0.5609870140625 0.40750667968750004 0.5565570015625 0.40706764531250006 0.5508300796875 0.422497028125
0 0.5162457375 0.3197201078125 0.5106101203125 0.3545232640625 0.5126357171875 0.37072095625 0.515199696875 0.3735008921875 0.5219658640625 0.35901644843749997 0.5233310359375001 0.3423128515625 0.5279581390625 0.33351002812499997 0.530643271875 0.32114696875000004 0.5300818359374999 0.31435577187499997 0.526266153125 0.30640011875 0.5229436453125 0.30607084218749997 0.5162457375 0.3197201078125
0 0.5191040250000001 0.21644419843749998 0.5176177015625 0.24829079062499998 0.5219794531249999 0.249565003125 0.532348846875 0.2388054328125 0.5392361640625001 0.20917799218750002 0.5406619109374999 0.1849029 0.5314529140625 0.18146441093750001 0.5232379500000001 0.2000149984375 0.5191040250000001 0.21644419843749998
0 0.5317472203125 0.0754085671875 0.5272796828125 0.102749984375 0.5278564828125 0.1230138171875 0.5322864953125 0.12345284999999999 0.5424511109375 0.11519882031249999 0.5439451140625 0.0900885453125 0.5487010531250001 0.0728790453125 0.5472368921874999 0.06347255 0.5412821437499999 0.06119851875 0.5383086109375 0.0634296625 0.5317472203125 0.0754085671875
0 0.47960329062499996 0.050876145312499996 0.475568353125 0.0934154375 0.4799608375 0.121634921875 0.48424664687499996 0.117007996875 0.48416302343749995 0.1043705421875 0.48940445312499997 0.08805110000000001 0.4942440140625 0.0834790546875 0.4908301984375 0.06377600624999999 0.4926126046875 0.0487976484375 0.49018514062499996 0.044347353125 0.481947128125 0.042688984375 0.47960329062499996 0.050876145312499996
0 0.4328151453125 0.049607009375 0.42840818281250004 0.069376928125 0.4274073546875 0.10211357968749998 0.42907629218750004 0.10901453593749999 0.43453786250000004 0.1036621890625 0.43632795 0.09542014843749999 0.44317005781249996 0.08683684375 0.44701558593749996 0.0602757265625 0.4455437421875 0.044132912499999996 0.4431162796875 0.039682618749999995 0.438618009375 0.0400787640625 0.4328151453125 0.049607009375
0 0.370992090625 0.0342186765625 0.36532574375000004 0.0420765640625 0.36243583749999997 0.056945160937499996 0.36107834843750003 0.080385075 0.3653872078125 0.0959671046875 0.37521053125 0.0918889734375 0.38008761875 0.059536478125 0.378539834375 0.037492525 0.37555861875 0.032987353125 0.370992090625 0.0342186765625
0 0.46140873281249994 0.1915324140625 0.451965115625 0.2251162359375 0.4526707515625 0.236973390625 0.456418178125 0.2457642234375 0.4616067140625 0.24375259531250001 0.46429184531249995 0.2313895359375 0.473902709375 0.2230806265625 0.47499484843750006 0.20971774999999998 0.4800391859375 0.202640165625 0.4800238171875 0.1891675296875 0.47599567499999995 0.1769810984375 0.47114843124999994 0.1748168265625 0.46140873281249994 0.1915324140625
0 0.43724015468750005 0.31104835625 0.434517496875 0.3511918671875 0.4420123484375 0.36877353125 0.4451983390625 0.3707731671875 0.450174415625 0.36453076093750003 0.4569934765625 0.33573850312500003 0.46183303750000004 0.3311664578125 0.4549525140625 0.306068175 0.45653014531249997 0.29359535625 0.45319995312500005 0.2865297625 0.44683565468750003 0.289266809375 0.43724015468750005 0.31104835625
0 0.388678159375 0.30960342343749997 0.389050184375 0.3323727953125 0.39715936093750004 0.342437840625 0.3992301671875 0.33759139843749997 0.39817555625 0.32317382656250004 0.40250657500000003 0.2975027671875 0.4069212203125 0.284469165625 0.40629152656249995 0.27851315 0.39825829218750003 0.2743492421875 0.39577025312499997 0.27747044375 0.388678159375 0.30960342343749997
0 0.40339984375000004 0.17045766874999999 0.40240669687499997 0.2099306375 0.4042198359375 0.2218975515625 0.41038703906249996 0.22840236093750002 0.41466516875000003 0.21703911874999998 0.41767622656250003 0.1870275234375 0.416416840625 0.175115490625 0.41266941562500004 0.1663246578125 0.40733667812499996 0.1632703265625 0.40339984375000004 0.17045766874999999
0 0.346226940625 0.1664754671875 0.34329182343750003 0.2023882 0.350718415625 0.22080504374999999 0.35864497812499996 0.1921225421875 0.361034028125 0.1628912484375 0.35631561562499997 0.1523202984375 0.35209038125 0.14937572500000001 0.346226940625 0.1664754671875
0 0.3329762125 0.26030199375 0.32977574375 0.30629176406249997 0.330822671875 0.31397301875 0.334425896875 0.31769789375 0.3412074296875 0.316686084375 0.345985528125 0.2582234984375 0.3436263234375 0.2529380234375 0.33912805156250003 0.25333416875000003 0.3329762125 0.26030199375
0 0.2678537 0.2647933421875 0.2634467390625 0.2845632609375 0.26284009531249997 0.298816196875 0.269090925 0.3179584609375 0.2797785609375 0.28281403906249997 0.284101896875 0.2504066640625 0.2782154078125 0.247297453125 0.27399785625 0.25108919687500003 0.2678537 0.2647933421875
0 0.2757870578125 0.1813851171875 0.2756735890625 0.2032644296875 0.285512278125 0.212658934375 0.28848581093750003 0.210427790625 0.29605571249999996 0.17244855312500001 0.297701603125 0.1591405546875 0.295896146875 0.15390995937500002 0.28924344999999996 0.1465150921875 0.28343290312499997 0.14930701875000002 0.2757870578125 0.1813851171875
0 0.3055052359375 0.0226769703125 0.2982612609375 0.0430076734375 0.2947493421875 0.058656571874999994 0.29545497656249997 0.070513728125 0.29942254375 0.09027165468750001 0.3034430015625 0.09572176875 0.3113849296875 0.08051190312499999 0.3103985796875 0.0652591484375 0.317983846875 0.0407525484375 0.32109389843749997 0.036851045312500004 0.32088143750000003 0.032620265625 0.3155333359375 0.0160932984375 0.31048131562500003 0.016434565625 0.3055052359375 0.0226769703125
0 0.23601417656249998 0.0806198234375 0.2468989046875 0.03623354375 0.24646630468750003 0.02103566875 0.2392511328125 0.006961496875000001 0.2350150765625 0.006838240625 0.23302439062500002 0.0079162921875 0.2288145234375 0.01844435625 0.225674628125 0.0568626265625 0.23601417656249998 0.0806198234375
0 0.2178854703125 0.1453368078125 0.21436587031249998 0.15424938906250002 0.21052802656249997 0.1875468234375 0.2131756328125 0.202964215625 0.21871314531250002 0.20351300781249998 0.2236132828125 0.1913694640625 0.2309707265625 0.1491594484375 0.229719025 0.14398373281250001 0.22272503281249997 0.1407647609375 0.2178854703125 0.1453368078125
0 0.20791493593750002 0.2495917515625 0.2030147984375 0.26173529375000004 0.198539578125 0.28234039375000003 0.199943165625 0.29931838593750004 0.20369058906249998 0.3081092171875 0.21213337499999999 0.307262046875 0.217564215625 0.2749644296875 0.21829969375 0.25230481562499996 0.2176017421875 0.2471839796875 0.2121324875 0.24580000625 0.20791493593750002 0.2495917515625
0 0.14872891093750001 0.2538294859375 0.1427972109375 0.2717644078125 0.136668421875 0.2989411859375 0.142646215625 0.321424171875 0.1556247984375 0.2924004046875 0.161260415625 0.25759724687499996 0.15793022343750002 0.25053165312500003 0.1523927109375 0.24998286093750002 0.14872891093750001 0.2538294859375
0 0.147195603125 0.1837961296875 0.154902909375 0.2056085734375 0.1607894 0.20871778281250003 0.1663192296875 0.20253025781249998 0.17721163906249998 0.164880296875 0.1778942265625 0.15652849687499998 0.175603278125 0.1504078421875 0.166318340625 0.1410682203125 0.157746721875 0.15032206875 0.147195603125 0.1837961296875
0 0.176845521875 0.025923160937500002 0.17654264375 0.0637806515625 0.1831347671875 0.078747015625 0.1891500921875 0.07344955 0.192350559375 0.02745978125 0.1910305984375 0.0231192421875 0.1810553921875 0.0153951 0.176845521875 0.025923160937500002
0 0.11896787499999999 0.0715458453125 0.12006769375 0.0649192859375 0.123799753125 0.06023748125 0.134321028125 0.061280187500000007 0.1342450859375 0.05537905 0.12690211875 0.0495996609375 0.12640126093749998 0.0352369671875 0.127978890625 0.0227641484375 0.13329626249999998 0.012345845312500001 0.1314790828125 0.00382565 0.11434047812499999 0.00332696875 0.109075403125 0.0149971171875 0.1044636671875 0.037272575 0.1106692875 0.077458975 0.11896787499999999 0.0715458453125
0 0.0539059375 0.06846569531249999 0.063038990625 0.0660030421875 0.0649732796875 0.0628269625 0.0679843390625 0.0328153671875 0.0723989828125 0.019781765625 0.07204232499999999 0.010485028125 0.069703771875 0.002028171875 0.057509628125000004 0.0016733593750000002 0.054458799999999995 0.007058534375 0.0475868484375 0.0501586078125 0.050105618750000004 0.073982678125 0.0539059375 0.06846569531249999
0 0.0897871921875 0.155374196875 0.087413509375 0.19807812656249998 0.0912291921875 0.20603377812499998 0.09828376093749999 0.20168124999999998 0.10712073281250001 0.182350365625 0.11103451718749999 0.15495406875 0.106384365625 0.14354793906250002 0.0993221171875 0.1411641484375 0.0897871921875 0.155374196875
0 0.0417396609375 0.1421930265625 0.0370827140625 0.18551261875 0.043470062500000003 0.2029845234375 0.04755878125 0.20759945625 0.049910303125 0.2061486140625 0.054393206250000006 0.19227983125 0.06071140781249999 0.149124878125 0.059527962499999997 0.1431139828125 0.047406009375 0.13433514062500002 0.0432567171875 0.13729170625 0.0417396609375 0.1421930265625
0 0.0802156296875 0.25882673437500003 0.08175573281250001 0.27413436875 0.0797762359375 0.298354584375 0.08608764062499999 0.30992535 0.0867173328125 0.31588137031249997 0.0995969265625 0.260747509375 0.097161778125 0.249560896875 0.0936268125 0.24500084218749998 0.08739903125000001 0.24606752968749998 0.0802156296875 0.25882673437500003
0 0.023138449999999998 0.25367331718749997 0.0179960109375 0.2961028484375 0.0186939609375 0.3012236875 0.022782679687499998 0.305838621875 0.0334779984375 0.2774305140625 0.03538155625 0.24730916249999998 0.032051365625 0.24024356875000002 0.0292143484375 0.240804353125 0.023138449999999998 0.25367331718749997
0 0.943517459375 0.5068791109374999 0.9396412 0.50649495625 0.934528603125 0.5144077203124999 0.9319799890624999 0.5251004218750001 0.9291131296874999 0.560177971875 0.9307214921875 0.5746504265625 0.9406514890625 0.6034187046875 0.9514304328125001 0.5876480546875 0.9464236203124999 0.5669451890625 0.9524841531250001 0.5406035874999999 0.9503979828125001 0.53197739375 0.9521121296875 0.517834215625 0.943517459375 0.5068791109374999
0 0.845183475 0.481978771875 0.8408755046874999 0.52785878125 0.8423703984375001 0.5642105484375 0.8474906765625001 0.5630341015625 0.8489394718750001 0.5589679609375 0.855887365625 0.5217690234375 0.8619632640624999 0.5089000593749999 0.8612422640625 0.48357026875000003 0.8589436328125 0.47071329687499996 0.8490520515625001 0.475626609375 0.845183475 0.481978771875
0 0.7686821687500001 0.46176798124999996 0.765579803125 0.4724058015625 0.7643741984375 0.507647990625 0.7713229796875 0.53191109375 0.77360624375 0.53129543125 0.7762154359375 0.5130312359375 0.784028528125 0.506228046875 0.7803189265625 0.49014410937499997 0.785848459375 0.4634692375 0.78043978125 0.4545137671875 0.774834009375 0.45480015625 0.7686821687500001 0.46176798124999996
0 0.6862491671875001 0.4594921140625 0.684838784375 0.49723984374999997 0.6936689625 0.532634678125 0.700169778125 0.528227271875 0.701959865625 0.51998523125 0.7028088109375 0.47544630468750004 0.7069427390625 0.45901710625 0.704515275 0.45456681093749995 0.6993873140625 0.4490069375 0.6916347968750001 0.4482386296875 0.6862491671875001 0.4594921140625
0 0.6271266093750001 0.44521335625 0.622567765625 0.4531810015625 0.6172580765625 0.470335621875 0.6162341984374999 0.4828633203125 0.6165225984375 0.4929952359375 0.6219389609375 0.5086870218749999 0.6253979843749999 0.5073459390624999 0.626694896875 0.4914775234375 0.6304192734375 0.48005940156250004 0.6384371437499999 0.470750675 0.641539509375 0.4601128515625 0.645688803125 0.4571562875 0.6463637046875 0.4420681734375 0.645112003125 0.43689245468750004 0.6361154640625 0.43768474843750005 0.6271266093750001 0.44521335625
0 0.49373311875 0.4244159640625 0.49107871875000003 0.4637242953125 0.4983005359375 0.484646678125 0.5019336046875 0.453854784375 0.5107628921875 0.4277875796875 0.5099207421874999 0.417600784375 0.5043072875 0.4111508546875 0.50036276875 0.41160188125 0.49373311875 0.4244159640625
0 0.43864638749999996 0.42905995781249995 0.43499027031250004 0.43964289843750004 0.4314331421875 0.47633592968749994 0.4366447296875 0.4945332578125 0.4457095265625 0.49290578749999997 0.4456941609375 0.47943315000000003 0.4497675109375 0.47057544843750004 0.452899721875 0.42542085937499996 0.4500550234375 0.419245325 0.4467325171875 0.41891605 0.43864638749999996 0.42905995781249995
0 0.3710964109375 0.4291010078125 0.372872021875 0.46884837343749997 0.37696842343750003 0.4801996234375 0.381466690625 0.479803478125 0.38360575468749997 0.47412185781250005 0.3871705640625 0.44416514218750003 0.3907584234375 0.43441738125 0.391236234375 0.42857112031250005 0.38887702968750004 0.423285646875 0.3777260609375 0.416286925 0.37475252812500004 0.418518065625 0.3710964109375 0.4291010078125
0 0.3263108140625 0.42382061093749995 0.3229661453125 0.464744421875 0.326296334375 0.471810015625 0.3341853703125 0.4709079640625 0.3334874203125 0.465787128125 0.3399651875 0.441170765625 0.339813303125 0.42936849062500004 0.3344728828125 0.41957783906249996 0.3294208625 0.41991910781249997 0.3263108140625 0.42382061093749995
0 0.274318765625 0.4110904640625 0.2690696515625 0.42067358749999995 0.2664911921875 0.46588305625000004 0.2687898234375 0.4787400296875 0.2726737640625 0.4858605015625 0.28047149375 0.46558467812500004 0.284293971875 0.41881460937500004 0.2825567765625 0.41274883281249997 0.27770953125000003 0.410584559375 0.274318765625 0.4110904640625
0 0.1919463375 0.4012431 0.1844600578125 0.4518597921875 0.1910521796875 0.46682615937499994 0.1978337140625 0.46581435000000004 0.2094087125 0.41981258906249996 0.2097423203125 0.40890037343749996 0.2019061765625 0.3954946078125 0.1974079078125 0.395890753125 0.1919463375 0.4012431
0 0.1326343703125 0.4029425171875 0.1308442828125 0.4111845578125 0.12866001093749999 0.4379103125 0.13068560468749998 0.4541080046875 0.135199240625 0.46718449218749997 0.14500719687500002 0.449633725 0.1465464140625 0.40347931875 0.1450899328125 0.4008091421875 0.1361616546875 0.400766253125 0.1326343703125 0.4029425171875
0 0.0724043125 0.3885540046875 0.0686039953125 0.3940709875 0.064401809375 0.4113353671875 0.06444022499999999 0.44501695625000004 0.07490860625 0.4603674765625 0.0810527625 0.4466633328125 0.0826756015625 0.4131463828125 0.081749825 0.39032213125 0.07759285 0.38654237812500003 0.0724043125 0.3885540046875
0 0.005772428125 0.4046829890625 0.002685428125 0.42879344531249997 0.0073355796875000006 0.440199575 0.0122510828125 0.4415286671875 0.0164003765625 0.438572103125 0.0272245296875 0.401757321875 0.027694657812500002 0.38917474375 0.0174387328125 0.3780550015625 0.01204541875 0.38257216875 0.005772428125 0.4046829890625
0 0.9144963609375001 0.6925985703124999 0.9097404234375001 0.7098080703125 0.9080493265625 0.7441601999999999 0.9162267609375 0.7533900671875 0.9171371718750001 0.7627416828125 0.9199588203125 0.7487082625 0.9184946593750001 0.7393017687500001 0.9332710140625 0.708772278125 0.9320116281249999 0.6968602453125 0.9336651984375001 0.6902885640624999 0.9291515625000001 0.677212075 0.9224382890625 0.6773887015625 0.9144963609375001 0.6925985703124999
0 0.82594904375 0.6695100765625 0.8243338859374999 0.7097633453125 0.825388496875 0.72418091875 0.8292724390625 0.731301390625 0.8332169578125 0.730850365625 0.8433508406250001 0.6956510640625 0.8420231984375001 0.684574209375 0.8474770859375 0.6724855468750001 0.8489787734375 0.6541115890625 0.8401870125 0.652398340625 0.8362348109375001 0.6461130484375001 0.82594904375 0.6695100765625
0 0.73708348125 0.670806434375 0.7444947078124999 0.67575064375 0.746861596875 0.6877724359374999 0.7525433109375 0.6933871875000001 0.7606900140625 0.6756717812499999 0.7600372734375 0.6495068125000001 0.7694433609375 0.6437034390624999 0.7603708828125 0.6385945937499999 0.7524511140625 0.6125513734375 0.7439554359375 0.6277063593750001 0.7419153609375 0.659498071875 0.73708348125 0.670806434375
0 0.669123065625 0.6143965265625 0.6650881296875 0.6569358171874999 0.6664311406250001 0.6814853078125 0.6677511015625 0.6858258453125 0.675716078125 0.69082493125 0.6758602781249999 0.695890890625 0.6773773328125 0.69098956875 0.6832561359375 0.6873624640625 0.6775667421875 0.67501139375 0.681829503125 0.650175515625 0.68314178125 0.6477797359374999 0.6902722890625 0.6493283453124999 0.688034234375 0.628899875 0.684279128125 0.6133727234374999 0.6746528953125 0.608209 0.669123065625 0.6143965265625
0 0.5959673171875 0.6147239640625 0.587562946875 0.6492527234375001 0.5879349703125001 0.6720220968749999 0.599912721875 0.6757349796875001 0.609280396875 0.63625001875 0.61349795 0.6324582750000001 0.6123068218750001 0.6197110593749999 0.6055781828125 0.6064150546875 0.599213884375 0.6091521015625 0.5959673171875 0.6147239640625
0 0.537406196875 0.60723640625 0.529366165625 0.6577982203125 0.531239878125 0.6621936359375 0.5447346859375 0.6610051984374999 0.551970978125 0.6339381765625001 0.5544359703125 0.6106080203124999 0.552630515625 0.6053774265625 0.5411305703125 0.5958182843750001 0.537406196875 0.60723640625
0 0.480498940625 0.58090175 0.47597851249999995 0.6225509812500001 0.4796730453125 0.6456496281249999 0.483139753125 0.6510448609374999 0.49039909374999996 0.64418679375 0.492423803125 0.598922446875 0.4899127140625 0.581834696875 0.48527024531249996 0.577164884375 0.480498940625 0.58090175
0 0.4242890453125 0.584238765625 0.4201628015625 0.6074042828125 0.420747284375 0.634404434375 0.42469948437499994 0.6406897265625 0.42988802187499997 0.6386781 0.43415078281249997 0.6138422218749999 0.4400901640625 0.6026436187499999 0.4411823 0.589280740625 0.43459786093749997 0.58105069375 0.428506596875 0.580447021875 0.4242890453125 0.584238765625
0 0.3527791859375 0.57125820625 0.3460207015625 0.59247896875 0.3445190125 0.610852925 0.350512175 0.6468085453125 0.3520215453125 0.6351709062500001 0.3625197703125 0.6160046578125 0.36374074218749997 0.5942351046875001 0.35990969375000004 0.572806815625 0.356928478125 0.5683016421875 0.3527791859375 0.57125820625
0 0.28360636875 0.6048162078125 0.2818470125 0.6400035187500001 0.284972428125 0.649574653125 0.2967223546875 0.635584121875 0.2975943515625 0.6112541484375 0.301933053125 0.5923194078125 0.2999910828125 0.5887591703124999 0.2953486140625 0.584089359375 0.2907820859375 0.5853206859375 0.28360636875 0.6048162078125
0 0.2176041765625 0.6269012109375 0.2250077203125 0.6251091015625 0.2282542859375 0.6195372390625 0.23535406406249998 0.5941405765625001 0.23725761875 0.564019225 0.226804603125 0.5621413390625001 0.2223140171875 0.569273803125 0.2176041765625 0.6269012109375
0 0.1648257640625 0.5787314609374999 0.16022939375 0.61447955625 0.1650160625 0.6242153265625 0.1746951875 0.6150712359375 0.180475003125 0.5853340375 0.182249725 0.5636193625 0.174079971875 0.561125815625 0.1698624203125 0.564917559375 0.1648257640625 0.5787314609374999
0 0.1155005890625 0.5511106125 0.106277115625 0.59566153125 0.11072249218750001 0.6095732015624999 0.1186115265625 0.6086711499999999 0.1279263078125 0.5834940046875 0.1310815671875 0.55854836875 0.126985165625 0.5471971203125 0.119718140625 0.54731886875 0.1155005890625 0.5511106125
0 0.0447117296875 0.56345984375 0.0406767921875 0.6059991359375 0.0460095296875 0.60905346875 0.0548618671875 0.6031952171875 0.0622423625 0.5811941546875 0.0659061625 0.5773475312499999 0.067544365625 0.557303215625 0.06352390625 0.5518531015625 0.054527370312500004 0.55264539375 0.0447117296875 0.56345984375
0 0 0.582860071875 0.0001616390625 0.5826191781250001 0.00857369375 0.5548267375 0.008702528125000001 0.5464200578125 0.005304078125 0.54018964375 0 0.5396639859375 0 0.582860071875
0 0.01574528125 0.774443053125 0.0183169453125 0.7839593078125 0.021988428125 0.7868490031250001 0.0340037078125 0.762781434375 0.036461015624999996 0.732714959375 0.027320279687499997 0.72844129375 0.0195831265625 0.74114561875 0.01574528125 0.774443053125
0 0.9260586546875 0.8175102921875 0.92253905625 0.8264228749999999 0.9202182656250001 0.8548189875000001 0.923768596875 0.8728516765625001 0.9297310281250001 0.881862025 0.9360953265624999 0.879124978125 0.9394101515625 0.8727179359375 0.9428230796875001 0.8309589453124999 0.9403879312500001 0.8197723328125001 0.9325594734375 0.8131028859375 0.9260586546875 0.8175102921875
0 0.9365018078125 1 0.9359452203125 0.9902467828124999 0.9392523625000001 0.9771034234375 0.937583425 0.9702024671875 0.9336312250000001 0.9639171734374999 0.923246465625 0.9612041093749999 0.918687621875 0.9691717515624999 0.91254303125 1 0.9365018078125 1
0 0.8259312953125001 1 0.8330157343750001 0.9792040656250001 0.8302392953125001 0.9721933515625001 0.8330003687499999 0.9657314296875 0.8267495374999999 0.9465891640624999 0.8160234875000001 0.9480519984375 0.810501340625 0.9609758421875 0.807311928125 1 0.8259312953125001 1
0 0.8254201171875 0.8125882296875 0.8219005171875 0.8215008125000001 0.8212717125 0.8770068343749999 0.8291001734375 0.88367628125 0.8352443296875001 0.8699721374999999 0.8387716140625001 0.867795875 0.8366854421875001 0.859169678125 0.8424123640625 0.8437402953124999 0.8436333359375 0.8219707421875 0.8413423890624999 0.8158500875 0.8315036984375 0.8064555828125 0.8254201171875 0.8125882296875
0 0.7488787671875 1 0.748868584375 0.991071375 0.7577891828125 0.9843779453125 0.7559077859375 0.9732462109375 0.759905196875 0.958487371875 0.7499376734375 0.95749954375 0.7453634625000001 0.9519945515625 0.7377474609375 0.9495558828125 0.7330444140625 0.9524575687500001 0.729039321875 0.9604800921875001 0.72884223125 0.9697219484374999 0.725459146875 0.9769641703125 0.7279625515625 0.9873156046875 0.725857303125 1 0.7488787671875 1
0 0.7365545578125 0.8138845890624999 0.7313660203125 0.815896215625 0.7275657015625 0.8214131984374999 0.7254343203125 0.8338311390625 0.7211485093750001 0.8384580609375 0.7266331312500001 0.8533146703125001 0.7264437218750001 0.8692928453125001 0.7303276624999999 0.8764133171875 0.7363814015625 0.9047974406250001 0.7389376999999999 0.9008410578125 0.7463634031249999 0.8577958609375 0.7431620437500001 0.8423235921875 0.744322440625 0.828125534375 0.7365545578125 0.8138845890624999
0 0.6531582499999999 0.816564921875 0.65284000625 0.8409497734375 0.64911563125 0.8523678953125 0.6541753328125 0.8587629453125001 0.6569671390625 0.8792462953125 0.6642495296875001 0.89259718125 0.665189784375 0.8674320281250001 0.6714098828124999 0.8596290218749999 0.672160725 0.85044204375 0.66970253125 0.8190464765625001 0.670870609375 0.8115847390625 0.6639371921875 0.800794271875 0.6590216890625 0.799465178125 0.6531582499999999 0.816564921875
0 0.6551403234375 1 0.6558537296875 0.9953242984375 0.6665644140625 0.9803888296875 0.663712034375 0.9674769765625 0.6560806671875 0.9515656734375 0.651233421875 0.9494014 0.6465986359375 0.9514679062500001 0.638656709375 0.9666777718749999 0.633711359375 0.9998654468750001 0.63381635 1 0.6551403234375 1
0 0.5782574312500001 1 0.5823490062500001 0.99309131875 0.5891373328125 0.9373537875 0.5791621265625 0.92962964375 0.574186046875 0.9358720484375 0.5717287390625 0.965938521875 0.5739744765625 0.9931033093750001 0.57649575625 1 0.5782574312500001 1
0 0.5769751875 0.771969278125 0.575602334375 0.7819365578124999 0.5784931296875 0.828529996875 0.5857755234375001 0.841880884375 0.5909640609375 0.8398692578125001 0.59477974375 0.847824909375 0.598086884375 0.83468155 0.59572768125 0.829396075 0.5958565124999999 0.820989396875 0.605527953125 0.8051089906250001 0.6000587000000001 0.8037250171875 0.5957575234375 0.7948793046875 0.5984272890625 0.7690436109375 0.5969708109375 0.7663734343749999 0.581883009375 0.766562053125 0.5769751875 0.771969278125
0 0.50410015625 0.7756923140625 0.5045865390625 0.8380444140625001 0.5065967687499999 0.8407694703124999 0.51199008125 0.8362523062499999 0.5156461984375 0.8256693640625 0.5225642484375 0.8229871953125001 0.5266529656250001 0.8276021281249999 0.528033503125 0.8243711671874999 0.5274720687500001 0.817579971875 0.522268165625 0.8061189609375001 0.5242322984375 0.7684261109375 0.518611159375 0.7552398625000001 0.5148031578125 0.754020528125 0.50410015625 0.7756923140625
0 0.5038701875 1 0.5052410546874999 0.9871334640624999 0.50999699375 0.9699239640625 0.5134483359375001 0.9618465625000001 0.517597628125 0.9588899984375001 0.520047253125 0.9220872078125 0.5178928234375 0.9142961906249999 0.5111036078125 0.9085716828124999 0.50688605625 0.9123634265625 0.5021983765625 0.928737746875 0.4979432984375 0.9603099437499999 0.497898090625 0.9813540749999999 0.49957059687500005 1 0.5038701875 1
0 0.433161190625 0.8991633515625 0.43433015625 0.9531636515624999 0.44209035781250006 0.9606682781250001 0.44603487499999994 0.960217253125 0.44803742343749997 0.9562059921875001 0.44812784062500005 0.914117725 0.4506687734375 0.8966887078125 0.44387187499999997 0.8842278796875 0.4350195375 0.89008613125 0.433161190625 0.8991633515625
0 0.4637138375 0.7439056796875 0.459291509375 0.7502029625 0.4524349234375 0.8067756749999999 0.4573052171875 0.8291489015625 0.46111321875 0.8303682359375 0.4625543296875 0.8195657765625001 0.4672496921875 0.809927775 0.473764984375 0.7575309625 0.4723008234375 0.7481244671875 0.4682121078125 0.7435095359375 0.4637138375 0.7439056796875
0 0.39587924218750004 0.7843318625 0.397768321875 0.8021999140625 0.4010302546875 0.8101006875 0.4136146515625 0.7995606343749999 0.4120139734375 0.7918244984375 0.4130301671875 0.772560484375 0.416822803125 0.76030718125 0.41418288125 0.751626109375 0.4064909375 0.743286303125 0.397449190625 0.7651227265625 0.39587924218750004 0.7843318625
0 0.371907253125 0.8973025343750001 0.36798578437499996 0.9179625124999999 0.367811740625 0.9474133234375 0.369131703125 0.951753859375 0.3755719421875 0.9549179499999999 0.376345834375 0.9659399234375 0.3792511078125 0.9645439625 0.37778694687500003 0.9551374671874999 0.382065075 0.943774225 0.3843858640625 0.9153781125 0.3832553140625 0.8950594000000001 0.3772323078125 0.893620546875 0.371907253125 0.8973025343750001
0 0.315348678125 0.8858037124999999 0.3092198859375 0.9129804937499999 0.3075893640625 0.9397611265625001 0.30904584375 0.942431303125 0.3131268765625 0.94030991875 0.323966396875 0.916967771875 0.328032065625 0.9013737515625 0.3287752265625 0.8854504562500001 0.32703803124999997 0.8793846796875 0.32212252656249996 0.8780555874999999 0.315348678125 0.8858037124999999
0 0.34148668125000003 0.7435796453125 0.3378228796875 0.74742626875 0.33275638281250003 0.7957569390625 0.3331812984375 0.804218496875 0.3405319515625 0.8167342015625 0.3467520484375 0.8089311968749999 0.3525020203125 0.81371076875 0.3536854640625 0.8197216640624999 0.35492180156250003 0.8114247453125 0.350408165625 0.7983482546875 0.35187912187500003 0.7530290296875 0.3506274203125 0.7478533109375001 0.3459166921875 0.744018678125 0.34148668125000003 0.7435796453125
0 0.27102374687499997 0.7382803421874999 0.2635297859375 0.7821607171875 0.26451613749999997 0.7974134703125 0.2677098109375 0.8061494250000001 0.272139821875 0.8065884578125001 0.2781474625 0.7945546734375 0.28320627656249997 0.739487684375 0.2792540765625 0.7332023921874999 0.274824065625 0.732763359375 0.27102374687499997 0.7382803421874999
0 0.250286740625 0.8827235625000001 0.2456144265625 0.91257051875 0.24453765781249998 0.9394060312500001 0.2533217359375 0.9343829609375 0.25829013125 0.9214042390625 0.2609445328125 0.882095909375 0.25643858124999996 0.8757557374999999 0.2536015640625 0.8763165203125001 0.250286740625 0.8827235625000001
0 0.184306709375 0.8635554781250001 0.18172056875 0.9020286296875 0.18513438437500002 0.921731678125 0.19156694218749998 0.9181594515624999 0.1936454296875 0.9200493281250001 0.1956479765625 0.916038065625 0.20037318124999998 0.8718832937500001 0.1998646375 0.8507842796875 0.19646619062499998 0.8445538687499999 0.191482428125 0.8440599546875 0.184306709375 0.8635554781250001
0 0.21094557187500002 0.7356941015625 0.2075624890625 0.742936325 0.20006852656250002 0.7868167015624999 0.2065318171875 0.8101897453125 0.2129566890625 0.7998812015625 0.21749248593749998 0.771704603125 0.22273391406249998 0.7553851609375 0.2234088171875 0.7402970468750001 0.22173988125 0.7333960890625 0.2169608953125 0.7303966375 0.21094557187500002 0.7356941015625
0 0.125464871875 0.85267231875 0.12291625625 0.8633650203125001 0.121429934375 0.8952116125 0.1246995484375 0.9098487046875 0.13424983906250001 0.9091112906250001 0.1433214296875 0.8527580968749999 0.139505746875 0.8448024453125 0.1339682328125 0.8442536515624999 0.125464871875 0.85267231875
0 0.1367683296875 0.7143684640625 0.13545605 0.7167642468750001 0.1412290703125 0.74175276875 0.1424201984375 0.754499984375 0.1405089578125 0.7778850187499999 0.143421915625 0.7832253734375 0.1479884421875 0.7819940484375 0.1494372375 0.77792790625 0.1563620828125 0.7205200171875 0.1526906 0.717630321875 0.141896290625 0.7199283359375 0.1367683296875 0.7143684640625
0 0.082581940625 0.75580853125 0.0816340046875 0.774237365625 0.08739934218749999 0.792489571875 0.09100256718750001 0.796214446875 0.0940443578125 0.7931481234375 0.0983071203125 0.768312246875 0.0998540171875 0.72889415625 0.0930648015625 0.723169646875 0.0881569796875 0.728576871875 0.082581940625 0.75580853125
0 0.0636955984375 0.8844382124999999 0.059432834375 0.9092740906250001 0.062573615625 0.9323178593750001 0.0689379171875 0.9295808125 0.07411876875 0.9208328671875 0.07659144375 0.90423903125 0.080937828125 0.892040609375 0.082576034375 0.8719962921875 0.08070232187500001 0.8676008765625 0.07212301875 0.8701184078124999 0.0636955984375 0.8844382124999999
0 0.009556803125 0.870653371875 0.0068639859375 0.8762801124999999 0.00449030625 0.9189840421875 0.009830725 0.92877469375 0.0200636 0.9196854812499999 0.0252742984375 0.8764207703125001 0.0229833515625 0.8703001125000001 0.015435607812499998 0.8670262640624999 0.009556803125 0.870653371875