0 0.07968551874999999 0.0381370015625 0.08480950000000001 0.0441775046875 0.0950574625 0.049252271874999996 0.114821390625 0.051818610937499995 0.1287293390625 0.0577763984375 0.13751330625 0.059195018749999995 0.16532920625 0.050091878125 0.164597209375 0.047513134375 0.145565278125 0.040519298437500004 0.13385332187500001 0.030287046875 0.1126253984375 0.0310707984375 0.0979854515625 0.028539615624999997 0.08627349375 0.030318056249999996 0.08114951406250001 0.0332855734375 0.07968551874999999 0.0381370015625
0 0.0767575296875 0.110395553125 0.0818815109375 0.11643605625 0.12214136406250001 0.128651484375 0.13678131093749998 0.1266786578125 0.14995726250000002 0.1275554734375 0.158009234375 0.1233926796875 0.15508124375000001 0.1140786 0.1411732953125 0.1116239328125 0.12287336093750001 0.1037057203125 0.0965214578125 0.10095119687500001 0.0818815109375 0.1024235796875 0.0767575296875 0.10489065156249999 0.0767575296875 0.110395553125
0 0.10969740937500001 0.20241757656249998 0.11042940781249999 0.20499632031249998 0.119213375 0.209918059375 0.119213375 0.2059144953125 0.11335739687499999 0.203300596875 0.12214136406250001 0.1957111953125 0.1338533203125 0.19593453593750002 0.140441296875 0.1926196015625 0.13970929999999998 0.188039078125 0.1323893265625 0.18327036875 0.1096974109375 0.1748930703125 0.09359346874999999 0.1747110859375 0.07968551874999999 0.18076399375000002 0.078953521875 0.1891950546875 0.10969740937500001 0.20241757656249998
0 0.084077503125 0.2617948203125 0.09212947187500001 0.2666400453125 0.1089654109375 0.268900325 0.119213375 0.274475540625 0.140441296875 0.2746926796875 0.1616692203125 0.271907146875 0.169721190625 0.2732492515625 0.17118518437500002 0.27140049843749997 0.158009234375 0.2665201171875 0.1536172484375 0.262057465625 0.13751330781249999 0.2538683515625 0.09871745 0.25131441875 0.087737490625 0.25366981875 0.081149515625 0.25798564218750003 0.084077503125 0.2617948203125
0 0.1118934 0.3392687671875 0.125069353125 0.3461509296875 0.1294613375 0.346109571875 0.13678131093749998 0.339868478125 0.1667932015625 0.329993990625 0.16532920625 0.32783917812499996 0.1323893265625 0.3233951328125 0.08334550625 0.318769103125 0.07968551874999999 0.32188965 0.085541496875 0.3305088953125 0.1118934 0.3392687671875
0 0.0892014828125 0.3939476125 0.0935934671875 0.3999116 0.13751330781249999 0.41000737656249997 0.14483328125 0.4092711859375 0.16532920625 0.412414484375 0.169721190625 0.4108717890625 0.1624012171875 0.40560263281250003 0.1624012171875 0.4010986234375 0.1265333484375 0.38684005312499997 0.11189340156250001 0.38581020625 0.09871745 0.3864347265625 0.0906654796875 0.3895966328125 0.0892014828125 0.3939476125
0 0.119213375 0.4611417453125 0.1279973421875 0.4695666046875 0.1331213234375 0.47010220468749997 0.1565452375 0.4605399765625 0.13238932812499998 0.4500078671875 0.11042940781249999 0.4447097578125 0.09725345468749999 0.44483383125 0.092861471875 0.446876971875 0.09359346874999999 0.45345928124999996 0.119213375 0.4611417453125
0 0.1118934 0.5179278421875 0.1419052921875 0.5225662765625 0.1572772359375 0.5201695171875 0.1543492453125 0.5148590015625001 0.1360493140625 0.5049390093749999 0.0906654796875 0.500695553125 0.0870054921875 0.501313871875 0.0877374890625 0.50889706875 0.1118934 0.5179278421875
0 0.09139747499999999 0.5688326671875 0.09871745 0.57159959375 0.13385332187500001 0.5812776421875 0.1565452390625 0.5756424625000001 0.150689259375 0.5745299015625001 0.1411732953125 0.5680303109375 0.13092533125 0.564456878125 0.10603742187500001 0.5583522640624999 0.09725345468749999 0.55843498125 0.0892014828125 0.56059599375 0.0884694875 0.5655239359374999 0.09139747499999999 0.5688326671875
0 0.1411732953125 0.6385931375 0.152885253125 0.63080935 0.144101284375 0.619882265625 0.105305425 0.6148261015625 0.0935934671875 0.6176054328125 0.09359346874999999 0.624611671875 0.1411732953125 0.6385931375
0 0.089201484375 0.6937145218749999 0.1162853859375 0.7025509078125001 0.12872934062500002 0.7088561109375 0.1345853171875 0.7094682265625 0.15142125625 0.705723159375 0.1616692203125 0.6972858984375 0.1704531875 0.6962022906249999 0.1667932015625 0.6918161515625 0.1323893265625 0.6847168484374999 0.1096974109375 0.6848471265625 0.0935934671875 0.6816624671875 0.0870054921875 0.6834760656250001 0.085541496875 0.68682615625 0.089201484375 0.6937145218749999
0 0.0818815109375 0.7545041828125 0.114821390625 0.764953578125 0.146297275 0.76624191875 0.1675251984375 0.7594528203124999 0.1624012171875 0.7549136546875 0.1462972765625 0.7532303328125 0.144101284375 0.749497671875 0.105305425 0.748445071875 0.09871745 0.749758225 0.092861471875 0.754150565625 0.0818815109375 0.7545041828125
0 0.1038414328125 0.8163526453125 0.11335739687499999 0.8203500078125 0.1426372890625 0.8244114796875 0.15727723437500002 0.8244404359375 0.1609372234375 0.82232078125 0.15874123125 0.8170867812499999 0.145565278125 0.8102046171874999 0.1126253984375 0.805760571875 0.10384143125 0.8078450687500001 0.1023774359375 0.8136973875000001 0.1038414328125 0.8163526453125
0 0.09725345468749999 0.8752170390625 0.119213375 0.878012921875 0.13385332187500001 0.8825458859375 0.1565452390625 0.8844173921875 0.16532920625 0.883333784375 0.1682571953125 0.8776344937499999 0.17704116406249998 0.875549996875 0.1470292734375 0.86440576875 0.1089654109375 0.8609274578124999 0.09725345468749999 0.8632063453125 0.0950574625 0.871984821875 0.09725345468749999 0.8752170390625
0 0.10384143125 0.9319555765624999 0.11555338906249998 0.936682928125 0.15581324218749998 0.939389890625 0.169721190625 0.93383743125 0.1748451703125 0.9343730328125 0.1792371546875 0.9278258812500001 0.17191718281249999 0.9235576156249999 0.10384143125 0.9164417625000001 0.09871745 0.922411953125 0.09871745 0.9269159640625 0.10384143125 0.9319555765624999
0 0.2004650765625 0.0462578921875 0.20998104374999998 0.0507557 0.242188925 0.05312145 0.27805679687499996 0.0478626421875 0.26195285468749996 0.0396735296875 0.248044903125 0.0352170796875 0.243652921875 0.030754428125 0.24511691562500001 0.028405228124999998 0.224620990625 0.0302663859375 0.21364102968749998 0.0351240125 0.1953410984375 0.039216498437500004 0.2004650765625 0.0462578921875
0 0.3168526515625 0.06392860781250001 0.33149260156250004 0.06896201874999999 0.3578445046875 0.0722169875 0.3849284046875 0.063537778125 0.3732164484375 0.0608122078125 0.36223648750000004 0.055660926562500004 0.3212446375 0.047872990625 0.3102646765625 0.050228392187500005 0.30953268125 0.05815900625 0.3168526515625 0.06392860781250001
0 0.4295802421875 0.071708284375 0.4288482453125 0.07813756250000001 0.4325082328125 0.0840250359375 0.4508081640625 0.0904419125 0.45739614062499995 0.0886283125 0.4896040234375 0.08899228125 0.5203479109375 0.0811960890625 0.5130279375 0.0759269328125 0.49765599375 0.0718179 0.4852120390625 0.06251002343749999 0.46837609999999996 0.061250632812500004 0.45886013593749997 0.062257726562500004 0.4537361546875 0.067227028125 0.4295802421875 0.071708284375
0 0.5964756328124999 0.0861509296875 0.601599615625 0.0896892046875 0.640395471875 0.0987489328125 0.6733353531249999 0.10019030625 0.6777273359375 0.098647609375 0.6652833828125 0.0933432984375 0.6601594000000001 0.0873027953125 0.6257555265625 0.073197253125 0.6177035562500001 0.0718551484375 0.6052596015625 0.073056628125 0.5979396265625 0.0762950453125 0.595743634375 0.08006906875 0.5964756328124999 0.0861509296875
0 0.7428750984375 0.10395606875 0.75092706875 0.10880129375 0.77142299375 0.1144468203125 0.7948469078125 0.11539394843749999 0.8094868578125001 0.10841666406249999 0.80948685625 0.1034122109375 0.8028988796875 0.1007217953125 0.798506896875 0.0942573609375 0.7633710234375 0.0915855546875 0.7494630734375 0.0921335609375 0.743607096875 0.097526790625 0.7428750984375 0.10395606875
0 0.8614586671875 0.091329146875 0.8592626734375 0.09260094062499999 0.8760986125000001 0.10236790468750001 0.8848825796875 0.11129320937500001 0.9039145124999999 0.1197883796875 0.9331944046875 0.1208471796875 0.961010303125 0.1172489390625 0.9624742968750001 0.114899740625 0.9595463078125 0.10908878281250001 0.9514943375 0.1052444484375 0.9492983453124999 0.10201223125 0.9441743640625001 0.10097618281250001 0.9331944046875 0.0863164328125 0.9170904625 0.085133559375 0.9009865234375001 0.0959613796875 0.8841505828124999 0.09720421875 0.8614586671875 0.091329146875
0 0.8724386265625 0.1865606359375 0.871706628125 0.1904876875 0.8782946046875001 0.196180775 0.8943985453125001 0.20036632187499998 0.8973265343750001 0.205176390625 0.9017185187500001 0.205635478125 0.9061105046875 0.2030918921875 0.96027830625 0.20875396875000002 0.969062275 0.2126748171875 0.9727222609374999 0.21155605312499998 0.9683302765624999 0.207593846875 0.9683302749999999 0.20359028124999998 0.9785782390625 0.2006579203125 0.9624742968750001 0.1964723734375 0.9449063609374999 0.18562800156249998 0.9251424328125 0.1830616640625 0.9105024875 0.17802825312499998 0.9017185187500001 0.1791118625 0.8929345515625 0.17669235 0.88781056875 0.1766571953125 0.8797585984375 0.18081998906250002 0.8724386265625 0.1865606359375
0 0.9236784390624999 0.284999534375 0.9412463750000001 0.289838559375 0.9617423 0.28647606406250004 0.9749182515625 0.28735288125 0.9719902625 0.281541921875 0.974918253125 0.27584263125 0.9639382921875 0.273694021875 0.9492983453124999 0.26615838593749996 0.921482446875 0.26475216874999996 0.9148944703125 0.259559525 0.8973265343750001 0.254720503125 0.8943985453125001 0.2609202390625 0.8878105703125 0.264235171875 0.8848825796875 0.273938025 0.8965945375000001 0.28166805156249997 0.9236784390624999 0.284999534375
0 0.895862540625 0.3461490171875 0.9405143796875001 0.3628270984375 0.9456383578124999 0.36286225625 0.9683302749999999 0.3547248515625 0.9705262687499999 0.3484486015625 0.97711424375 0.34363233125 0.9683302765624999 0.3417132640625 0.955154325 0.3348311015625 0.9148944718750001 0.3321241359375 0.906110503125 0.33320774375 0.8965945375000001 0.33771795781249997 0.895862540625 0.3461490171875
0 0.8995225265625001 0.42059753750000006 0.9309984124999999 0.4248885546875 0.9573503171875 0.4246404046875 0.95661831875 0.41655676093749994 0.9097704906249999 0.404153146875 0.8943985453125001 0.40304678593750004 0.8878105703125 0.4098648390625 0.8878105703125 0.41336795937500004 0.8995225265625001 0.42059753750000006
0 0.8965945390625001 0.47584094062500004 0.89513054375 0.4796914765625 0.8987905312500001 0.4855789515625 0.9507623390625 0.49951905781250006 0.9588143109375 0.50036071875 0.9866302093750001 0.4957615875 0.9778462421875 0.49284163124999997 0.96686628125 0.480183665625 0.961010303125 0.47857065781249997 0.9492983453124999 0.4703401859375 0.9412463750000001 0.466996296875 0.9251424343749999 0.46731475937500006 0.9185544578125 0.472631475 0.9009865218750001 0.4737978 0.8965945390625001 0.47584094062500004
0 0.9588143109375 0.5644177531250001 0.9727222609374999 0.5628688562499999 0.9837022203125001 0.5590121203125 0.9580823140625 0.543822971875 0.9339264015625 0.542799328125 0.9251424343749999 0.5403798156249999 0.90903849375 0.5406982765625 0.895862540625 0.5498303734375 0.9119664828125 0.559520821875 0.9588143109375 0.5644177531250001
0 0.921482446875 0.629577003125 0.9331944046875 0.630300790625 0.9500303421874999 0.634562853125 0.9646702890625001 0.6320895796875 0.9639382937500001 0.6245063796875 0.953690328125 0.618430721875 0.928802421875 0.614327890625 0.9222144453125001 0.611637478125 0.9134304765625 0.610719303125 0.9083064953125 0.612685928125 0.8995225281250001 0.617272653125 0.9017185187500001 0.6215057640625 0.921482446875 0.629577003125
0 0.9046465093749999 0.6868697484374999 0.9441743640625001 0.698007771875 0.95661831875 0.698307628125 0.9632062953125 0.6959935859375 0.961010303125 0.6892582484374999 0.9492983453124999 0.68202866875 0.9105024875 0.672468496875 0.895862540625 0.6729399890625001 0.8922025546875 0.6755600890625 0.8929345515625 0.679139721875 0.9046465093749999 0.6868697484374999
0 0.8987905296875001 0.7403057546875 0.90903849375 0.7463814140625 0.94271036875 0.75040153125 0.95661831875 0.7498535234375 0.9595463078125 0.7471569078125 0.9588143125 0.7430768296875 0.9485663484375 0.736000278125 0.9105024875 0.7320215203125 0.9009865218750001 0.7335290609375 0.8973265343750001 0.7361491609375 0.8987905296875001 0.7403057546875
0 0.8965945375000001 0.809137703125 0.936854390625 0.820352240625 0.9536903296875 0.822112075 0.96027830625 0.8207989250000001 0.9624742968750001 0.8150231218749999 0.9529583328125 0.8065217484374999 0.9207504500000001 0.7976502046875 0.8980585328125 0.7957787015625 0.8900065625 0.7994410515625 0.8922025546875 0.8066768328125 0.8965945375000001 0.809137703125
0 0.9024505156249999 0.8713046265625 0.9500303421874999 0.8807820828124999 0.963206296875 0.8746526609374999 0.96027830625 0.8703430390625 0.95003034375 0.864767825 0.9126984796875 0.8583633546874999 0.9017185187500001 0.8592174187499999 0.8965945375000001 0.861684490625 0.895862540625 0.8656115390625001 0.9024505156249999 0.8713046265625
0 0.9075744968749999 0.9288910250000001 0.9119664828125 0.93285323125 0.9485663484375 0.93868074375 0.9639382921875 0.9342822015625 0.9668662828125001 0.9285829124999999 0.96027830625 0.9223893796875 0.9456383578124999 0.916355078125 0.9361223937500001 0.915860834375 0.9244104375 0.9171388296874999 0.9068425015624999 0.9228091640624999 0.9075744968749999 0.9288910250000001
0 0.9105024875 0.9802425343750001 0.9170904625 0.9839338375000001 0.95661831875 0.9930700796874999 0.96027830625 0.9884481968750001 0.9727222609374999 0.986746271875 0.97711424375 0.9832017937499999 0.9573503171875 0.9721278812499999 0.936854390625 0.9704859171875 0.911234484375 0.9728123656250001 0.9090384921875 0.97558549375 0.9105024875 0.9802425343750001
0 0.7560510500000001 0.72088140625 0.776546975 0.7235242609375 0.7926509171875 0.734716046875 0.797774896875 0.7337503109375 0.801434884375 0.7266262 0.804362875 0.7259313671875 0.8219308109375 0.7282681609375 0.8219308109375 0.7237641499999999 0.804362875 0.7049126515624999 0.7772789734375001 0.704083396875 0.7494630734375 0.7061803 0.747267084375 0.7164601109375 0.7560510500000001 0.72088140625
0 0.7692270031249999 0.7808108015624999 0.7816709578125 0.7816111046875001 0.80948685625 0.78752133125 0.8277867890625 0.7849301828125 0.823394803125 0.78046753125 0.8160748328125 0.7782010500000001 0.8072908640625001 0.771777971875 0.76483501875 0.7648379015625 0.7560510515625001 0.767923290625 0.75458705625 0.7732751640625 0.7692270031249999 0.7808108015624999
0 0.7662990125 0.8420595499999999 0.8028988781249999 0.8538924078125 0.80948685625 0.858584603125 0.8131468421875001 0.85146049375 0.829250784375 0.845136684375 0.8270547921875 0.8389017937500001 0.8226628078125 0.8354400328124999 0.804362875 0.83202583125 0.7889909296875001 0.8264154625 0.7809389609374999 0.8265746921874999 0.764103021875 0.8298193140624999 0.7611750328125 0.8335168203125001 0.7662990125 0.8420595499999999
0 0.7728869890625 0.9023012078124999 0.7970429015625 0.91133198125 0.8233948046874999 0.9155878421875 0.8380347531250001 0.909111003125 0.8336427687500001 0.90264656875 0.8182708249999999 0.8970361984374999 0.7809389609374999 0.8946352921875 0.7736189875 0.8948710390624999 0.7692270015625 0.8979150718750001 0.7728869890625 0.9023012078124999
0 0.7765469765625 0.9662403703125 0.7999708890624999 0.971691509375 0.8211988140625 0.9734099859375 0.8270547921875 0.971519875 0.8277867890625 0.967092378125 0.81973481875 0.9572426984375 0.8102188531250001 0.954746671875 0.7970429 0.9543703015625 0.7750829796875001 0.957079321875 0.7736189875 0.9619307484374999 0.7765469765625 0.9662403703125
0 0.6052596015625 0.5860133578125 0.653571425 0.58806064375 0.6718713578125 0.5849690515625 0.67553134375 0.5823489515625 0.6696753640625001 0.5777332703125 0.646983446875 0.5713577562500001 0.6081875906249999 0.5713060484375 0.5986716234375 0.5763167046875 0.6008676171875 0.582551596875 0.6052596015625 0.5860133578125
0 0.6250235296875 0.65113539375 0.6491794390625001 0.6571634937499999 0.668211371875 0.6566506453125001 0.653571425 0.6381052031250001 0.6089195875 0.6329373703125001 0.6059915984375001 0.6341326484375001 0.6081875906249999 0.6423693218750001 0.6250235296875 0.65113539375
0 0.6155075625 0.6996848171875001 0.62063154375 0.7032230921875 0.6286835156249999 0.7045652 0.6330755 0.7030225046874999 0.666015378125 0.7089678890625 0.66894336875 0.7082730546875 0.666747375 0.7045403921875 0.67553134375 0.7014550015625 0.67406735 0.695296625 0.6667473765625 0.6895270250000001 0.6396634765625 0.6866959859375 0.6308795078125 0.68777959375 0.6169715578125 0.6908298265624999 0.61404356875 0.6940268875 0.6155075625 0.6996848171875001
0 0.6074555937499999 0.76290019375 0.613311571875 0.7660145390624999 0.645519453125 0.7688807328125 0.6850473109374999 0.7695094 0.68943929375 0.7669658140625 0.6865113046875 0.7626561921875 0.6813873234375001 0.7611197 0.6557674171875 0.75493856875 0.6257555265625 0.751301028125 0.609651584375 0.7561235 0.6059915984375001 0.7607453828125 0.6074555937499999 0.76290019375
0 0.613311571875 0.8220644453125001 0.6272195218750001 0.82802223125 0.6543034234375 0.83085326875 0.67626334375 0.8296455875 0.6828513187499999 0.8253297640625 0.6718713578125 0.8216798171875 0.6579634078125001 0.8122189109375 0.639663475 0.8108064921875 0.61404356875 0.812132046875 0.6111155796875 0.8138277703125001 0.613311571875 0.8220644453125001
0 0.6272195218750001 0.8750641171875 0.6323435015625 0.8776015015624999 0.6689433671875 0.881427228125 0.6850473109374999 0.8771052031250001 0.687243303125 0.87333118125 0.687243303125 0.869327615625 0.681387325 0.8662132734375 0.6499114375 0.8639240375 0.6294155124999999 0.8672865312500001 0.6264875234375 0.869983146875 0.6272195218750001 0.8750641171875
0 0.62795151875 0.950707915625 0.6374674828125 0.9542048328125 0.682119321875 0.9588722203125 0.6996872578125 0.9542027781250001 0.68943929375 0.9446239984375 0.6316115046874999 0.9385793484375 0.6250235296875 0.9398924984375 0.623559534375 0.9467457093749999 0.62795151875 0.950707915625
0 0.6630365109375 1 0.6572314125000001 0.9963063734375 0.6257555265625 0.992515803125 0.6220955406249999 0.9941350124999999 0.609651584375 0.9938351546874999 0.6045276046875 0.9963022265625 0.6023316125 0.9995758 0.602644 1 0.6630365109375 1
0 0.4647161140625 0.672913015625 0.4808200546875 0.675597228125 0.502047978125 0.6778161515625001 0.5152239296875 0.672187175 0.5159559265625 0.669261015625 0.496923996875 0.6627676265625 0.4720360875 0.66016613125 0.4654481125 0.6614792828125 0.45886013593749997 0.666295553125 0.4610561265625 0.6705286625 0.4647161140625 0.672913015625
0 0.4610561265625 0.7350861421875 0.47057209218749996 0.73908350625 0.51449193125 0.7441748265625 0.5305958734375 0.7418545796875 0.5349878578125 0.738310103125 0.5291318781250001 0.736697096875 0.5254718921875 0.7318105125 0.5064399609375 0.7273189062500001 0.510831946875 0.7237744296875 0.5086359546875 0.719541321875 0.47569607343750003 0.7226039578125001 0.46691210468750005 0.7211853374999999 0.4610561265625 0.7230754484374999 0.45739614062499995 0.7301995609375 0.4610561265625 0.7350861421875
0 0.462520121875 0.7982953171875 0.47057209218749996 0.8001378671875001 0.47716006875000005 0.805330509375 0.483016046875 0.8049417343749999 0.50497596875 0.810740290625 0.53718385 0.8141069312500001 0.5327918656249999 0.8121465062500001 0.5283998828125 0.8011780625 0.5064399625 0.7888737124999999 0.46032413125 0.7845537421875 0.4537361546875 0.7878686765625 0.4552001484375 0.79352660625 0.462520121875 0.7982953171875
0 0.496923996875 0.8694516562500001 0.5218119046874999 0.8640460203125 0.5049759671875 0.848273709375 0.46105612812499996 0.8431823906249999 0.4595921328125 0.8495351546875 0.46325211875 0.8549221828125001 0.496923996875 0.8694516562500001
0 0.5079039562500001 0.9306528437500001 0.517419921875 0.9281444140625 0.521079909375 0.9245234234374999 0.5269358875 0.924134646875 0.5240078984375 0.91682235 0.5071719578125 0.9105585062499999 0.45886013593749997 0.9060089921875001 0.45666414375000003 0.913786578125 0.47569607343750003 0.9247839750000001 0.5079039562500001 0.9306528437500001
0 0.47789206562500003 0.9815638718749999 0.5108319453125 0.987008809375 0.5254718921875 0.984035090625 0.527667884375 0.980761515625 0.5232759 0.9752979703125 0.49765599375 0.9646128328125 0.48155205156249997 0.9629295109375 0.4698400953125 0.9652083984375001 0.461788125 0.9683703031249999 0.4617881234375 0.9738752046875 0.47789206562500003 0.9815638718749999
0 0.35052452968750003 0.5008341578125 0.38639239999999997 0.5045833703125 0.3798044234375 0.5013925125 0.3805364203125 0.49746546093750005 0.385660403125 0.49599928125000003 0.3820004140625 0.4921135890625 0.3732164484375 0.4901945234375 0.365896475 0.4859262578125 0.34686454375000003 0.48193509843750004 0.34174056249999996 0.4849026140625 0.329296609375 0.4851032046875 0.32563662031249996 0.4907259796875 0.329296609375 0.494111225 0.35052452968750003 0.5008341578125
0 0.33734857812499996 0.552504128125 0.34686454375000003 0.554499709375 0.3651644765625 0.5634188109375 0.3761444375 0.559061628125 0.389320390625 0.5594379984375 0.39517636875 0.55604655 0.39590836406249996 0.5526199453125 0.3776084328125 0.539697278125 0.34906053593749997 0.5347114281249999 0.3402765671875 0.5372963734375 0.33002860625 0.5347238328125 0.3234406296875 0.5370378765625 0.32563662187500003 0.5432727671875 0.33734857812499996 0.552504128125
0 0.35418451875 0.6123156515625 0.371752453125 0.6211582390625 0.38785639375000003 0.6198388859375 0.387124396875 0.6152583609375 0.3944443703125 0.6120199421875 0.3915163828125 0.6082107640625 0.376876434375 0.6016760171875 0.349792534375 0.5968431953125 0.3285646109375 0.5961256109375 0.32636861875 0.6014009703125 0.32929660781250003 0.6052101453125001 0.35418451875 0.6123156515625
0 0.3446685515625 0.6693726515625 0.37028845781249997 0.6750533328125 0.382000415625 0.6722740015625 0.385660403125 0.66915345625 0.3944443703125 0.66806985 0.387124396875 0.6633011375 0.3637004828125 0.6563486625 0.34174056249999996 0.6530523328125 0.3351525875 0.650361921875 0.321976634375 0.6494851046875 0.3183166484375 0.655107878125 0.3190486453125 0.66018885 0.3446685515625 0.6693726515625
0 0.32563662031249996 0.72743674375 0.3454005484375 0.734006646875 0.39005238593749997 0.735170915625 0.3929803765625 0.7234662796875 0.37468044218749996 0.7165489609375 0.3578445046875 0.7167909078125 0.34906053593749997 0.7148718421875 0.3285646125 0.716232553125 0.32417262812500003 0.720277475 0.32563662031249996 0.72743674375
0 0.332224596875 0.7826739421875 0.342472559375 0.7872482671875 0.35857649999999996 0.7909333703125 0.39810435625 0.7965664921875 0.3907843828125 0.79179778125 0.392248378125 0.786946353125 0.38639239999999997 0.7823306734375 0.37248445 0.7738706578125 0.36077249375 0.7726464265625 0.3351525875 0.7729710890625 0.330760603125 0.7765155671875 0.332224596875 0.7826739421875
0 0.3300286046875 0.8439992078125 0.3395445703125 0.849998353125 0.37834042968750003 0.8590580796875 0.398836353125 0.855195140625 0.3973723609375 0.8490367640625 0.378340428125 0.8410420390625 0.3651644765625 0.836662103125 0.34027656875 0.834561053125 0.3336885921875 0.8348733125000001 0.33002860625 0.8389947515625 0.3300286046875 0.8439992078125
0 0.32417262812500003 0.9049418984375001 0.3336885921875 0.91094104375 0.3776084328125 0.91553191875 0.3893203890625 0.9107508031249999 0.401032346875 0.9109741437500001 0.3966403625 0.906011046875 0.37102045625 0.899329471875 0.356380509375 0.8977991812499999 0.346132546875 0.8937253046875 0.327100615625 0.8932372624999999 0.3212446375 0.8946269265625 0.3212446375 0.8991309390625 0.32417262812500003 0.9049418984375001
0 0.324904625 0.9590665359375 0.3329565953125 0.9644122078124999 0.3768764359375 0.9720057546875 0.38419640781250003 0.968767334375 0.379804425 0.9618024546875 0.36662847187500003 0.9559211828124999 0.3278326125 0.950364575 0.3241726265625 0.95098289375 0.32270863125 0.9548334265625 0.324904625 0.9590665359375
0 0.21437302656249999 0.28342154062499997 0.2326729625 0.28533440468750004 0.24511691406249997 0.2901382703125 0.270004825 0.2862339734375 0.256828871875 0.28135359375 0.255364878125 0.2756956625 0.24438491875 0.266540815625 0.20998104374999998 0.2649464125 0.1938771015625 0.26726665625 0.1938771015625 0.277776015625 0.21437302656249999 0.28342154062499997
0 0.21144503750000002 0.3481734078125 0.24731290781249998 0.3504212859375 0.26195285468749996 0.3439444484375 0.2495089 0.334636571875 0.2048570625 0.3299691828125 0.196805090625 0.3351328703125 0.19607309374999998 0.341061703125 0.21144503750000002 0.3481734078125
0 0.2253529875 0.41968956874999996 0.23999293437500002 0.4212198609375 0.2539008828125 0.41917051718750004 0.2692728265625 0.4122697484375 0.2502408953125 0.4087790328125 0.2414569296875 0.40435774062499996 0.205589059375 0.40010808124999997 0.1990010828125 0.40092078593749997 0.1946091 0.40396481875 0.195341096875 0.4095462328125 0.2253529875 0.41968956874999996
0 0.21437302812499998 0.47008774531249997 0.23706494375 0.4769637078125 0.24511691562500001 0.4818089328125 0.2487769015625 0.481691059375 0.25097289375 0.4789179296875 0.26488084375 0.47686858593750003 0.2707368203125 0.47247624843749997 0.2685408296875 0.46774269375 0.2539008828125 0.4607075015625 0.2048570625 0.454580134375 0.1968050921875 0.4567411484375 0.2063210578125 0.46574296718749997 0.21437302812499998 0.47008774531249997
0 0.1975370875 0.530883609375 0.20266107031249997 0.534421884375 0.246580909375 0.5475203343749999 0.27146881875 0.5436160375 0.27512880625 0.5404954890625 0.2641488453125 0.5363450984375 0.2495089 0.5258067843750001 0.23120896562499998 0.5243943671875 0.200465078125 0.5226820921875001 0.1968050921875 0.525802640625 0.1975370875 0.530883609375
0 0.20924904687499998 0.5871568593750001 0.22315699531250002 0.5921137546875 0.255364878125 0.596481284375 0.26122085625 0.5945911734375 0.25829286875 0.589781103125 0.23999293437500002 0.5793606671875 0.2129090328125 0.5765296265625001 0.2048570625 0.576688859375 0.20192907343750002 0.5798859203125 0.20924904687499998 0.5871568593750001
0 0.20119707656250002 0.643866440625 0.21071304062500001 0.649365140625 0.25097289218749996 0.6580774515625001 0.2722008171875 0.6552919187499999 0.269272828125 0.6489805125 0.25463288125 0.6439471015625 0.24731290625 0.6386779453125 0.2253529875 0.634881171875 0.2129090328125 0.6350817609375 0.2048570609375 0.6357414375 0.1997330796875 0.639709846875 0.20119707656250002 0.643866440625
0 0.20266107031249997 0.707576059375 0.2121770359375 0.711072975 0.2341369546875 0.7148697515625 0.24511691562500001 0.7160174687499999 0.2707368203125 0.7066847843749999 0.2663448390625 0.70372346875 0.2414569296875 0.6996206375 0.2085170484375 0.697178371875 0.199001084375 0.6996868046875 0.19826908593749998 0.7031134078125 0.20266107031249997 0.707576059375
0 0.21071304062500001 0.7644676265625 0.22828097656250002 0.7733102125 0.2539008828125 0.77799000625 0.269272828125 0.7740919093749999 0.270004825 0.7701648609375 0.2524368890625 0.76032138125 0.2246209890625 0.7574138265625 0.21437302656249999 0.7573435140625 0.21071304062500001 0.7599636140625 0.21071304062500001 0.7644676265625
0 0.217301015625 0.8317155187499999 0.229012975 0.836442871875 0.24877690000000002 0.8405105468749999 0.2707368203125 0.8423055390625 0.28318077812500003 0.8391022765624999 0.28318077656249996 0.8350987109375 0.2656128390625 0.8217521124999999 0.23926093593750003 0.820999371875 0.21803301406250003 0.823284459375 0.2151050265625 0.826981965625 0.217301015625 0.8317155187499999
0 0.2487769015625 0.9010644624999999 0.265612840625 0.9018234062499999 0.27512880625 0.8938100765625 0.26488084375 0.8862330796875 0.2524368890625 0.881929659375 0.2275489796875 0.8753246000000001 0.2173010171875 0.8742533953124999 0.21437302656249999 0.8759491203125 0.2129090328125 0.880800546875 0.221693 0.890226296875 0.2487769015625 0.9010644624999999
0 0.22022900625 0.9441213890625001 0.224620990625 0.9500853796875001 0.2429209234375 0.9550009171875 0.269272828125 0.95675455 0.2853767671875 0.9509311859375 0.280984784375 0.94546764375 0.2692728265625 0.9412407359375001 0.23926093593750003 0.9376031921875001 0.22974497187499998 0.937609396875 0.22388899218749997 0.9405004 0.22022900625 0.9441213890625001
0 0.6294155124999999 0.7666969671875 0.6367354875 0.760956321875 0.6411274687499999 0.7609149625 0.6418594671875 0.75848925 0.6330755 0.7545683999999999 0.6133115734375 0.754504290625 0.6118475765625 0.7628588359374999 0.62063154375 0.7657787921875 0.6294155124999999 0.7666969671875
0 0.3095326796875 0.44049943750000004 0.32051264062499996 0.4426480453125 0.3497925328125 0.44570862812499995 0.36882446406249997 0.43969087656249994 0.379804425 0.439837703125 0.351988525 0.42892302187500003 0.34027656875 0.4266978984375 0.30953268125 0.4234842875 0.2985527203125 0.42784147031249997 0.296356728125 0.43161549062500004 0.2992847171875 0.4359251140625 0.3095326796875 0.44049943750000004
0 0.4412922 0.3877127953125 0.46325211875 0.3900082296875 0.47789206562500003 0.39604253125 0.48155205156249997 0.3964251046875 0.48228404999999996 0.39049627187499997 0.48740803125000004 0.38452608125 0.49765599375 0.378591046875 0.50936795 0.37781349531249997 0.4830160484375 0.3690536265625 0.45593214531250004 0.37122704375 0.4486121734375 0.3689605609375 0.4288482453125 0.37239956875 0.4295802421875 0.3809836578125 0.4412922 0.3877127953125
0 0.4412921984375 0.4542720578125 0.46764410312500004 0.4595288078125 0.48887202656250006 0.45524193906250005 0.49106801874999995 0.4519683625 0.48887202656250006 0.449236590625 0.46764410312500004 0.44001143125000003 0.452272159375 0.44040640781249996 0.4412921984375 0.432752896875 0.438364209375 0.43444862031250003 0.43250823125000004 0.4333360578125 0.4295802421875 0.43403089218749996 0.42299226718750005 0.4443520625 0.4412921984375 0.4542720578125
0 0.600867615625 0.3908809359375 0.6045276046875 0.3932652921875 0.649179440625 0.3999344625 0.6572314125000001 0.4057805765625 0.6638193859375 0.40646920781249996 0.6557674171875 0.4011235375 0.65503541875 0.39704345937499996 0.6645513859375 0.3940345828125 0.668211371875 0.39041359062500003 0.652839428125 0.3813001015625 0.642591465625 0.382230678125 0.6242915296875 0.37981737031249996 0.6059915984375001 0.381908071875 0.600867615625 0.386376925 0.600867615625 0.3908809359375
0 0.5540197890624999 0.4440356921875 0.5525557921875001 0.446384890625 0.56426775 0.4536144703125 0.5928156453125 0.45409631250000004 0.5986716249999999 0.460713775 0.613311571875 0.4627445109375 0.6162395609375 0.4615492328125 0.6294155124999999 0.4634269390625 0.6521074296875 0.46079443593749997 0.6623553921875 0.4538585109375 0.654303421875 0.450514621875 0.6213635421875 0.44506968437500005 0.609651584375 0.4438454515625 0.591351653125 0.44543570624999995 0.5774437031249999 0.44298103906249997 0.5686597359375 0.446566875 0.562071759375 0.44687913437500004 0.5540197890624999 0.4440356921875
0 0.7421431015625 0.4016446796875 0.7472670828125 0.4071847375 0.7531230609375 0.40979863749999995 0.7692270015625 0.4089797296875 0.7970429015625 0.413889065625 0.8182708234374999 0.4101026390625 0.8233948046874999 0.4046328953125 0.829250784375 0.403743675 0.8021668828124999 0.3934059515625 0.7758149796875 0.39315365625 0.7626390265625 0.3897746109375 0.75824704375 0.39281864375 0.7479990796875 0.39374922031250004 0.7421431015625 0.4016446796875
0 0.758979040625 0.4774704625 0.7772789734375001 0.48288644375 0.7970429 0.48295055624999994 0.8094868578125001 0.47974729375 0.821930809375 0.48004715 0.8219308109375 0.47804536875 0.8124148453125001 0.47154577499999994 0.8175388265624999 0.4655755859375 0.8277867890625 0.46314366875 0.7567830484375 0.453719975 0.745071090625 0.4660077734375 0.7465350843749999 0.4691634765625 0.758979040625 0.4774704625
0 0.733359134375 0.5248370125 0.7355551250000001 0.53207279375 0.7509270703125 0.53718271875 0.7567830468750001 0.54229884375 0.7728869890625 0.5384772640625 0.7970429015625 0.5435044718750001 0.82266280625 0.5341717874999999 0.79557890625 0.5183291624999999 0.7758149796875 0.5167637171874999 0.7611750328125 0.5172352078125 0.7370191203124999 0.521716465625 0.733359134375 0.5248370125
0 0.75092706875 0.5862263859375 0.7560510515625001 0.590765553125 0.7721549921874999 0.593950209375 0.793382915625 0.6031753703125 0.8168068281249999 0.6046229453125 0.8124148453125001 0.5996598468750001 0.8131468421875001 0.5927301234375 0.801434884375 0.581997425 0.7875269359375 0.5800432015625 0.772886990625 0.5740089015625001 0.7611750328125 0.5747864500000001 0.752391065625 0.57687095 0.7494630734375 0.5805684546875 0.75092706875 0.5862263859375
0 0.7802069625 0.5907883046875 0.7802069625 0.5862842953125 0.7772789734375001 0.58097378125 0.7728869890625 0.5815155843750001 0.7670310109375 0.588410153125 0.7750829796875001 0.5932553765625 0.7802069625 0.5907883046875
0 0.7509270703125 0.6552878765625 0.7553190546875 0.6577487484375 0.793382915625 0.6652306234375 0.82632279375 0.6656711046875 0.8219308109375 0.6593734859375 0.8226628078125 0.65277739375 0.8197348171875 0.6489682140624999 0.8028988796875 0.6447061515625 0.7743509828125 0.6422225312500001 0.772886990625 0.640568165625 0.764103021875 0.6431531078125 0.75458705625 0.6416579734375001 0.748731078125 0.6440485328125 0.7472670828125 0.6488999578125 0.7509270703125 0.6552878765625
0 0.4537361546875 0.567672615625 0.4749640765625 0.573895103125 0.481552053125 0.5815899734375 0.48887202500000004 0.5843569 0.493264009375 0.5853164328125 0.5122959390624999 0.5808000203125 0.522543903125 0.571361865625 0.5225439046875 0.5688596375 0.51815191875 0.565898321875 0.502047978125 0.562713665625 0.4852120390625 0.5544480375 0.46910809843749995 0.5562678359375 0.4595921328125 0.5537718109374999 0.447880175 0.558552925 0.44714817812499996 0.56197953125 0.4537361546875 0.567672615625
0 0.46618010937500004 0.6290268343750001 0.48082005624999996 0.6335598 0.4961919984375 0.6361674953125 0.5144919328124999 0.6345772421875 0.516687925 0.632805003125 0.512295940625 0.6303441328125 0.516687925 0.626299209375 0.5240078984375 0.6260634625 0.4610561265625 0.6094743 0.4500761671875 0.6088270265625 0.4449521859375 0.6127954359375 0.445684184375 0.6188772984375001 0.46618010937500004 0.6290268343750001
0 0.4303122390625 0.5006666703125 0.431776234375 0.503822371875 0.43909620625 0.5080906359374999 0.45886013437499995 0.5136596499999999 0.4771600703125 0.5125698390625 0.502047978125 0.5041615312500001 0.488140028125 0.5002055265625 0.4720360875 0.48951418750000003 0.46544811093750005 0.489326 0.45666414375000003 0.49491361874999995 0.433972228125 0.4960447859375 0.4303122390625 0.5006666703125
0 0.644055459375 0.5230089203125 0.6564994140625 0.51830431875 0.6674793734375 0.5169498109374999 0.6696753656250001 0.5131757890624999 0.637223484375 0.5072814171875 0.6308795078125 0.505116953125 0.6250235281250001 0.49799904531249994 0.6162395609375 0.5075902265625001 0.5920836484375 0.513572821875 0.5869596687499999 0.52104435 0.6052596015625 0.5254594406249999 0.644055459375 0.5230089203125
0 0.1990010828125 0.12017080937499999 0.2121770359375 0.13155698437500002 0.23486895312499997 0.135430271875 0.2780567953125 0.13694195625 0.282448778125 0.1353992625 0.282448778125 0.131395696875 0.26122085781250004 0.124672765625 0.2531688859375 0.118326203125 0.215105025 0.10884254374999999 0.2063210578125 0.10892526093749999 0.1990010828125 0.11116278906249999 0.196805090625 0.1149368109375 0.1990010828125 0.12017080937499999
0 0.2414569296875 0.2086835140625 0.2656128390625 0.20920671249999997 0.27073682187500003 0.20623919218750003 0.2729328140625 0.1999629453125 0.28537676875 0.19575879062499998 0.2722008171875 0.1918793015625 0.26122085625 0.18522668125 0.2341369546875 0.185398315625 0.22974497187499998 0.17342898125 0.21876501249999997 0.18279062031249999 0.2077850515625 0.1861469109375 0.20705305468750002 0.1915752984375 0.21071304062500001 0.19646188125 0.2414569296875 0.2086835140625
0 0.3168526515625 0.1414976734375 0.361504490625 0.1531713 0.37248445 0.1508158984375 0.3893203890625 0.1505739515625 0.387124396875 0.14634084375 0.37028845781249997 0.136573878125 0.3439365546875 0.1253117796875 0.3175846515625 0.12555992968750002 0.30953268125 0.13022317187500002 0.3102646765625 0.1368054796875 0.3168526515625 0.1414976734375
0 0.4573961421875 0.15869069687499998 0.48814002968750003 0.162404753125 0.50497596875 0.159160134375 0.516687925 0.1608848109375 0.5218119046874999 0.1534132828125 0.5064399609375 0.1498046953125 0.4874080296875 0.1423104140625 0.4683761015625 0.140821484375 0.44714817812499996 0.13409854999999998 0.4390962078125 0.1347582265625 0.4339722265625 0.1392270828125 0.433972228125 0.1472342109375 0.4573961421875 0.15869069687499998
0 0.58329968125 0.1593400609375 0.5928156453125 0.164838759375 0.6067235953125001 0.1667929828125 0.625755525 0.17628904375 0.633807496875 0.1676222375 0.656499415625 0.1669915171875 0.6586954078125 0.1592139296875 0.6499114375 0.1562939734375 0.6367354859375001 0.1459086921875 0.621363540625 0.14730455781250001 0.6045276046875 0.1455447234375 0.59208365 0.14174175 0.5854956734375001 0.1450566828125 0.5693917328125 0.145875590625 0.58329968125 0.1593400609375
0 0.749463075 0.18972044999999998 0.7531230609375 0.19660881562500002 0.753855059375 0.1916808734375 0.7633710234375 0.19067378125 0.7765469765625 0.199557728125 0.78533094375 0.2009763484375 0.7933829140624999 0.19631310468750002 0.8072908640625001 0.1942637640625 0.8109508515625 0.19114321875 0.80948685625 0.18698662187499998 0.7977748984375 0.179006375 0.7970429015625 0.171172953125 0.7809389609374999 0.1729927515625 0.7567830484375 0.169967325 0.74067910625 0.172287571875 0.733359134375 0.18653579375 0.749463075 0.18972044999999998
0 0.7414111046875 0.2539367171875 0.739947109375 0.25878814375000003 0.7516590671875 0.2650168328125 0.769959 0.2674301421875 0.8028988796875 0.2688715140625 0.8211988140625 0.26728125937499997 0.8248588 0.26416071093750004 0.81314684375 0.2604342515625 0.804362875 0.25351073125 0.791186921875 0.2476294578125 0.7875269359375 0.24024064687500002 0.7692270031249999 0.24083001093749998 0.745071090625 0.24330948593750001 0.738483115625 0.25112843125 0.7414111046875 0.2539367171875
0 0.7560510515625001 0.3360387484375 0.7772789734375001 0.3462647984375 0.7860629421875001 0.343179409375 0.7970429015625 0.34632891093749996 0.80948685625 0.34012297343750003 0.8211988124999999 0.3398458703125 0.8431587328125 0.33313328593749997 0.8233948046874999 0.32656338125 0.81314684375 0.320487721875 0.793382915625 0.3224253953125 0.78386695 0.319428921875 0.75824704375 0.323757153125 0.752391065625 0.33065171875 0.7560510515625001 0.3360387484375
0 0.614775565625 0.335283915625 0.6250235296875 0.33034977187500003 0.6564994140625 0.3286354421875 0.67406735 0.3314726828125 0.683583315625 0.3249606890625 0.654303421875 0.3138929765625 0.6294155124999999 0.3142941546875 0.6177035546874999 0.3125694765625 0.5986716249999999 0.3150841078125 0.5935476453125 0.32305608124999996 0.614775565625 0.335283915625
0 0.58329968125 0.24241402812500001 0.59354764375 0.247488796875 0.6257555265625 0.24985454687500003 0.637467484375 0.2545818984375 0.6396634765625 0.252809659375 0.6381994796875 0.24815262031250002 0.654303421875 0.24333014843749998 0.6579634078125001 0.2387082640625 0.63819948125 0.23113747031249998 0.613311571875 0.23153864999999998 0.6074555953125 0.22392029375 0.603063609375 0.2244620984375 0.6023316125 0.22688781093750002 0.5811036890625 0.23868136406249998 0.58329968125 0.24241402812500001
0 0.42811624843749996 0.23169784375 0.4537361546875 0.23687808124999998 0.4647161140625 0.244031146875 0.4698400953125 0.2440663046875 0.47789206562500003 0.23990350781249997 0.49765599375 0.24096850937499997 0.49838799062500005 0.23704145781250002 0.4910680171875 0.23177230468749999 0.48887202656250006 0.22703875 0.49838799062500005 0.225030765625 0.47350008125 0.21542303125 0.4654481125 0.21558226406249997 0.45739614062499995 0.2192446125 0.43763221249999995 0.21517693750000003 0.42518825781249997 0.217379309375 0.42299226718750005 0.22665823281250003 0.42811624843749996 0.23169784375
0 0.32051264062499996 0.2109417375 0.34100856562500004 0.221591721875 0.3658964765625 0.2246936609375 0.3724844515625 0.2218791734375 0.3849284046875 0.221678584375 0.3827324140625 0.21394235625000002 0.3695564609375 0.209562421875 0.3644324796875 0.1995183515625 0.3483285375 0.19833547812500002 0.32051264062499996 0.20243416406249998 0.3183166484375 0.20720907500000002 0.32051264062499996 0.2109417375
0 0.32563662187500003 0.29755398125 0.37028845781249997 0.30072003125 0.3768764359375 0.3044113375 0.3798044234375 0.30922140625 0.387124396875 0.3104869984375 0.3834644109375 0.3040990765625 0.38785639375000003 0.301555490625 0.38785639375000003 0.298052371875 0.3768764359375 0.2924006421875 0.3644324796875 0.281090984375 0.3512565296875 0.2817155046875 0.334420590625 0.27945522500000003 0.32490462343750004 0.2804623171875 0.32051264062499996 0.28300590312499996 0.32563662187500003 0.29755398125
0 0.4339722265625 0.31438303749999996 0.46032413125 0.32064068125 0.47935606249999996 0.322630059375 0.48887202500000004 0.326126975 0.50131598125 0.32592638749999997 0.5049759671875 0.3223053953125 0.5049759671875 0.317801384375 0.49106801874999995 0.3143458265625 0.48155205156249997 0.307846234375 0.45666414375000003 0.3007407296875 0.43250823125000004 0.2982157484375 0.426652253125 0.3016071984375 0.42592025624999996 0.3065351375 0.4339722265625 0.31438303749999996
0 0.3190486453125 0.353916146875 0.32563662031249996 0.358107896875 0.3351525875 0.358602140625 0.3432045578125 0.36294692031250003 0.35857649999999996 0.3660550640625 0.387124396875 0.3705404671875 0.39078438437499996 0.3694217046875 0.38126841875 0.358418103125 0.36882446562500004 0.35111200781249996 0.349792534375 0.343617728125 0.3285646109375 0.3423996984375 0.3212446375 0.343636334375 0.31612065624999997 0.34810518749999997 0.3190486453125 0.353916146875