0 0.048721071875 0.1247619046875 0.056029232812499996 0.1219047625 0.060901339062500004 0.1066666671875 0.059683312499999995 0.070476190625 0.0523751515625 0.059047618749999996 0.0481120578125 0.06 0.0426309375 0.07904761875 0.0438489640625 0.090476190625 0.0395858703125 0.110476190625 0.0408038984375 0.11619047656249999 0.048721071875 0.1247619046875
0 0.11875761250000001 0.1290324140625 0.1285018265625 0.11379431874999998 0.133373934375 0.11569908124999999 0.1345919609375 0.1214133671875 0.137637028125 0.12046098593750001 0.1327649203125 0.0595086046875 0.1303288671875 0.0547467 0.1242387328125 0.052841937500000005 0.1151035328125 0.0690324140625 0.1157125453125 0.0795086046875 0.112667478125 0.09379431875000001 0.1181486 0.11188955781250001 0.11875761250000001 0.1290324140625
0 0.2049425515625 0.07904761875 0.20189748437500002 0.0638095234375 0.19398031093749998 0.0552380953125 0.1878901765625 0.071428571875 0.1878901765625 0.11333333281249999 0.19398031093749998 0.130476190625 0.205551565625 0.09904761875 0.2049425515625 0.07904761875
0 0.2628178484375 0.11619047656249999 0.2652539015625 0.09904761875 0.2585547546875 0.0638095234375 0.2506375796875 0.0619047625 0.240893365625 0.090476190625 0.23906632656250001 0.09904761875 0.24272040625 0.10380952343750001 0.24698349999999997 0.12285714218749999 0.2628178484375 0.11619047656249999
0 0.3185140078125 0.1152380953125 0.32216808750000003 0.11619047656249999 0.324604140625 0.112380953125 0.32216808750000003 0.049523809375 0.31790499375 0.040952381249999996 0.3124238734375 0.03904761875 0.3081607796875 0.0428571421875 0.3063337390625 0.051428571874999995 0.3051157125 0.06 0.3081607796875 0.087619046875 0.31364190000000003 0.1066666671875 0.3185140078125 0.1152380953125
0 0.38489646718750004 0.1219047625 0.3891595609375 0.1066666671875 0.39464068281250003 0.1 0.39464068281250003 0.0933333328125 0.3903775890625 0.0638095234375 0.38611449375 0.0552380953125 0.3806333734375 0.0533333328125 0.37637027968750003 0.0657142859375 0.375152253125 0.1028571421875 0.37697929375 0.1238095234375 0.3806333734375 0.11809523749999999 0.38489646718750004 0.1219047625
0 0.4524969546875 0.1066666671875 0.45310596875 0.0742857140625 0.448842875 0.06095238125 0.44336175468750005 0.06 0.4390986609375 0.067619046875 0.43666260625 0.09904761875 0.44336175468750005 0.1257142859375 0.44457978125000003 0.1171428578125 0.4524969546875 0.1066666671875
0 0.5097442140624999 0.1219047625 0.5231425093750001 0.1019047625 0.5182704015625 0.091428571875 0.514616321875 0.0733333328125 0.5054811203125 0.071428571875 0.5054811203125 0.091428571875 0.5012180265625 0.1066666671875 0.5054811203125 0.110476190625 0.5097442140624999 0.1219047625
0 0.5876979296875 0.10380952343750001 0.591352009375 0.0952380953125 0.582825821875 0.0857142859375 0.5797807546875 0.070476190625 0.576126675 0.0657142859375 0.5706455546875 0.068571428125 0.5688185140625001 0.091428571875 0.5682095 0.110476190625 0.5730816078125 0.11809523749999999 0.5846528625 0.1238095234375 0.5876979296875 0.10380952343750001
0 0.6467722296875 0.0761904765625 0.6425091359375 0.069523809375 0.6382460421875 0.069523809375 0.6358099875 0.0752380953125 0.6388550546875 0.11333333281249999 0.6498172953125 0.1342857140625 0.6510353234374999 0.1028571421875 0.6467722296875 0.0761904765625
0 0.70798755625 0.1228875765625 0.709814596875 0.12383995781249998 0.709814596875 0.1124113859375 0.7055515031249999 0.081935196875 0.701897421875 0.0733637671875 0.6958072890625 0.0752685296875 0.6915441953125 0.0838399578125 0.69093518125 0.099078053125 0.697634328125 0.1257447203125 0.6982433421875001 0.141935196875 0.70798755625 0.1228875765625
0 0.389768575 0.23333333281250002 0.3952496953125 0.212380953125 0.40012180312499995 0.2038095234375 0.389768575 0.17333333281250002 0.3806333734375 0.17238095312499999 0.37819732031250003 0.18095238125 0.37758830625 0.21523809531250002 0.3806333734375 0.24 0.3812423875 0.23619047656249997 0.389768575 0.23333333281250002
0 0.4500609015625 0.22808003281250003 0.4549330078125 0.21569908125 0.45371498125 0.1766514625 0.451278928125 0.17284193750000001 0.44518879375 0.17569908125 0.4403166875 0.187127653125 0.44457978125000003 0.2176038421875 0.44336175468750005 0.23093717656249999 0.4500609015625 0.22808003281250003
0 0.515225334375 0.24334853750000002 0.517052375 0.2490628234375 0.52131546875 0.2481104421875 0.5225334953125 0.21572949062500002 0.52070645625 0.20811044218750002 0.523751521875 0.20144377656249998 0.5164433625 0.1804913953125 0.5133982953125 0.1785866328125 0.510962240625 0.18239615781250001 0.5006090140625 0.217634253125 0.5024360531250001 0.23763425312500003 0.5091352015624999 0.2490628234375 0.5115712546875 0.24334853750000002 0.515225334375 0.24334853750000002
0 0.5925700359375 0.2219047625 0.590742996875 0.1961904765625 0.587088915625 0.1828571421875 0.58038976875 0.17428571406249999 0.5767356875 0.1752380953125 0.574299634375 0.1838095234375 0.5730816078125 0.21809523749999998 0.5816077953125001 0.2352380953125 0.5876979296875 0.24 0.5925700359375 0.2219047625
0 0.6577344703125 0.20095238124999998 0.6498172953125 0.1780952375 0.6443361750000001 0.17904761875 0.641900121875 0.1866666671875 0.6431181484375 0.22000000000000003 0.6498172953125 0.230476190625 0.6540803890625 0.229523809375 0.6577344703125 0.20095238124999998
0 0.70767356875 0.1795390140625 0.7040194890625 0.1785866328125 0.6997563953125 0.18620568125 0.6997563953125 0.2185866328125 0.7088915953125 0.2500152046875 0.7137637031249999 0.2004913953125 0.70767356875 0.1795390140625
0 0.7570036546875001 0.1247619046875 0.7618757609375 0.10476190468749999 0.7563946406250001 0.089523809375 0.7539585875 0.07238095312500001 0.7472594390625 0.071428571875 0.7429963453124999 0.07904761875 0.7423873328124999 0.11333333281249999 0.7490864796875 0.128571428125 0.7533495734375 0.130476190625 0.7570036546875001 0.1247619046875
0 0.7570036546875001 0.231428571875 0.7630937875 0.24571428593750003 0.77527405625 0.20952380937499998 0.76674786875 0.1933333328125 0.762484775 0.1771428578125 0.7551766140625 0.17428571406249999 0.7533495734375 0.1780952375 0.7539585875 0.188571428125 0.74969549375 0.2047619046875 0.7484774671875 0.2161904765625 0.7515225328125 0.2266666671875 0.7515225328125 0.249523809375 0.7570036546875001 0.231428571875
0 0.5243605359375 0.33904761875 0.52131546875 0.32380952343749997 0.52131546875 0.3057142859375 0.51278928125 0.29904761875 0.5079171734375 0.3066666671875 0.50426309375 0.3228571421875 0.5048721078125 0.3419047625 0.5091352015624999 0.3571428578125 0.5121802671875 0.3561904765625 0.5243605359375 0.33904761875
0 0.591352009375 0.2952380953125 0.5840438484375 0.290476190625 0.5816077953125001 0.292380953125 0.58038976875 0.30095238125 0.578562728125 0.33142857187499997 0.5834348359375 0.3542857140625 0.591352009375 0.332380953125 0.591352009375 0.2952380953125
0 0.6577344703125 0.309523809375 0.6498172953125 0.289523809375 0.646163215625 0.292380953125 0.641900121875 0.3057142859375 0.641900121875 0.3361904765625 0.650426309375 0.36 0.6559074296875 0.3333333328125 0.6577344703125 0.309523809375
0 0.709500609375 0.351428571875 0.71559074375 0.351428571875 0.7168087703125 0.3561904765625 0.7168087703125 0.3161904765625 0.710109621875 0.28571428593750003 0.703410475 0.288571428125 0.6985383671875 0.309523809375 0.6967113281249999 0.3333333328125 0.7028014609375 0.34095238125 0.7082825828125 0.3552380953125 0.709500609375 0.351428571875
0 0.7740560296875 0.3333333328125 0.7722289890625 0.3038095234375 0.764311815625 0.2838095234375 0.7594397078124999 0.2866666671875 0.7570036546875001 0.2971428578125 0.7594397078124999 0.3352380953125 0.76735688125 0.3571428578125 0.7722289890625 0.36095238125 0.7740560296875 0.3333333328125
0 0.8246041406250001 0.091428571875 0.8209500609375 0.08 0.81790499375 0.0761904765625 0.8142509140625 0.0771428578125 0.80937880625 0.0952380953125 0.8063337390624999 0.1219047625 0.8191230203125001 0.1352380953125 0.82582216875 0.1219047625 0.8246041406250001 0.091428571875
0 0.2067695921875 0.5057142859375 0.20920564531250002 0.5161904765625 0.21712282031250002 0.5028571421875 0.21773183281250003 0.48 0.22443098125 0.46095238125 0.2159047921875 0.45238095312500004 0.2134687390625 0.4438095234375 0.2067695921875 0.4419047625 0.19824340468749999 0.4619047625 0.20067945781250002 0.47142857187500004 0.197634390625 0.48952380937499995 0.20067945781250002 0.49904761875 0.2067695921875 0.5057142859375
0 0.27527405625 0.509523809375 0.2807551765625 0.4857142859375 0.2874543234375 0.4780952375 0.28440925625 0.45999999999999996 0.27771010937499996 0.4438095234375 0.2746650421875 0.43904761875 0.2697929359375 0.44000000000000006 0.2630937875 0.4580952375 0.2637028015625 0.4761904765625 0.26674786875 0.49047619062500003 0.27527405625 0.509523809375
0 0.3258411921875 0.4528419375 0.3264502046875 0.46427050937500003 0.3319313265625 0.4728419375 0.333149353125 0.49569908125 0.3398485 0.505222890625 0.34411159375 0.48903241406250003 0.3520287671875 0.4928419375 0.350201728125 0.45379431875 0.3410665265625 0.4328419375 0.33680343281249997 0.4290324140625 0.3319313265625 0.4309371765625 0.33071329843749997 0.44046098593750005 0.3240141515625 0.444270509375 0.3234051375 0.4490324140625 0.3258411921875 0.4528419375
0 0.40255785624999996 0.4761904765625 0.4074299640625 0.467619046875 0.408647990625 0.4371428578125 0.4037758828125 0.42000000000000004 0.395858709375 0.42285714218750003 0.391595615625 0.44571428593749995 0.3909866015625 0.468571428125 0.395858709375 0.49619047656250004 0.3982947625 0.4980952375 0.40255785624999996 0.4761904765625
0 0.4656002234375 0.46666666718750005 0.47047233125 0.4352380953125 0.46925430468749996 0.42571428593749994 0.4607281171875 0.39904761875 0.455246996875 0.3961904765625 0.44976587500000004 0.4038095234375 0.44915686250000003 0.43809523749999996 0.455856009375 0.4438095234375 0.4631641703125 0.46666666718750005 0.4656002234375 0.46666666718750005
0 0.527405603125 0.46285714218749996 0.532277709375 0.468571428125 0.5328867234375 0.47428571406250003 0.5347137640625 0.470476190625 0.5267965890624999 0.42285714218750003 0.527405603125 0.412380953125 0.5225334953125 0.4066666671875 0.5140073078125 0.412380953125 0.5133982953125 0.43904761875 0.5164433625 0.4580952375 0.52131546875 0.470476190625 0.527405603125 0.46285714218749996
0 0.6004872109375 0.43809523749999996 0.599878196875 0.4238095234375 0.5919610234375 0.39904761875 0.5876979296875 0.4 0.5840438484375 0.407619046875 0.58038976875 0.44285714218749994 0.5797807546875 0.46666666718750005 0.5840438484375 0.468571428125 0.59744214375 0.45999999999999996 0.6004872109375 0.43809523749999996
0 0.65651644375 0.44571428593749995 0.6619975640625 0.44095238124999997 0.6577344703125 0.41333333281250006 0.6583434828125 0.4028571421875 0.6552984171875 0.39714285781249997 0.646163215625 0.4 0.641900121875 0.431428571875 0.6412911078125 0.44285714218749994 0.646163215625 0.45904761875 0.6540803890625 0.4571428578125 0.65651644375 0.44571428593749995
0 0.7277710109375 0.4371428578125 0.7168087703125 0.39904761875 0.7107186359375001 0.4 0.7070645546875001 0.411428571875 0.703410475 0.43904761875 0.7088915953125 0.4580952375 0.7137637031249999 0.45999999999999996 0.7277710109375 0.4371428578125
0 0.777101096875 0.470476190625 0.7789281359375 0.4761904765625 0.78380024375 0.46380952343750004 0.7850182703125 0.431428571875 0.77588306875 0.3952380953125 0.7691839218750001 0.3952380953125 0.764920828125 0.407619046875 0.7630937875 0.449523809375 0.7661388546875 0.467619046875 0.7691839218750001 0.46571428593749997 0.777101096875 0.470476190625
0 0.540194884375 0.5857142859375 0.53836784375 0.5599999999999999 0.540194884375 0.5561904765625 0.5353227765625 0.550476190625 0.5328867234375 0.54 0.5286236296875 0.5361904765625 0.52496955 0.5428571421874999 0.5219244828125 0.55904761875 0.5231425093750001 0.6066666671875 0.5286236296875 0.6142857140625 0.5328867234375 0.6142857140625 0.540194884375 0.5857142859375
0 0.603532278125 0.5914285718750001 0.6053593171875 0.5780952375 0.599269184375 0.54095238125 0.5919610234375 0.54 0.578562728125 0.5657142859375 0.5797807546875 0.5714285718750001 0.5876979296875 0.5771428578125 0.5962241171875 0.607619046875 0.603532278125 0.5914285718750001
0 0.6534713765625 0.6066666671875 0.654689403125 0.5923809531249999 0.6638246046875 0.5752380953125 0.6662606578125 0.5533333328125 0.6613885500000001 0.532380953125 0.65712545625 0.5304761906250001 0.65225335 0.5342857140625 0.6455542015625 0.5657142859375 0.6449451890625 0.5885714281250001 0.646163215625 0.5942857140625 0.6492082828125 0.5933333328125 0.6534713765625 0.6066666671875
0 0.71619975625 0.5419047625 0.7131546890625 0.5371428578125 0.7082825828125 0.5371428578125 0.705846528125 0.54095238125 0.7082825828125 0.5771428578125 0.7168087703125 0.5980952375 0.718635809375 0.5666666671875 0.71619975625 0.5419047625
0 0.7825822171875 0.5599999999999999 0.7764920828124999 0.5447619046875001 0.7764920828124999 0.532380953125 0.7691839218750001 0.527619046875 0.7655298421875 0.5352380953125 0.7637028015625 0.5752380953125 0.7868453109375 0.59904761875 0.7868453109375 0.5819047625 0.7825822171875 0.5599999999999999
0 0.5426309375 0.7476190468749999 0.5408038984375 0.7323809531250001 0.5334957375 0.709523809375 0.528014615625 0.708571428125 0.523751521875 0.7142857140625 0.5188794156250001 0.7523809531250001 0.52923264375 0.7847619046875 0.53836784375 0.770476190625 0.5426309375 0.7476190468749999
0 0.6114494515625 0.7466666671875 0.6114494515625 0.7361904765625 0.6065773453125 0.7209523812499999 0.6065773453125 0.7047619046875 0.604141290625 0.7 0.5962241171875 0.7 0.59317905 0.708571428125 0.591352009375 0.748571428125 0.5980511578125001 0.7580952375 0.603532278125 0.7838095234375 0.6114494515625 0.7466666671875
0 0.6699147375 0.769523809375 0.67356881875 0.7761904765625001 0.6729598046875 0.7428571421875 0.667478684375 0.7228571421875001 0.667478684375 0.711428571875 0.663215590625 0.7047619046875 0.658952496875 0.7047619046875 0.6540803890625 0.7142857140625 0.6516443359374999 0.7523809531250001 0.6577344703125 0.7733333328125 0.6619975640625 0.7752380953125 0.6699147375 0.769523809375
0 0.7320341046875 0.7847619046875 0.7369062125 0.771428571875 0.735079171875 0.7447619046875 0.7369062125 0.731428571875 0.72472594375 0.7142857140625 0.7198538375 0.7180952375 0.7168087703125 0.728571428125 0.7113276484375 0.7561904765625 0.7192448234375 0.7619047625 0.722289890625 0.7752380953125 0.7320341046875 0.7847619046875
0 0.7935444578124999 0.748571428125 0.7868453109375 0.7228571421875001 0.7831912296875 0.7180952375 0.777101096875 0.71904761875 0.777710109375 0.7542857140625 0.7868453109375 0.7942857140624999 0.7935444578124999 0.7666666671875 0.7935444578124999 0.748571428125
0 0.22592494687500003 0.96 0.2289700140625 0.9542857140625 0.23384212187500003 0.9276190468750001 0.23384212187500003 0.909523809375 0.230188040625 0.8847619046874999 0.22714297343749998 0.88095238125 0.221661853125 0.8819047624999999 0.21800777343750002 0.887619046875 0.2137446796875 0.908571428125 0.2143536921875 0.9323809531249999 0.21922579999999997 0.9419047624999999 0.2222708671875 0.9571428578125 0.22592494687500003 0.96
0 0.30116666875 0.9438095234375 0.307256803125 0.9352380953124999 0.3127379234375 0.91904761875 0.31334693593749996 0.8857142859374999 0.31151989687500004 0.8752380953125 0.3084748296875 0.871428571875 0.30299370937500003 0.8733333328124999 0.29507653437500003 0.8885714281249999 0.2956855484375 0.90095238125 0.2920314671875 0.9228571421874999 0.294467521875 0.9371428578125001 0.30116666875 0.9438095234375
0 0.36906211875 0.9457142859375001 0.37637027968750003 0.9333333328125001 0.38489646718750004 0.9038095234375 0.379415346875 0.8857142859374999 0.3806333734375 0.8742857140625 0.3727162 0.8647619046875 0.36358099843749997 0.867619046875 0.36540803906249997 0.8933333328125 0.3629719859375 0.9199999999999999 0.364799025 0.9352380953124999 0.36906211875 0.9457142859375001
0 0.43179049999999997 0.9457142859375001 0.43118148593749994 0.9295238093749999 0.4372716203125 0.911428571875 0.4354445796875 0.8885714281249999 0.43179049999999997 0.8733333328124999 0.42813641875 0.869523809375 0.4232643125 0.870476190625 0.4183922046875 0.8838095234375001 0.41961023124999997 0.8961904765625001 0.41473812499999996 0.9161904765625 0.422046284375 0.92095238125 0.43179049999999997 0.9457142859375001
0 0.43422655312499997 0.907619046875 0.43118148593749994 0.8933333328125 0.425700365625 0.8961904765625001 0.4244823390625 0.9038095234375 0.42752740625 0.910476190625 0.43118148593749994 0.911428571875 0.43422655312499997 0.907619046875
0 0.4866017046875 0.8819047624999999 0.4866017046875 0.868571428125 0.48172959843749996 0.86 0.4756394640625 0.8638095234375 0.47015834375 0.8838095234375001 0.47076735625 0.911428571875 0.482947625 0.9323809531249999 0.49147381250000005 0.9066666671875 0.4866017046875 0.8819047624999999
0 0.5481120578125 0.872380953125 0.544457978125 0.8561904765625 0.540194884375 0.8485714281250001 0.5347137640625 0.8485714281250001 0.532277709375 0.8523809531250001 0.532277709375 0.89904761875 0.5408038984375 0.9285714281249999 0.54628501875 0.9180952375 0.5481120578125 0.872380953125
0 0.6175395859374999 0.8980952375 0.6187576124999999 0.887619046875 0.608404384375 0.8533333328125 0.6029232640625 0.8533333328125 0.5986601703125001 0.871428571875 0.6004872109375 0.8819047624999999 0.59744214375 0.8980952375 0.6047503046875 0.9180952375 0.6175395859374999 0.8980952375
0 0.67417783125 0.9133333328125 0.6784409250000001 0.8923809531250001 0.6772228984375 0.8761904765624999 0.6705237515625 0.847619046875 0.663215590625 0.849523809375 0.6577344703125 0.8780952375 0.65712545625 0.8885714281249999 0.6662606578125 0.92095238125 0.6686967109374999 0.912380953125 0.67417783125 0.9133333328125
0 0.7369062125 0.9238095234375001 0.7399512796875001 0.91904761875 0.7442143734375 0.890476190625 0.7369062125 0.8609523812500001 0.7302070640625 0.86 0.722898903125 0.8800000000000001 0.7198538375 0.8971428578125 0.7259439703125 0.90095238125 0.73264311875 0.9219047625 0.7369062125 0.9238095234375001
0 0.802679659375 0.9 0.799025578125 0.872380953125 0.7917174171875 0.8571428578125 0.7868453109375 0.8580952375 0.7831912296875 0.870476190625 0.7825822171875 0.908571428125 0.7868453109375 0.9199999999999999 0.794762484375 0.9219047625 0.802679659375 0.9
0 0.0523751515625 0.9704761906250001 0.0590743 0.9485714281250001 0.0669914734375 0.9352380953124999 0.06333739375 0.8961904765625001 0.059683312499999995 0.8914285718749999 0.044457978125 0.89904761875 0.0395858703125 0.9180952375 0.0395858703125 0.9361904765625001 0.0426309375 0.950476190625 0.0523751515625 0.9704761906250001
0 0.13093788125 0.9638095234374999 0.13885505468749998 0.9666666671874999 0.1492082828125 0.911428571875 0.1406820953125 0.890476190625 0.1345919609375 0.890476190625 0.1285018265625 0.90095238125 0.12302070624999999 0.9238095234375001 0.12302070624999999 0.9333333328125001 0.1272838 0.9580952375 0.13093788125 0.9638095234374999
0 0.0538881421875 0.7942857140624999 0.0557151828125 0.7780952375 0.0538881421875 0.7552380953125 0.050843075 0.7476190468749999 0.0453619546875 0.7466666671875 0.0423168875 0.7504761906249999 0.0362267546875 0.7819047625 0.037444781249999996 0.810476190625 0.0435349140625 0.8152380953125 0.047188995312499996 0.8133333328125 0.0538881421875 0.7942857140624999
0 0.057247259375000005 0.6161904765624999 0.0566382453125 0.6057142859375 0.0523751515625 0.5933333328125 0.044457978125 0.5933333328125 0.0395858703125 0.6038095234374999 0.0389768578125 0.6161904765624999 0.035322776562500005 0.627619046875 0.0347137640625 0.6380952375 0.038367843750000005 0.6552380953125 0.05176613906250001 0.6542857140625 0.057247259375000005 0.6161904765624999
0 0.0468750078125 0.528571428125 0.0547921828125 0.5152380953125 0.062100342187500004 0.48666666718749996 0.0590552765625 0.4819047625 0.0584462625 0.46666666718750005 0.0547921828125 0.46285714218749996 0.0505290890625 0.4619047625 0.0426119140625 0.470476190625 0.043220928125 0.4828571421875 0.035303753125 0.5057142859375 0.0401758609375 0.5247619046875001 0.0468750078125 0.528571428125
0 0.0590743 0.37523809531249996 0.0645554203125 0.3466666671875 0.060901339062500004 0.33714285781250003 0.0602923265625 0.3266666671875 0.0523751515625 0.32095238125000003 0.046285018750000004 0.328571428125 0.04689403125 0.33714285781250003 0.0395858703125 0.349523809375 0.0408038984375 0.37333333281250003 0.0456760046875 0.3866666671875 0.052984165625 0.392380953125 0.0590743 0.37523809531249996
0 0.14007308125 0.46380952343750004 0.1382460421875 0.45999999999999996 0.13154689375 0.4561904765625 0.1266747875 0.45904761875 0.121193665625 0.49142857187500005 0.121193665625 0.511428571875 0.13093788125 0.511428571875 0.1406820953125 0.5009523812500001 0.14007308125 0.46380952343750004
0 0.12302070624999999 0.369523809375 0.1266747875 0.3866666671875 0.1364190015625 0.3780952375 0.141900121875 0.3628571421875 0.141900121875 0.349523809375 0.1382460421875 0.3266666671875 0.13154689375 0.31904761875 0.121193665625 0.3257142859375 0.1199756390625 0.3333333328125 0.12241169375000001 0.33999999999999997 0.1181486 0.36 0.11875761250000001 0.372380953125 0.12302070624999999 0.369523809375
0 0.13490594843749998 0.6619047625000001 0.14343213593749998 0.6266666671875 0.146477203125 0.587619046875 0.13916904218749998 0.5780952375 0.13125186875 0.57904761875 0.128815815625 0.6 0.12272568125000001 0.61904761875 0.1221166671875 0.630476190625 0.129424828125 0.648571428125 0.1300338421875 0.6619047625000001 0.13490594843749998 0.6619047625000001
0 0.121193665625 0.8066666671875 0.1345919609375 0.8019047625000001 0.1449451890625 0.7828571421875 0.1437271625 0.74 0.14007308125 0.7361904765625 0.13093788125 0.7361904765625 0.129719853125 0.74 0.1181486 0.7771428578124999 0.1181486 0.7847619046875 0.1242387328125 0.7980952375 0.121193665625 0.8066666671875
0 0.222898903125 0.7866666671875 0.23325213125 0.7542857140625 0.227161996875 0.7476190468749999 0.23020706406250002 0.73904761875 0.22411693124999998 0.7219047625 0.2119366625 0.7323809531250001 0.21010962187499999 0.769523809375 0.2125456765625 0.792380953125 0.22472594375 0.807619046875 0.222898903125 0.7866666671875
0 0.2868453109375 0.8009523812499999 0.30085261874999997 0.789523809375 0.3057247265625 0.7457142859375 0.30328867187499997 0.731428571875 0.296589525 0.71904761875 0.2911084046875 0.7209523812499999 0.28440925625 0.7361904765625 0.2874543234375 0.7438095234375 0.2831912296875 0.7647619046874999 0.2868453109375 0.78095238125 0.2868453109375 0.8009523812499999
0 0.3629529609375 0.7866666671875 0.361734934375 0.768571428125 0.363561975 0.7533333328125 0.3714791484375 0.73904761875 0.3580808546875 0.709523809375 0.3519907203125 0.711428571875 0.3465096 0.7266666671875 0.34224650625 0.7476190468749999 0.3495546671875 0.7533333328125 0.3580808546875 0.78 0.3629529609375 0.7866666671875
0 0.41778319062499997 0.72 0.408647990625 0.708571428125 0.3970767359375 0.72 0.39464068281250003 0.7238095234374999 0.41169305781250004 0.7952380953125 0.4208282578125 0.7495238093750001 0.41778319062499997 0.72
0 0.483518590625 0.741443825 0.483518590625 0.7252533484375 0.47742845625 0.7252533484375 0.467075228125 0.711920015625 0.462812134375 0.7138247765625 0.4591580546875 0.7243009671875 0.457940028125 0.75858668125 0.4701202953125 0.7871581109375 0.4762104296875 0.7566819203125 0.483518590625 0.741443825
0 0.2046285015625 0.38952380937500003 0.20706455468749999 0.37523809531249996 0.21680877031249998 0.3619047625 0.21680877031249998 0.3361904765625 0.2125456765625 0.3219047625 0.205237515625 0.3142857140625 0.20158343437499998 0.3152380953125 0.20097442187499998 0.3257142859375 0.19732034062499998 0.3333333328125 0.1948842875 0.352380953125 0.1954933015625 0.3780952375 0.20097442187499998 0.392380953125 0.2046285015625 0.38952380937500003
0 0.27527405625 0.3647619046875 0.27771010937499996 0.350476190625 0.27527405625 0.3133333328125 0.2722289890625 0.3047619046875 0.2661388546875 0.30095238125 0.25700365468749997 0.32 0.256394640625 0.34571428593750003 0.26735688125 0.3771428578125 0.269183921875 0.369523809375 0.27527405625 0.3647619046875
0 0.34287454375 0.349523809375 0.33861145000000004 0.327619046875 0.3422655296875 0.308571428125 0.33191230156249996 0.30095238125 0.32216808750000003 0.3066666671875 0.324604140625 0.34857142812499997 0.3294762484375 0.3657142859375 0.3337393421875 0.370476190625 0.34287454375 0.349523809375
0 0.38428745468750003 0.369523809375 0.4013398296875 0.34857142812499997 0.4031668703125 0.34095238125 0.40012180312499995 0.309523809375 0.395858709375 0.30095238125 0.3891595609375 0.3 0.383069428125 0.312380953125 0.38428745468750003 0.3219047625 0.3818514 0.3257142859375 0.378806334375 0.35904761875 0.38428745468750003 0.369523809375
0 0.4591961015625 0.3361904765625 0.4567600484375 0.3133333328125 0.4506699140625 0.2971428578125 0.44579780781249995 0.29904761875 0.4421437265625 0.3171428578125 0.4421437265625 0.3419047625 0.4549330078125 0.3638095234375 0.45797807500000004 0.3552380953125 0.4591961015625 0.3361904765625
0 0.2125456765625 0.649984746875 0.22168087656250002 0.61950855625 0.22777101093750002 0.609032365625 0.222898903125 0.5890323656249999 0.22472594375 0.570937128125 0.2131546890625 0.568079984375 0.20889159531249998 0.5766514140625 0.20889159531249998 0.590937128125 0.2040194890625 0.6023656984375 0.2040194890625 0.609984746875 0.2125456765625 0.649984746875
0 0.28472324531250004 0.6228571421875 0.2877683125 0.64 0.2956854859375 0.629523809375 0.299339565625 0.6066666671875 0.298730553125 0.5933333328125 0.3023846328125 0.58 0.29324943281250004 0.55904761875 0.2877683125 0.5580952375 0.2798511375 0.5647619046875 0.281678178125 0.5761904765625 0.2743700171875 0.5914285718750001 0.27619705781250004 0.61904761875 0.28472324531250004 0.6228571421875
0 0.3422655296875 0.6228571421875 0.349573690625 0.5980952375 0.34896467656249996 0.5819047625 0.3526187578125 0.5571428578125001 0.34774665 0.550476190625 0.34043848906249996 0.547619046875 0.33191230156249996 0.5752380953125 0.3294762484375 0.5980952375 0.332521315625 0.607619046875 0.333130328125 0.6219047625 0.3422655296875 0.6228571421875
0 0.4059169734375 0.62 0.41687921406250006 0.5819047625 0.41383414687500003 0.5561904765625 0.4083530265625 0.5457142859374999 0.401044865625 0.5457142859374999 0.39434571875 0.5571428578125001 0.396781771875 0.5933333328125 0.401044865625 0.611428571875 0.4059169734375 0.62
0 0.47259439687500004 0.587619046875 0.48233861093749997 0.58 0.482947625 0.5752380953125 0.4665042625 0.5428571421874999 0.46285018281249996 0.5466666671875 0.46041412968750006 0.5599999999999999 0.46102314218749996 0.587619046875 0.46589525 0.6047619046875 0.47015834375 0.6057142859375 0.47259439687500004 0.587619046875
0 0.0566382453125 0.2542857140625 0.059683312499999995 0.24666666718750002 0.06333739375 0.21904761874999998 0.062119367187499996 0.208571428125 0.0566382453125 0.2028571421875 0.04689403125 0.212380953125 0.0450669921875 0.2266666671875 0.040194884375 0.23714285781250002 0.0408038984375 0.2638095234375 0.0566382453125 0.2542857140625
0 0.137637028125 0.26 0.1345919609375 0.2438095234375 0.1364190015625 0.2047619046875 0.1321559078125 0.1933333328125 0.1266747875 0.192380953125 0.1236297203125 0.19714285781250002 0.121193665625 0.2066666671875 0.1157125453125 0.212380953125 0.11388550625 0.2266666671875 0.11449451875000001 0.2533333328125 0.1218026796875 0.251428571875 0.1345919609375 0.2628571421875 0.137637028125 0.26
0 0.19732034062499998 0.2628571421875 0.20158343437499998 0.25904761875000004 0.2046285015625 0.26095238125 0.20950060937499998 0.23238095312499998 0.20767356874999998 0.191428571875 0.2046285015625 0.187619046875 0.1954933015625 0.188571428125 0.1900121796875 0.2142857140625 0.188185140625 0.2561904765625 0.1894031671875 0.25809523749999996 0.1936662609375 0.2533333328125 0.19732034062499998 0.2628571421875
0 0.25152253281250003 0.2552380953125 0.264311815625 0.230476190625 0.2697929359375 0.2 0.26735688125 0.1857142859375 0.264311815625 0.18095238125 0.25822168125 0.18095238125 0.2557856265625 0.1942857140625 0.2509135203125 0.20095238124999998 0.2527405609375 0.2057142859375 0.25152253281250003 0.2552380953125
0 0.33008526250000003 0.2171428578125 0.3294762484375 0.20095238124999998 0.3209500609375 0.17333333281250002 0.315468940625 0.17333333281250002 0.3099878203125 0.18095238125 0.3130328875 0.192380953125 0.3087697921875 0.212380953125 0.3185140078125 0.24476190468749998 0.33008526250000003 0.2171428578125
0 0.8873325218750001 0.10761904687499999 0.8812423875000001 0.09714285781250001 0.8763702796875 0.0742857140625 0.8727161999999999 0.0742857140625 0.8684531062499999 0.0857142859375 0.870889159375 0.11904761875 0.8848964671875 0.1447619046875 0.8891595609375 0.1219047625 0.8873325218750001 0.10761904687499999
0 0.9390986609375 0.1371428578125 0.9476248484375001 0.1 0.9390986609375 0.0761904765625 0.9330085265625 0.0771428578125 0.9299634593749999 0.0847619046875 0.92752740625 0.09904761875 0.9299634593749999 0.11904761875 0.938489646875 0.131428571875 0.9390986609375 0.1371428578125
0 0.9585870890624999 0.23619047656249997 0.9537149812499999 0.231428571875 0.9500609015625001 0.21904761874999998 0.9476248484375001 0.18 0.9439707671875001 0.1761904765625 0.9390986609375 0.1780952375 0.9330085265625 0.19904761875000002 0.9317905 0.2161904765625 0.9390986609375 0.23238095312499998 0.9567600484375 0.24 0.9585870890624999 0.23619047656249997
0 0.9604141296875 0.309523809375 0.9488428750000001 0.2838095234375 0.9439707671875001 0.2838095234375 0.9415347140625 0.290476190625 0.9390986609375 0.32 0.9598051156249999 0.34095238125 0.96224116875 0.3342857140625 0.9604141296875 0.309523809375
0 0.9640682093749999 0.40095238125000005 0.9646772234375 0.392380953125 0.9591961015624999 0.38380952343749997 0.9518879421875001 0.388571428125 0.9524969546875001 0.427619046875 0.9665042625 0.44000000000000006 0.9689403171875 0.4152380953125 0.9640682093749999 0.40095238125000005
0 0.97076735625 0.59904761875 0.9713763703125 0.58095238125 0.9689403171875 0.5723809531249999 0.9665042625 0.528571428125 0.9628501828125 0.5238095234375 0.9585870890624999 0.5238095234375 0.9543239953124999 0.531428571875 0.9494518875000001 0.5638095234375 0.9585870890624999 0.5828571421875 0.9671132765625 0.5885714281250001 0.97076735625 0.59904761875
0 0.9671132765625 0.6971428578125 0.96224116875 0.6971428578125 0.9573690625 0.7038095234374999 0.9561510359375 0.73904761875 0.9744214375 0.769523809375 0.9695493296875 0.7019047625 0.9671132765625 0.6971428578125
0 0.9738124234375001 0.8638095234375 0.9671132765625 0.8638095234375 0.957978075 0.8847619046874999 0.9585870890624999 0.907619046875 0.9823386109375001 0.9342857140625 0.9792935437500001 0.872380953125 0.9738124234375001 0.8638095234375
0 0.9116930578125 0.9323809531249999 0.9190012187500001 0.8961904765625001 0.912911084375 0.8733333328124999 0.9037758828125 0.8609523812500001 0.900121803125 0.8647619046875 0.8970767359374999 0.890476190625 0.8964677218749999 0.907619046875 0.904993909375 0.9323809531249999 0.908647990625 0.9352380953124999 0.9116930578125 0.9323809531249999
0 0.8532277703125001 0.9352380953124999 0.8562728375 0.9238095234375001 0.8568818515625001 0.9038095234375 0.855663825 0.8790476187499999 0.849573690625 0.85904761875 0.84348355625 0.8571428578125 0.8392204624999999 0.8609523812500001 0.836784409375 0.872380953125 0.8380024359375 0.8857142859374999 0.8343483562499999 0.89904761875 0.8337393421874999 0.910476190625 0.836784409375 0.92095238125 0.8422655296875 0.9142857140625 0.8532277703125001 0.9352380953124999
0 0.845310596875 0.788571428125 0.8440925703125 0.78 0.8483556640625001 0.7476190468749999 0.8422655296875 0.7142857140625 0.837393421875 0.710476190625 0.832521315625 0.712380953125 0.8294762484374999 0.730476190625 0.8276492078125001 0.7476190468749999 0.8313032890625 0.7676190468749999 0.8416565171875 0.789523809375 0.845310596875 0.788571428125
0 0.8422655296875 0.5866666671874999 0.8459196109375 0.5723809531249999 0.845310596875 0.548571428125 0.8404384890625 0.548571428125 0.8343483562499999 0.5304761906250001 0.8282582218749999 0.5342857140625 0.82582216875 0.5447619046875001 0.82582216875 0.5780952375 0.8380024359375 0.59904761875 0.845310596875 0.6038095234374999 0.8422655296875 0.5866666671874999
0 0.8389254375 0.431428571875 0.836489384375 0.4028571421875 0.827963196875 0.38952380937500003 0.8212640484374999 0.40095238125000005 0.8224820749999999 0.44285714218749994 0.83466234375 0.46571428593749997 0.8377074109375 0.46476190468749995 0.8389254375 0.431428571875
0 0.832521315625 0.327619046875 0.8300852624999999 0.3057142859375 0.8227771015625001 0.289523809375 0.81790499375 0.290476190625 0.8148599265625001 0.30095238125 0.8142509140625 0.3142857140625 0.81790499375 0.332380953125 0.82643118125 0.3466666671875 0.832521315625 0.327619046875
0 0.8252131546875001 0.189523809375 0.81790499375 0.1780952375 0.8124238734375 0.1847619046875 0.8087697921875 0.2171428578125 0.8221680875 0.2352380953125 0.8276492078125001 0.2171428578125 0.8252131546875001 0.189523809375
0 0.8922046281249999 0.23238095312499998 0.8964677218749999 0.22000000000000003 0.8879415343750001 0.192380953125 0.8885505484375 0.1819047625 0.8806333734375 0.1761904765625 0.8727161999999999 0.19714285781250002 0.8727161999999999 0.20761904687500002 0.879415346875 0.2228571421875 0.8885505484375 0.23238095312499998 0.8922046281249999 0.23238095312499998
0 0.8922046281249999 0.352380953125 0.900121803125 0.32952380937500003 0.8964677218749999 0.3142857140625 0.8970767359374999 0.30285714218750004 0.9019488421874999 0.2980952375 0.8928136421874999 0.287619046875 0.883069428125 0.287619046875 0.878806334375 0.29333333281249996 0.879415346875 0.3171428578125 0.8763702796875 0.330476190625 0.8903775890625001 0.3447619046875 0.8922046281249999 0.352380953125
0 0.900121803125 0.4533333328125 0.9056029234375 0.42285714218750003 0.8982947625 0.3961904765625 0.89403166875 0.391428571875 0.8885505484375 0.391428571875 0.883678440625 0.4038095234375 0.883678440625 0.4342857140625 0.8946406828125 0.44666666718750003 0.8964677218749999 0.4533333328125 0.900121803125 0.4533333328125
0 0.900121803125 0.5438095234375 0.89403166875 0.5342857140625 0.8885505484375 0.54095238125 0.8885505484375 0.5771428578125 0.900121803125 0.6038095234374999 0.90255785625 0.5761904765625 0.900121803125 0.5438095234375
0 0.9116930578125 0.7752380953125 0.9116930578125 0.7542857140625 0.9080389765625 0.7219047625 0.900121803125 0.7142857140625 0.8928136421874999 0.7161904765625 0.8958587093749999 0.7619047625 0.9037758828125 0.7742857140625 0.9098660171875 0.7780952375 0.9116930578125 0.7752380953125