0 0.0184024125 0.18725135312500002 0.037747559375 0.1691970953125 0.0374179328125 0.1450748921875 0.036014595312499995 0.1257211046875 0.0308291234375 0.10981474531249999 0.022192796875 0.10589654531249999 0.017336953125 0.1141123875 0.0235162578125 0.155640921875 0.02060143125 0.173035609375 0.0175600796875 0.1787553765625 0.0184024125 0.18725135312500002
0 0.086405896875 0.108843775 0.086991878125 0.12515286406249998 0.0937354890625 0.14637625781250002 0.0915114953125 0.155140721875 0.087576209375 0.1570434296875 0.088418540625 0.1655394078125 0.094985675 0.16418532187499998 0.0973611703125 0.17254705625 0.10144960624999999 0.17218907187500002 0.107840265625 0.14825750937499999 0.104853815625 0.11813540781250001 0.0987993859375 0.10386326875 0.09432806875000001 0.1003594453125 0.0898051546875 0.10153453750000001 0.086405896875 0.108843775
0 0.16789330625 0.10404593437500001 0.1644158234375 0.1261642859375 0.17062505625 0.126399671875 0.1747634421875 0.1369442484375 0.1818666046875 0.14099669374999999 0.18534243749999998 0.13445981875 0.1876696328125 0.1163375171875 0.1812589515625 0.088073375 0.1731852796875 0.07943150624999999 0.1687389375 0.0813789609375 0.1649052046875 0.089505309375 0.16531305624999998 0.0988183953125 0.16789330625 0.10404593437500001
0 0.04560988125 0.24329905625 0.035388789062499995 0.24419401562499998 0.033853973437500004 0.2599097359375 0.038576690625 0.3023448765625 0.0424603765625 0.3051210859375 0.054342807812500005 0.30018532656249997 0.05628712500000001 0.2782012203125 0.051256456250000006 0.24825810937499998 0.04560988125 0.24329905625
0 0.10599254843749999 0.223209684375 0.10831644375 0.23625033437499998 0.10703798281250002 0.2441529421875 0.10427795625 0.247510878125 0.10481398593749999 0.2529174078125 0.10954165468749999 0.24860812187499998 0.11452402343750001 0.252067196875 0.11743555000000001 0.2658354625 0.12208499218749999 0.2763352890625 0.1225694203125 0.2864207359375 0.1250730921875 0.290875915625 0.1270407375 0.2899245625 0.1319748046875 0.26689960468749996 0.128936753125 0.24145642031249998 0.12198839218749999 0.22336722187500002 0.1172873484375 0.21754631249999998 0.10872759843749999 0.21440047187500003 0.10599254843749999 0.223209684375
0 0.1869064859375 0.2521088484375 0.19211693125 0.273466484375 0.19806980937500002 0.281514984375 0.1995263984375 0.2806083765625 0.20272255156250002 0.2608518578125 0.2000157796875 0.2439493984375 0.200017428125 0.2283679234375 0.19593064375 0.21314443125000002 0.190871696875 0.20891299375 0.1835121796875 0.212673659375 0.1793954671875 0.2387433140625 0.1788577875 0.24891825937499998 0.1869064859375 0.2521088484375
0 0.066495015625 0.40195806406249995 0.0625380546875 0.367246540625 0.0550270375 0.3538810078125 0.0466970125 0.353052253125 0.0448825203125 0.355548328125 0.0427351015625 0.36508515468749997 0.048122025 0.4090202703125 0.052568365625 0.40707281562500003 0.0618688984375 0.41249099375 0.066495015625 0.40195806406249995
0 0.1399620015625 0.3682579640625 0.1334247921875 0.3283189 0.1284174484375 0.3194085453125 0.12330690156249999 0.319856025 0.114720525 0.3268403796875 0.11507512812500001 0.3564138609375 0.12521634375 0.385909490625 0.1312457984375 0.39473035156249997 0.1351061578125 0.37647380625000004 0.1399620015625 0.3682579640625
0 0.2001149421875 0.34585150468750003 0.21150799375 0.377574725 0.217282746875 0.37862721875 0.21861280781249998 0.36604569531250003 0.22428600781250002 0.36087455 0.22027579687499999 0.3464234203125 0.219561640625 0.33402088750000003 0.2118974734375 0.31911063125 0.20742615781249998 0.31560680625000004 0.2023156109375 0.3160542859375 0.20044951875 0.3232292796875 0.20269684062499999 0.3354975703125 0.2001149421875 0.34585150468750003
0 0.24117886406250003 0.0945127828125 0.24212274687500002 0.1092324015625 0.248024025 0.121959815625 0.24861000625 0.13826890625 0.2550989140625 0.1517239359375 0.2561226734375 0.1360529640625 0.261055090625 0.12860948125 0.25970500625000004 0.08899530156249999 0.2557713703125 0.0753165328125 0.2508406015625 0.0671785375 0.238422140625 0.066707765625 0.24324970937499998 0.0842035953125 0.24117886406250003 0.0945127828125
0 0.2583400671875 0.1896144015625 0.25430158125 0.20087494218750002 0.255220490625 0.21014328125 0.26066231093750003 0.2182365265625 0.261810946875 0.22982195156250002 0.25971512812499997 0.234679859375 0.25994320625 0.252578421875 0.2615779203125 0.25866781875 0.266483715625 0.26135453124999997 0.272333390625 0.2787608640625 0.2732039984375 0.2615451703125 0.2813309234375 0.24992664531250003 0.27773186562499996 0.21362565 0.27285269687499997 0.200808740625 0.26301613281249997 0.18998403125000002 0.2583400671875 0.1896144015625
0 0.27123140625 0.30924095 0.271562684375 0.317781675 0.27820474375000004 0.332781428125 0.277180984375 0.3484523984375 0.28239308125 0.3542285609375 0.282085128125 0.366720590625 0.2854061578125 0.3742204671875 0.28530460625 0.36799682499999997 0.28944464375 0.362959925 0.293867659375 0.3399797140625 0.28934804375 0.3099918578125 0.2870491234375 0.30240248593749997 0.281990178125 0.29817104687499996 0.27325065 0.3036106796875 0.27123140625 0.30924095
0 0.3439270296875 0.30521292031249997 0.3387149328125 0.2994367578125 0.33015353125 0.3118723921875 0.32900324531249997 0.31586844375 0.3317882453125 0.3179617890625 0.33263057812499996 0.3264577671875 0.3307395125 0.3281814828125 0.33855683124999997 0.3446364625 0.3394757390625 0.3539048 0.33676566406249997 0.3681652921875 0.3382472296875 0.3727099671875 0.3421309125 0.37548617812499996 0.34346097656249996 0.36290465 0.34979838124999996 0.35923348125 0.3534007375 0.36437152500000003 0.3487296234375 0.31725746875 0.3439270296875 0.30521292031249997
0 0.32188566406249997 0.2222246078125 0.3308016671875 0.2393624515625 0.33394456875 0.239866325 0.336270115625 0.23732550156249999 0.338980190625 0.223065009375 0.3357889875 0.19607710312499999 0.3268729828125 0.17893925625 0.3230658734375 0.1769354078125 0.31818505468749997 0.179699971875 0.317314446875 0.1969156671875 0.3210183546875 0.20827735 0.32188566406249997 0.2222246078125
0 0.30480598593749997 0.081150925 0.30337437343749996 0.0875088078125 0.3077924359375 0.1112730265625 0.311547946875 0.1179557921875 0.311674471875 0.12963071406249999 0.313795265625 0.1302240828125 0.3235835296875 0.1145647578125 0.32373833125 0.10052800625 0.32103155625 0.08362554531250001 0.3155397828125 0.064629740625 0.3100979578125 0.056536495312500004 0.30519216562499996 0.05384978124999999 0.3018694859375 0.061931381249999994 0.30480598593749997 0.081150925
0 0.31395171718750003 0.10060585468750001 0.3181167296875 0.10102023281250001 0.320289125 0.0969346859375 0.31880756093749996 0.0923900109375 0.3121638515625 0.092971734375 0.311601196875 0.09769540156249999 0.31395171718750003 0.10060585468750001
0 0.38992851562499997 0.10781847656250002 0.3881423 0.08460288125 0.382497375 0.064062353125 0.3736313203125 0.05782706562499999 0.3716370515625 0.0689086171875 0.3748266046875 0.11147800000000001 0.3781992359375 0.11429895781249999 0.38507102187500003 0.1316157953125 0.38650098437499997 0.1408393859375 0.38992851562499997 0.10781847656250002
0 0.381987003125 0.2044970671875 0.38540958281250004 0.21822058437499997 0.3914140625 0.22159016406249998 0.39943613437500003 0.23491095 0.40344799531250003 0.2337806046875 0.39907988125 0.2209189453125 0.3950713203125 0.19088633906250002 0.38781665625 0.16970769375 0.38436745 0.16611437499999998 0.379180328125 0.1657894921875 0.37524339218749997 0.1832736734375 0.37557467031249997 0.1918144 0.381987003125 0.2044970671875
0 0.4056387640625 0.29747223749999996 0.403008565625 0.2813421390625 0.3992530578125 0.2746593734375 0.395445946875 0.272655525 0.3892866671875 0.2833226953125 0.387800153125 0.32552245 0.381845625 0.3330554265625 0.387107671875 0.34973414687500004 0.39868380000000003 0.34170894218750003 0.4056387640625 0.29747223749999996
0 0.412963403125 0.38174914531250004 0.415132496875 0.40882654843750005 0.41160506406249997 0.42004234374999994 0.4055489859375 0.42135168125 0.4029421125 0.4262543390625 0.4104547796875 0.424038396875 0.41477294374999996 0.425997496875 0.418783153125 0.44044862812499996 0.4219260578125 0.44095250156250004 0.4238937 0.4400011484375 0.4286230203125 0.42011038437500003 0.426940003125 0.3875369546875 0.4213966296875 0.37322006874999997 0.41730819218750004 0.3735780515625 0.412963403125 0.38174914531250004
0 0.45106937187499996 0.3137500640625 0.4526008859375 0.32919729375 0.45908979375000003 0.34265232343749996 0.4614153390625 0.3401115 0.4630267296875 0.3251681421875 0.457255278125 0.2929526953125 0.4508429453125 0.2802700265625 0.44777661875 0.28053851406249997 0.44437736250000004 0.287847753125 0.443967859375 0.294116140625 0.4466496578125 0.3055673203125 0.45106937187499996 0.3137500640625
0 0.44886022968750006 0.182281246875 0.44096633281250003 0.1650539078125 0.43250813125 0.16813170625 0.4342177734375 0.19057494218749998 0.44106293125 0.218021975 0.45082292031250004 0.22807432031250002 0.4548347828125 0.22694397500000002 0.45294701406250004 0.1975047390625 0.44886022968750006 0.182281246875
0 0.43925999375 0.111447721875 0.4433484296875 0.1110897375 0.44355483125 0.09237406718749999 0.4389836171875 0.067065128125 0.432724434375 0.0559271828125 0.42993943437500004 0.0538338390625 0.42447098437499997 0.0558707890625 0.4232691 0.064545759375 0.4279435171875 0.08049686406249999 0.42972973281250004 0.103712459375 0.43925999375 0.111447721875
0 0.47833317031249994 0.07920100937499999 0.483442065625 0.0943350046875 0.483568590625 0.1060099265625 0.487605428125 0.1103308609375 0.49121108593749996 0.084305953125 0.486794671875 0.044960259375 0.48449574999999995 0.0373708875 0.4769065078125 0.03881446875 0.4747341140625 0.042900015624999996 0.4766235296875 0.056757776562499994 0.4737852796875 0.0749248234375 0.47833317031249994 0.07920100937499999
0 0.5275209375000001 0.0865801265625 0.529308803125 0.0942142453125 0.5344443234375 0.0992180453125 0.5358759359375 0.0928601609375 0.534422646875 0.062603815625 0.530029559375 0.0442908765625 0.5245111609374999 0.0354252703125 0.5203461468749999 0.035010892187499996 0.5181737531249999 0.0390964390625 0.5170734171875 0.05399505 0.5210570046874999 0.07857637656250001 0.5275209375000001 0.0865801265625
0 0.5923016421875 0.0380592640625 0.5869363953125 0.030738381250000002 0.5826948078124999 0.029551642187499998 0.5800113578125 0.033681937499999995 0.578936 0.054031825 0.58396666875 0.0839749359375 0.5931140515625 0.087848390625 0.596846234375 0.073498403125 0.5952131703125 0.0518275296875 0.5923016421875 0.0380592640625
0 0.49361719062500004 0.1917645046875 0.49484240156250003 0.2041222890625 0.50386160625 0.2119023 0.5065434046874999 0.2233534796875 0.5113726234375 0.2252678328125 0.514695303125 0.217186234375 0.51515640625 0.20623892656249998 0.50588415 0.175109078125 0.4966102421875 0.15956070312499998 0.49216390312499997 0.1615081578125 0.4886364703125 0.1727239515625 0.488839571875 0.185171234375 0.49361719062500004 0.1917645046875
0 0.5122920046874999 0.30838940625 0.5190605921875 0.3350640796875 0.5237616328125 0.3408849875 0.526674809375 0.339071778125 0.5333201703125 0.3229085765625 0.5301555921875 0.28579047343749997 0.5209332859375 0.2655631828125 0.5150053812500001 0.2629659640625 0.5120406046875 0.26945809062500004 0.5137002953125 0.2809987671875 0.507744115625 0.304113221875 0.5122920046874999 0.30838940625
0 0.5657237265624999 0.3107225234375 0.56771634375 0.3152224484375 0.575050884375 0.3060105046875 0.5750275593749999 0.2849777484375 0.567952671875 0.25521363125 0.5656021515625 0.2523031765625 0.558242634375 0.2560638421875 0.55775655625 0.2615598703125 0.5620480953125 0.2736491671875 0.5664661578125 0.29741338281249996 0.5657237265624999 0.3107225234375
0 0.5607279328125 0.1927418390625 0.55917309375 0.1562618515625 0.5554175859375 0.1495790859375 0.5505367671875 0.15234365 0.5472140875 0.1604252484375 0.5462419281249999 0.171417303125 0.5495097078125 0.1991775703125 0.55364809375 0.209722146875 0.5592447203125 0.203778640625 0.5607279328125 0.1927418390625
0 0.598217996875 0.1497268140625 0.6008981453125 0.17675946874999998 0.6086888375 0.20334464375 0.6152576234375 0.1864090828125 0.61196486875 0.15319753593750002 0.6062683421874999 0.137335925 0.6024096328125 0.14001099374999998 0.598217996875 0.1497268140625
0 0.6199287390625 0.23352314062500001 0.6157637265625 0.23310876249999998 0.6136679093749999 0.2379666703125 0.61902820625 0.2920319828125 0.6253140125 0.2930397296875 0.6285850921875 0.28963704687499997 0.629429075 0.28255155 0.6257284656250001 0.24002691562499998 0.6199287390625 0.23352314062500001
0 0.6801050046875 0.23214943593749998 0.67614474375 0.22860086562499998 0.6707528703125 0.2314101765625 0.6752724875 0.2613980359375 0.6857200046874999 0.2939831140625 0.6911901031250001 0.2763646859375 0.6903993703125 0.263189790625 0.6860062828125 0.244876853125 0.6801050046875 0.23214943593749998
0 0.677784409375 0.187945834375 0.6773266062500001 0.167730190625 0.6697406640625 0.13801081875 0.6643238140625 0.135368853125 0.6582927109375001 0.1421294703125 0.656707946875 0.1469426296875 0.6584442109374999 0.1592556671875 0.666055128125 0.19442631875 0.6688401296875 0.19651966406250002 0.677784409375 0.187945834375
0 0.633109434375 0.0337070671875 0.6360475875 0.037345134375 0.643455403125 0.06006850312499999 0.642789546875 0.074150003125 0.6503771390625 0.0882878984375 0.6540061234375 0.0832957453125 0.657355428125 0.06508394843750001 0.6578165328125001 0.05413664218749999 0.6543173765625 0.039640765625000005 0.6472924390625 0.0207792046875 0.642591396875 0.01495829375 0.6379153296875 0.014588664062500001 0.6332376125 0.029800510937500004 0.633109434375 0.0337070671875
0 0.701847103125 0.019897729687499997 0.701692303125 0.033934481249999995 0.7124710984375 0.075060284375 0.72164675625 0.053222065625 0.718124275 0.0176934328125 0.7140624625 0.007921220312500001 0.70915666875 0.005234504687500001 0.701847103125 0.019897729687499997
0 0.7336724359375 0.143319884375 0.73027483125 0.13504764687499998 0.725726940625 0.130771459375 0.7193129578125 0.1336702671875 0.7182392484375 0.1384386828125 0.7257219890625 0.1775158859375 0.7304480078125 0.18878807656250002 0.7355585546875 0.1883405953125 0.7377575734375 0.17412485 0.7336724359375 0.143319884375
0 0.7493460390625 0.27750508281249997 0.7503697984375 0.2618341125 0.7459001328125 0.2427488125 0.741174115625 0.231476621875 0.7372138578125 0.2279280515625 0.7321798859374999 0.22914789062500002 0.73161723125 0.2338715578125 0.7326626640625 0.2548148171875 0.7382043890625 0.2847131796875 0.7460233578125 0.2855866828125 0.7493460390625 0.27750508281249997
0 0.7925103890625 0.232435084375 0.7873998453125 0.2328825625 0.7844350671875 0.23937469218750002 0.79020651875 0.2715901390625 0.8026732781250001 0.29854494531250003 0.8078370781249999 0.277837071875 0.801732696875 0.252662375 0.7959595953124999 0.2360284046875 0.7925103890625 0.232435084375
0 0.7894739875 0.1914104234375 0.7962475234374999 0.17134066875 0.78595315625 0.140300315625 0.777879484375 0.131658446875 0.7694462578125 0.1401875265625 0.767427015625 0.14581779687500002 0.7681927734375 0.1535414125 0.7788700171875 0.188443575 0.7840821140625 0.1942197359375 0.7894739875 0.1914104234375
0 0.7519804031249999 0.026414987499999997 0.7556810109375001 0.0689396234375 0.7613275875000001 0.073898675 0.7671805640625 0.0601420546875 0.7662899328125 0.02516204375 0.7622281203125 0.01538983125 0.7531306875 0.022418935937500002 0.7519804031249999 0.026414987499999997
0 0.816292903125 0 0.8080449078124999 0.0043665140625 0.806331965625 0.01308623125 0.8114158874999999 0.022768946875 0.8130755781250001 0.0343096234375 0.8128442 0.047574014062499996 0.8061488890625 0.05283465625 0.8061738640625 0.058285934375 0.8158839015625 0.057435723437499996 0.819409684375 0.06180140468749999 0.82053334375 0.0679355484375 0.8283007140624999 0.0734879703125 0.8333895859375 0.036426260937499996 0.8287667687500001 0.015796237499999997 0.8235296968749999 0.0045687984374999996 0.8172728875 0 0.816292903125 0
0 0.86605854375 0 0.86293085 0.0120257640625 0.8627510718750001 0.0206112359375 0.8670426125 0.032700534375 0.870310390625 0.060460803125 0.8721498578125001 0.06341600625 0.880633034375 0.065789484375 0.884235390625 0.0709275296875 0.8861797093750001 0.0489434203125 0.879131446875 0.00904910625 0.873878315625 0 0.86605854375 0
0 0.8398186421875 0.132467584375 0.8333280828125 0.1345940328125 0.8292130203125 0.1450822109375 0.83327318125 0.1704359 0.8417547078125001 0.18839085625000002 0.8483468171874999 0.1924880484375 0.851746071875 0.18517881249999998 0.8488628234375 0.145698875 0.8398186421875 0.132467584375
0 0.8887451046875 0.19440423906249998 0.8924506624999999 0.190184446875 0.8980739140624999 0.17411074531249998 0.8930698687499999 0.1340374390625 0.8915883062500001 0.129492765625 0.887704621875 0.1267165546875 0.8766395484375 0.1346970109375 0.8756424140625001 0.1402377859375 0.882179621875 0.18017685 0.8865477359374999 0.1930385078125 0.8887451046875 0.19440423906249998
0 0.8582034046875 0.2555084640625 0.8593803156250001 0.241382215625 0.8525335046875 0.2295166578125 0.8467587515625 0.22846416249999998 0.8435642484375 0.23263920625 0.8414934046875 0.24294839375000002 0.8542897937499999 0.2940254 0.8547758734375 0.28852937343749996 0.8604240984375 0.27790695 0.8582034046875 0.2555084640625
0 0.9062400015625001 0.22527972031250001 0.903608153125 0.2247310984375 0.9006433749999999 0.231223228125 0.9028890453124999 0.2590729921875 0.9132350140625001 0.285434428125 0.9169405718749999 0.2812146390625 0.9175032265624999 0.276490971875 0.912064703125 0.23723477499999998 0.9062400015625001 0.22527972031250001
0 0.059251190625000005 0.5358127140625 0.06947063125 0.5504992328125 0.0781868328125 0.5240268453125 0.0794403203125 0.51067295625 0.0762241421875 0.478233771875 0.0736954953125 0.46832731406250006 0.0688413015625 0.46096168125 0.0652639203125 0.4612749171875 0.0574948984375 0.471303971875 0.05930774062500001 0.48438937031249996 0.0575182234375 0.4923367265625 0.063546028125 0.5167390609375 0.059251190625000005 0.5358127140625
0 0.154945859375 0.5141895546875 0.1596985015625 0.5153315484375 0.1604941828125 0.4817620140625 0.15577146718749998 0.43932687656249997 0.152092534375 0.4334164703125 0.14286857656250002 0.42877065468750003 0.14095088281249998 0.44062456718750004 0.14069288124999998 0.4640191546875 0.1465175828125 0.47597420625 0.153540871875 0.51041724375 0.154945859375 0.5141895546875
0 0.22003286718749998 0.468758140625 0.22273964375 0.4856606 0.2248604359375 0.48625396875 0.2308931921875 0.46391187812499995 0.2292101765625 0.431338446875 0.2261704734375 0.42147673750000003 0.22037074687499997 0.4149729625 0.2151836265625 0.41464808125 0.21032778125 0.42286392343749996 0.21587005625 0.44756846250000004 0.212699978125 0.46238860937500004 0.22003286718749998 0.468758140625
0 0.29058172656250003 0.48361567812499995 0.2966627828125 0.48775761875 0.3042553265625 0.4551510859375 0.30234258281250004 0.420260571875 0.2971820875 0.40980549374999997 0.29002732343750004 0.41043196562500006 0.28537623125 0.41551361406250004 0.2832038375 0.41959916093749994 0.2872906234375 0.4348226546875 0.2887938609375 0.4759815578125 0.29058172656250003 0.48361567812499995
0 0.3400091234375 0.399823025 0.33893541250000003 0.4045914375 0.3398027203125 0.41853869374999997 0.3436864046875 0.42131490468750005 0.34672610625 0.4311766140625 0.354288725 0.439863228125 0.3579160578125 0.45045255156249997 0.3593709953125 0.465127421875 0.362590475 0.46640365624999996 0.3673447671875 0.451964171875 0.36744796874999996 0.4426063390625 0.3662993328125 0.4310209140625 0.36111386093750003 0.41511455625 0.3567707234375 0.4077041765625 0.348339146875 0.40065177968750004 0.3400091234375 0.399823025
0 0.473420996875 0.378013609375 0.46976703906250006 0.377554484375 0.46468146718750003 0.38345324375 0.4640672125 0.3928558265625 0.472650290625 0.41703442187500006 0.47650569843749996 0.4455223046875 0.4828447546875 0.42626965781250004 0.47975675156250003 0.3899239171875 0.473420996875 0.378013609375
0 0.5336655859375 0.45531964843750006 0.5381901515624999 0.43856307812499995 0.5343097671875 0.40462391875000003 0.5307590109375 0.39480695625 0.5231198171875 0.385347978125 0.520053490625 0.3856164671875 0.5175231921875 0.39129148593749996 0.521147225 0.433043759375 0.5250558843750001 0.4412712484375 0.5252589875 0.45371853125 0.5336655859375 0.45531964843750006
0 0.5785917406250001 0.40931631875 0.5823705734375 0.4370318390625 0.5844397671875 0.442304125 0.5886047796875 0.44271850312499994 0.5922087875 0.4322750734375 0.593209221875 0.3955713453125 0.5896584671875 0.3857543859375 0.586873465625 0.383661040625 0.5766773484375001 0.390007278125 0.5745815296875 0.3948651875 0.575117559375 0.40027171875 0.5785917406250001 0.40931631875
0 0.6382802765625 0.42902011875 0.63452806875 0.39117440000000003 0.631589915625 0.38753633125000003 0.6269138484375001 0.3871667015625 0.62213458125 0.3961549078125 0.6221845312500001 0.4070574640625 0.6285702390625 0.4298703296875 0.6280075843749999 0.43459399374999996 0.6353154984375 0.43551224531250005 0.6382802765625 0.42902011875
0 0.6873964203125 0.388882446875 0.682389075 0.37997209062500004 0.6792461703125 0.379468215625 0.6747998296875 0.3814156703125 0.6732916421875 0.3870011921875 0.6775798796875 0.43025344218750006 0.685115871875 0.4490702546875 0.6885917046875 0.442533378125 0.6905093953125 0.4306794671875 0.6873964203125 0.388882446875
0 0.753247534375 0.366756121875 0.749082521875 0.36634174375 0.742054284375 0.37864313437499997 0.7425387140625 0.388728584375 0.7539817156249999 0.43135435937500005 0.760267521875 0.43236210937499997 0.7661204984375 0.41860549062499997 0.75838305625 0.371759921875 0.753247534375 0.366756121875
0 0.8150318890625 0.3816020140625 0.8132440234375 0.3739678921875 0.8099479687500001 0.3719192953125 0.8016945218749999 0.3718629 0.8003910843750001 0.3743142296875 0.8025585281250001 0.4169731078125 0.8119090109375 0.43329384375 0.8158709203125 0.421260940625 0.8174823124999999 0.40631758281249997 0.8150318890625 0.3816020140625
0 0.8722966296875001 0.36646004374999996 0.868694271875 0.3613220015625 0.8638650531250001 0.3594076484375 0.8600829203125 0.362855078125 0.8595951890625001 0.38393258124999996 0.8616361078124999 0.4149165390625 0.8675373859375 0.42764395625 0.8769677453125 0.4135741015625 0.876459990625 0.3824558984375 0.8722966296875001 0.36646004374999996
0 0.9337980046875 0.3992492421875 0.9305552015625 0.376940253125 0.9243992234375 0.356444475 0.9193402781250001 0.35221303593750003 0.9100380937500001 0.362376334375 0.910675675 0.37400650625 0.92127634375 0.40813630468750006 0.9251600281249999 0.4109125171875 0.9296829453125 0.40973742343749997 0.9337980046875 0.3992492421875
0 0.077993140625 0.6479153875 0.0921462171875 0.6762806718750001 0.09094433125 0.6849556406249999 0.09377928125 0.6979515453125 0.09447011250000001 0.689321321875 0.10188122968749999 0.6808817390625 0.0997637359375 0.64912541875 0.0950893203125 0.6331743125 0.087501725 0.61903641875 0.0812924953125 0.6188010328125 0.077330584375 0.630833934375 0.0789652984375 0.63692333125 0.077993140625 0.6479153875
0 0.1609121609375 0.6367596625 0.170848625 0.6693894859375 0.17450258125 0.6698486124999999 0.1779784125 0.6633117359375 0.17872084531250002 0.6500025968750001 0.1765783765625 0.6127949984375001 0.1666918609375 0.59106773125 0.16313945624999998 0.5968322453125 0.1550391578125 0.598320575 0.1567238234375 0.6153125296875 0.1619608953125 0.6265399703125001 0.1609121609375 0.6367596625
0 0.23719077031250002 0.595022709375 0.23700934375 0.6191896578125 0.2448266640625 0.6356446375 0.2499888109375 0.6305182406250001 0.2519830796875 0.619436690625 0.2587549640625 0.6149484109375 0.2541055234375 0.604448584375 0.2517067 0.5750540953125001 0.2436080546875 0.56096095 0.23670634218750003 0.5849372609375 0.2284012921875 0.5895597828125 0.23719077031250002 0.595022709375
0 0.306645896875 0.562452953125 0.3034247671875 0.57675819375 0.3016852 0.5956081078125 0.308252334375 0.594254021875 0.309504171875 0.5964816093749999 0.313845659375 0.6194734671875 0.3087850640625 0.6308235046874999 0.3142784890625 0.6342378328125 0.3157600515625 0.63878250625 0.3158116515625 0.6341035890625 0.32309459218750003 0.6295705609375 0.32424487812499997 0.6255745109374999 0.3250905109375 0.6029075359375 0.32067409687500004 0.5635618421874999 0.315462 0.5577856828125001 0.306645896875 0.562452953125
0 0.396638153125 0.5966428234375 0.3883114296875 0.5646511140625 0.38522012499999997 0.5594683234375 0.379292221875 0.5568711046875 0.3732860953125 0.569083 0.3723905109375 0.580847415625 0.376350771875 0.5843959875 0.3856480046875 0.6209771171875 0.3966614796875 0.617675578125 0.396638153125 0.5966428234375
0 0.4387027328125 0.5477737859375 0.4282252875 0.55648185625 0.42664052343750003 0.5612950171875 0.429295696875 0.58287639375 0.43642218593750004 0.6079615953124999 0.4489172234375 0.609204728125 0.4505785609375 0.6051639296875 0.44233006562500005 0.5583631078125 0.4387027328125 0.5477737859375
0 0.49004439843750003 0.531140546875 0.4858277859375 0.5354050875 0.4837819171875 0.5511655531249999 0.486383840625 0.5930073234375 0.49320567656250003 0.5994216015625 0.49632360468750003 0.594474196875 0.49936660625 0.5731729546875 0.49451571562499996 0.534644371875 0.49004439843750003 0.531140546875
0 0.5470663296875 0.590482925 0.5506187375 0.5847184109375 0.5507235875000001 0.5597791015625 0.5465352515624999 0.5383319671875 0.542574990625 0.5347833953125 0.5369533890625 0.5352756234375 0.5309988609375 0.5428086000000001 0.532224071875 0.5551663875 0.5378956234375 0.5655767171875 0.5422371109374999 0.588568571875 0.5470663296875 0.590482925
0 0.6190267765625 0.5467868734375 0.6124363171875 0.527108203125 0.608552634375 0.5243319921875 0.605869184375 0.5284622875 0.6026730296875 0.5482188078125 0.6041529421875 0.5683449546875 0.6141676328125001 0.586165665625 0.6157507468750001 0.5969339812500001 0.6207114421875 0.5637788265625 0.6190267765625 0.5467868734375
0 0.679121515625 0.591385234375 0.676927446875 0.5588565515624999 0.6699790859375 0.540767353125 0.6657374968750001 0.5395806125 0.661520884375 0.543845153125 0.65978296875 0.5471135921875 0.66409948125 0.5646541671875001 0.6652980671875001 0.5871421484375 0.6763864671875 0.600194446875 0.679121515625 0.591385234375
0 0.7191185515625 0.521662434375 0.7213642218749999 0.5495122 0.728337559375 0.573052678125 0.7314288609374999 0.57823546875 0.7383022968749999 0.5799708296875 0.733018575 0.52667788125 0.7287520140625 0.5200398625 0.7191185515625 0.521662434375
0 0.7814394984375 0.523217209375 0.7774792390624999 0.5196686374999999 0.7699665703125 0.5218845796875 0.7719575390625 0.54196598125 0.777780590625 0.5695025109375 0.786876371875 0.5780548828125001 0.7911445859375 0.569111425 0.7863186671875 0.536034121875 0.7814394984375 0.523217209375
0 0.827513725 0.5074969515625 0.820793440625 0.5073063125 0.8171894328124999 0.5177497453125001 0.8205088109374999 0.5408310968750001 0.8295263671875001 0.56419258125 0.8368342828124999 0.565110834375 0.84071961875 0.55230556875 0.8314739859375001 0.5110455218750001 0.827513725 0.5074969515625
0 0.9015334656249999 0.5625620375 0.8971170515625 0.5232163453124999 0.8878681171875 0.5131192484375 0.8795380921874999 0.51229049375 0.8759091109374999 0.517282646875 0.8777469265625 0.5358193250000001 0.88119613125 0.5394126453125 0.8883742203124999 0.5598189296875 0.8966526453125001 0.5653266015625 0.9015334656249999 0.5625620375
0 0.9547347437499999 0.5532293328125 0.9566008343749999 0.546054340625 0.95345958125 0.529968990625 0.9442122984375001 0.5042904187499999 0.9423728312499999 0.5013352171875 0.93317385 0.5021406796875 0.930132496875 0.507860446875 0.9303872 0.515628809375 0.9386123734374999 0.5413968765625 0.947656553125 0.554628165625 0.9547347437499999 0.5532293328125
0 0.907474790625 0.6796808640625 0.910231515625 0.70748588125 0.92172776875 0.729851265625 0.9250754234375 0.7272209453125 0.92729941875 0.7184564796874999 0.9232142828125 0.6876515125 0.9158564171875 0.6758307046875001 0.907474790625 0.6796808640625
0 0.9725069015625 0.67009131875 0.9661711437499999 0.6581810124999999 0.9581474218749999 0.660441703125 0.9551060687499999 0.6661614703125001 0.9569455359375001 0.6691166734375 0.9618730046874999 0.7084176171875 0.9719143203125 0.7161081328125001 0.9748541203125001 0.7041647249999999 0.9725069015625 0.67009131875
0 0.089424590625 0.79961149375 0.09241599218749999 0.7829891671875 0.0898124203125 0.7567288750000001 0.0864148140625 0.7484566375 0.08033375937500001 0.7443146953124999 0.0732039703125 0.7503924453125 0.07113312656250001 0.7607016343749999 0.0749619109375 0.7993197125 0.0781297875 0.805274865625 0.0840576921875 0.807872084375 0.089424590625 0.79961149375
0 0.0800609046875 0.9079425625 0.0794716234375 0.9227964249999999 0.085474453125 0.9417474796875 0.0909162765625 0.9498407265625 0.1026955078125 0.954262803125 0.1050726546875 0.9470430609375 0.10328643906249999 0.9238274656250001 0.0956755203125 0.8886568140625 0.09133237968749999 0.8812464359375 0.08177549687499999 0.8836413703125 0.0782230890625 0.8894058828125001 0.076791475 0.89576376875 0.0800609046875 0.9079425625
0 0.17749420625 0.8923997 0.1750404828125 0.8988470812499999 0.1871743171875 0.9328426359374999 0.1845924171875 0.9431965734375 0.1896263875 0.9419767328124999 0.1913892796875 0.9441595734374999 0.19195028281249998 0.9550173828125 0.196241821875 0.9671066796875 0.2002320078125 0.9293621046875 0.1955608921875 0.8822480484374999 0.19024724531249998 0.870248246875 0.18030748125 0.8687813734375001 0.1748373828125 0.8863998000000001 0.17749420625 0.8923997
0 0.167922246875 0.7958545015625 0.1712183015625 0.7979031 0.1771195765625 0.8106305140625001 0.18424936875 0.8045527640625 0.1827727546875 0.7532636640625 0.17937514999999998 0.7449914265625 0.1736519984375 0.7392600140625001 0.1647077171875 0.7478338390625 0.162688475 0.7534641093750001 0.1641683890625 0.7735902593749999 0.1697117625 0.7879071468750001 0.167922246875 0.7958545015625
0 0.2626372203125 0.872479509375 0.2556356078125 0.8746507031249999 0.2514955703125 0.8796876078125001 0.2422965875 0.8804930703125 0.2462302234375 0.8941718375000001 0.244670434375 0.9044362796875 0.2530254328125 0.9107163140625 0.2534316375 0.9356108765625001 0.2577747765625 0.94302125625 0.26119735624999996 0.9567447734375 0.2674831625 0.9577525203125001 0.2756633359375 0.9258736015625001 0.27229235625000003 0.9074711687500001 0.2744397765625 0.8979343406250001 0.271195321875 0.8912068265625 0.27086404375 0.8826661015624999 0.2670319609375 0.8752109734375001 0.2626372203125 0.872479509375
0 0.2607511046875 0.8274587984374999 0.2631782015625 0.8311416156250001 0.26831702343749997 0.8049824640625 0.27179285468750003 0.7984455859375 0.271360025 0.783681221875 0.27619089375 0.7700140984375 0.272154059375 0.7656931640625 0.2699833125 0.7541972375 0.26638095625 0.7490591921875 0.2615517375 0.7471448406250001 0.2546000734375 0.7602185921875 0.2559018609375 0.7733487390625 0.2531917875 0.7876092328125 0.2607511046875 0.8274587984374999
0 0.3234392921875 0.7526328953125 0.3216731015625 0.78161300625 0.32251543437499997 0.7901089828125001 0.3283917375 0.7973851203125 0.3296668984375 0.8206454609374999 0.3361840828125 0.8083888187499999 0.338434703125 0.7894941578125 0.34300921875 0.783640146875 0.3393818875 0.773050825 0.3386943546875 0.7505180953125 0.332997828125 0.7346564859375 0.3284749125 0.7358315796875 0.3222390578125 0.7457263875 0.3234392921875 0.7526328953125
0 0.34547141406250004 0.9384588015625001 0.359629440625 0.9200796609375 0.3545221953125 0.8893641875 0.346934603125 0.8752262953125 0.3426164390625 0.87326719375 0.33817010000000003 0.8752146484375001 0.3313715875 0.889833121875 0.3289428421875 0.901731784375 0.33908570781249997 0.9156459375000001 0.3415627546875 0.9302313124999999 0.34547141406250004 0.9384588015625001
0 0.399829578125 0.8628041421875 0.40700436875 0.9143733765625001 0.4119351359375 0.922511371875 0.4147467609375 0.91447451875 0.41638477656250006 0.889400965625 0.41362805312499995 0.8615959468750001 0.408927009375 0.8557750390625 0.399829578125 0.8628041421875
0 0.38982974062500003 0.7047501515625 0.388526303125 0.7072014796875 0.3914112046875 0.7310999421875 0.38757746875 0.7392262890625 0.3825434984375 0.7404461296875 0.3917408328125 0.7552221421875001 0.3919955359375 0.7629905046875 0.3898997140625 0.7678484171875 0.3931691453125 0.780027209375 0.3965684 0.772717971875 0.4013976171875 0.774632325 0.407914803125 0.76237568125 0.40983579687500005 0.71935881875 0.4084058328125 0.7101352265624999 0.403781365625 0.7050866796874999 0.38982974062500003 0.7047501515625
0 0.45953296562499996 0.7422746625000001 0.45490685 0.7528075890625 0.4544973453125 0.759075978125 0.45582575781249995 0.7620759296874999 0.45953131562499994 0.7578561374999999 0.4659702734375 0.760408609375 0.46952103125000005 0.77022556875 0.47457997656249995 0.77445700625 0.47639446718749995 0.7719609296875001 0.47583841250000003 0.71435869375 0.465593996875 0.6942208984375 0.462093190625 0.6953064953125 0.457109171875 0.7074288937500001 0.45953296562499996 0.7422746625000001
0 0.46631497499999996 0.8834709421875001 0.4701986609375 0.886247153125 0.47351968906249997 0.8937470281250001 0.47819410625 0.909698134375 0.4807727046875 0.9305071484375 0.48358432812499996 0.9224702984375 0.484889415625 0.90443749375 0.4845081875 0.8849942109375 0.4800651484375 0.8557787125 0.4754673078125 0.84059996875 0.4715070484375 0.8370513984375 0.46532279218749995 0.8422672906249999 0.46345669999999994 0.849442284375 0.46631497499999996 0.8834709421875001
0 0.543202890625 0.8790758343749999 0.5434125937500001 0.8291972124999999 0.5415481515625 0.8207907296875 0.533269728125 0.81528305625 0.527187021875 0.826722590625 0.5298172203125 0.8428526890624999 0.530579678125 0.88173925625 0.53249571875 0.8854668203125 0.5361496781249999 0.8859259453125 0.543202890625 0.8790758343749999
0 0.519962284375 0.7642507984375 0.524103971875 0.743632421875 0.51685260625 0.6912908265625 0.5126626203125 0.6854251703124999 0.50849760625 0.6850107921874999 0.5047920484375 0.6892305828125 0.5035901625 0.69790555 0.51045865 0.7463853390625 0.5149549390625 0.75534044375 0.5164614765625 0.7653363953125 0.519962284375 0.7642507984375
0 0.5598767062500001 0.73738389375 0.5716809109375001 0.7472572484375 0.5745691125 0.7399927578125001 0.57602735 0.7235046781250001 0.574266109375 0.7057403625 0.5655548578125 0.6854683234375 0.55857821875 0.6930907953125 0.5562776484375 0.7010828984375 0.55998155625 0.712444584375 0.56123174375 0.7302536484375 0.5598767062500001 0.73738389375
0 0.5955085875 0.8815075437500001 0.5943066984375001 0.8901825125 0.5970151234375 0.8915034953125 0.5975528031249999 0.8813285515624999 0.60345573125 0.87847449375 0.60460601875 0.8744784421875 0.6039700875 0.84726679375 0.600011478125 0.828136746875 0.5950291078125 0.8246776703125 0.5894840828125 0.8259422578125 0.588766625 0.844702675 0.5913701984374999 0.87096296875 0.5955085875 0.8815075437500001
0 0.6588543796875 0.8705075203125 0.6601578171875 0.8680561906250001 0.65821845 0.8432958734374999 0.6521140703125 0.8181211749999999 0.6457267125 0.8108897859375 0.641203796875 0.8120648781250001 0.6396956078125 0.8176504015624999 0.6406394921875 0.8323700203125 0.6446497015625 0.8468211515625 0.6550472703125 0.8685036703125 0.6588543796875 0.8705075203125
0 0.61829116875 0.7369435203125 0.6143292578125 0.7489764250000001 0.61560606875 0.7566552921875 0.616603203125 0.7511145171875 0.621841925 0.7467604828125001 0.6277182265625 0.75403661875 0.6343119859375 0.7425523359375 0.6345683390625 0.734739225 0.6291048406249999 0.6900317484375 0.6256556343749999 0.686438428125 0.6215671984375 0.6867964109375 0.6172740078125 0.690288590625 0.6162002984375 0.695057003125 0.61829116875 0.7369435203125
0 0.6983486109375 0.722922090625 0.6907127187500001 0.6823001609375 0.6871103609375 0.6771621171875 0.683021925 0.677520103125 0.6794695171875 0.683284615625 0.6850345671875 0.7342157328125001 0.69078269375 0.7453984265625 0.6948711296875001 0.7450404421875 0.69768275625 0.7370035890625 0.6983486109375 0.722922090625
0 0.70904588125 0.81001995625 0.7064140328125 0.809471334375 0.702350571875 0.8152805984375 0.7054385734374999 0.851626340625 0.7102411656250001 0.8636708921875 0.7184430171875 0.868406203125 0.7170147046875 0.8436011359375 0.712213759375 0.8159751109375 0.70904588125 0.81001995625
0 0.7670714281250001 0.84934603125 0.7730759078125 0.8527156124999999 0.7759141578125 0.834548565625 0.7729027312500001 0.7989751828125 0.76595436875 0.7808859828125 0.7613548765625 0.781288715625 0.7583135234375 0.787008484375 0.7581836984375 0.8064965140625 0.7632643171875 0.8473421828125 0.7651803609375001 0.8510697468749999 0.7670714281250001 0.84934603125
0 0.7514949890625 0.7494312546875 0.7570932640625 0.7279062703125 0.7494573703125 0.68728434375 0.7462129171874999 0.6805568281250001 0.740566340625 0.6755977765625001 0.7361965781250001 0.6783175921875 0.7347649656249999 0.684675478125 0.7356322734375 0.698622734375 0.7407411671874999 0.7137567312499999 0.7453889593749999 0.7398380328124999 0.7514949890625 0.7494312546875
0 0.819129021875 0.7816834765625 0.8140184749999999 0.7821309578125 0.8106192203125 0.78944019375 0.8199148031249999 0.8416027968750001 0.82875588125 0.8423868046875 0.83154253125 0.8288986765624999 0.8296547656250001 0.7994594375 0.8271261171875001 0.7895529828125001 0.819129021875 0.7816834765625
0 0.8094047921874999 0.725197425 0.8120116640624999 0.7202947671875 0.80986754375 0.6986686421875 0.8107631281250001 0.686904228125 0.8156971984375 0.6638792703124999 0.8144453625000001 0.6616516796874999 0.8097942703125 0.6667333296875 0.7997779296874999 0.6644940953125 0.7964302734375 0.667124415625 0.803758215625 0.7202383718750001 0.8051632015625 0.7240106859375001 0.8094047921874999 0.725197425
0 0.8663823703125001 0.717557846875 0.8652087609375 0.70052114375 0.8596154374999999 0.6753017 0.8549909703124999 0.6702531515625 0.8488067140625001 0.6754690437499999 0.8508726078125 0.711904284375 0.8552140953125 0.7348961390625 0.8580756703124999 0.7377618453125 0.8613467515625001 0.7343591640625 0.8663823703125001 0.717557846875
0 0.880625446875 0.861217103125 0.88655335 0.8638143203125 0.8890852984375 0.8425578265624999 0.884743809375 0.8195659703124999 0.8767217390625 0.8062451859375 0.8687496156250001 0.803826959375 0.8670882765625001 0.8078677593749999 0.8689260921875 0.8264044374999999 0.8731410546875 0.837721371875 0.8756946796875 0.8530791093750001 0.880625446875 0.861217103125
0 0.9290790328125 0.8039979781250001 0.9221539953125 0.8069415359375001 0.9201347515625 0.81257180625 0.9256498515624999 0.8526003640625 0.9352566875000001 0.8611079875 0.9400359546875 0.8521197828125 0.93715270625 0.812639846875 0.9345724578124999 0.80741230625 0.9290790328125 0.8039979781250001
0 0.9955927078125001 0.79895310625 0.9909948640625 0.7837743609375 0.9864469734375 0.7794981765625 0.9823069359375 0.7845350765625 0.9810284765624999 0.7924376843750001 0.9859043421875 0.836417546875 0.9932622078125 0.8482383562500001 0.99696776875 0.844018565625 0.9980930765625 0.834571234375 0.9955927078125001 0.79895310625