0 0.090060215625 0.09847635625 0.113143365625 0.08674112187500001 0.11921496250000001 0.0639877875 0.12300868437500001 0.04542450625 0.12231124687499999 0.029078209375000004 0.1151759765625 0.023062946875 0.108406940625 0.029469984375 0.10326434531249999 0.07015842343749999 0.0959029890625 0.08571407343750001 0.0915114640625 0.0902662453125 0.090060215625 0.09847635625
0 0.17515790625 0.043184968750000004 0.171396484375 0.0586666890625 0.17216125625 0.08042973125 0.16773743593749998 0.088063459375 0.16351014218749998 0.08878769843749999 0.16205889375 0.096997809375 0.16863140000000001 0.0975002640625 0.1686664390625 0.1059985671875 0.17262986875 0.106767078125 0.1850101109375 0.086008946875 0.190155446875 0.05690036875 0.1882032890625 0.0418546921875 0.1848995171875 0.0373543125 0.18030872343749998 0.0372361125 0.17515790625 0.043184968750000004
0 0.2535353046875 0.060698228124999996 0.2443915 0.08053999375000001 0.250204715625 0.08243913281250001 0.25133024375 0.09346475 0.25697923125 0.099191821875 0.2619981140625 0.093989340625 0.268995971875 0.07759125312500001 0.27040944375 0.0493029765625 0.2650566203125 0.039001596875 0.260333896875 0.039629771875000004 0.2545557203125 0.0462289359375 0.252477109375 0.055089357812499996 0.2535353046875 0.060698228124999996
0 0.100973353125 0.158489071875 0.0910647765625 0.156567796875 0.08545356875 0.1709188890625 0.0786927546875 0.2120655140625 0.08163303125 0.21572345468749998 0.09418298281250001 0.21429711562499998 0.1018405 0.194167159375 0.105004121875 0.1646743265625 0.100973353125 0.158489071875
0 0.16342695000000002 0.1559316859375 0.1621749671875 0.16881216875 0.1588739375 0.1758916515625 0.1553736359375 0.1783007640625 0.1544501140625 0.18352538125 0.1600640609375 0.18075415 0.1638632625 0.1853505921875 0.162974778125 0.1990735125 0.1645957375 0.2101951921875 0.1623851984375 0.2198019875 0.1635753234375 0.224664484375 0.165688971875 0.22430236718750002 0.1764509921875 0.20400242031250002 0.180309309375 0.1792760203125 0.17852138125 0.16040241093750002 0.175613403125 0.153662909375 0.1683462 0.14839402031249999 0.16342695000000002 0.1559316859375
0 0.232344390625 0.20495032968750002 0.2316228765625 0.2264251796875 0.235125915625 0.2355959296875 0.2367441328125 0.2351377453125 0.244996715625 0.21743903750000002 0.2469083546875 0.2008266875 0.251033275 0.18618740312499998 0.25119476406249996 0.17077960781249998 0.24752749375 0.165436790625 0.2395683328125 0.16698132968749999 0.2287740125 0.1903628359375 0.22557261562500003 0.1997775046875 0.232344390625 0.20495032968750002
0 0.07874971562500001 0.313202715625 0.08419121406249999 0.2795198296875 0.0806208359375 0.2649323359375 0.0729578359375 0.2619025671875 0.070580325 0.263757434375 0.0660245734375 0.2721375375 0.059495325 0.31487297187499996 0.06421805 0.3142447984375 0.0715848859375 0.3218488734375 0.07874971562500001 0.313202715625
0 0.157186228125 0.3013931359375 0.1615695296875 0.262101378125 0.159189278125 0.2523763796875 0.15423499062499998 0.25141574375000003 0.1442618171875 0.2556575859375 0.13677126875 0.28353947343749997 0.1385619375 0.31399294375000003 0.141933046875 0.32391006718750004 0.15041719375 0.307800171875 0.157186228125 0.3013931359375
0 0.22003561875000002 0.2965966265625 0.22242135 0.329481346875 0.2276072046875 0.332030796875 0.23219525624999998 0.320569134375 0.2389319921875 0.3172436578125 0.23896155000000002 0.3025822359375 0.24156788593749998 0.29073631875 0.2382613734375 0.274656078125 0.2349576 0.2701556984375 0.2300033109375 0.269195059375 0.2263387828125 0.2754321046875 0.22521873281250002 0.2875662125 0.22003561875000002 0.2965966265625
0 0.3254047890625 0.07154591875 0.322402659375 0.08563095625 0.324618678125 0.09918388593750001 0.32085725625 0.11466560781249999 0.323436775 0.1290609734375 0.3285525546875 0.11461381562499999 0.33518965624999997 0.1089531546875 0.3443953171875 0.0713684078125 0.3442929421875 0.057453360937499996 0.341780759375 0.0484747375 0.33015432968749997 0.044676459375 0.33009247343750003 0.062419440625 0.3254047890625 0.07154591875
0 0.3164766953125 0.165537228125 0.3096753609375 0.1750258234375 0.30809218125000004 0.1839823078125 0.31109979375 0.19305699375000002 0.30912081874999997 0.2042526015625 0.3058520828125 0.2082505265625 0.30133136875 0.22512893125 0.3012667703125 0.23129205000000003 0.3051979046875 0.2351421203125 0.3061269078125 0.2530772265625 0.31150655 0.2371373234375 0.32227131249999996 0.22841723749999998 0.3284721015625 0.19333766875 0.3272469390625 0.1799768671875 0.320803621875 0.167148175 0.3164766953125 0.165537228125
0 0.2970181421875 0.281417296875 0.2950714640625 0.28953134375 0.2973871203125 0.30541945937500004 0.29227134062500004 0.31986661562499996 0.2956747484375 0.32670218125 0.292077553125 0.33835596875 0.29323538125000004 0.346300028125 0.29478626406249997 0.3404251 0.3000367140625 0.33681143125 0.310303309375 0.3164154203125 0.31396235625 0.28701865 0.3137953859375 0.279266721875 0.3101281171875 0.273923903125 0.30041880781249997 0.2766729984375 0.2970181421875 0.281417296875
0 0.3668725671875 0.297277953125 0.363469159375 0.2904423875 0.3520770375 0.2998127828125 0.349931090625 0.3032564609375 0.352012440625 0.3059759015625 0.3505611921875 0.3141860140625 0.3483156140625 0.31529450625 0.35135826406250004 0.33286749375 0.349775084375 0.3418239796875 0.34343688125 0.3544902 0.34363615 0.3591605703125 0.34657642499999997 0.36281851249999997 0.351164475 0.3513568484375 0.3581327796875 0.34962018281249996 0.3601818296875 0.35542118125 0.3682296625 0.3098923796875 0.3668725671875 0.297277953125
0 0.3679772203125 0.21334900625 0.3718787953125 0.23186049843749998 0.3747194375 0.233183253125 0.377592378125 0.2314244515625 0.38393057812500003 0.2187582328125 0.38805275781250004 0.192539084375 0.3841511828125 0.1740275953125 0.381078975 0.171116025 0.3757288921875 0.1723945109375 0.3703492484375 0.188334415625 0.3708474203125 0.200010340625 0.3679772203125 0.21334900625
0 0.38914814531249997 0.07618621406250001 0.38611097656250004 0.08177295 0.384002809375 0.10529479374999999 0.385787996875 0.11258854062500001 0.382818165625 0.123592021875 0.3846679484375 0.1247226484375 0.3980740859375 0.11265495 0.40193514218750004 0.0995084125 0.40384678125000006 0.0828960609375 0.4036770734375 0.06356426875 0.4006694609375 0.054489584375 0.3967383265625 0.0506395140625 0.391455578125 0.057334740625000005 0.38914814531249997 0.07618621406250001
0 0.39265392499999996 0.0969368265625 0.39648542343750004 0.098451709375 0.39962222812500003 0.0952001609375 0.399422959375 0.0905297890625 0.392982384375 0.0892809609375 0.3911999359375 0.09356707656249999 0.39265392499999996 0.0969368265625
0 0.462638534375 0.12424545468749999 0.467091915625 0.1019503015625 0.4671860671875 0.08112576406250001 0.46044659218749995 0.0728713796875 0.45562697500000005 0.0827442296875 0.44737987500000004 0.12360266093750001 0.44982472187500006 0.127164540625 0.45174458125 0.1452917734375 0.45065683125 0.1543443234375 0.462638534375 0.12424545468749999
0 0.42953959218750004 0.21293467812500003 0.4291465375 0.2267536609375 0.433936596875 0.2315422328125 0.4380024015625 0.246225790625 0.44209776562499997 0.2462479265625 0.44136802968750005 0.232983190625 0.4455225078125 0.20368248281249998 0.44426230625 0.181823378125 0.44194939062499994 0.1775151265625 0.437127034375 0.17580811406250002 0.4287748203125 0.1911716375 0.4268281421875 0.199285684375 0.42953959218750004 0.21293467812500003
0 0.42731593749999996 0.3066820703125 0.4290956421875 0.2908160921875 0.42731045468750006 0.2835223453125 0.42423824843749997 0.280610778125 0.41558713281250004 0.28896874375000003 0.40301310468749996 0.328216228125 0.3953851421875 0.33368476406249997 0.395950646875 0.350777434375 0.4090283265625 0.3463656 0.42731593749999996 0.3066820703125
0 0.411944525 0.38784468906249997 0.40683148750000003 0.41387170781249993 0.40052558437499997 0.42345636718749996 0.39444850625 0.42304997499999997 0.39068434218750003 0.4269518375 0.39837963906249996 0.4269000453125 0.40194727500000005 0.4299076765625 0.40191771718749997 0.44456909843750003 0.404758359375 0.44589185468750003 0.4068720078125 0.4455297359375 0.41661087343750003 0.42811921875000003 0.42363829218750004 0.397059709375 0.4221815609375 0.3821100984375 0.41821813125 0.3813415875 0.411944525 0.38784468906249997
0 0.465997165625 0.334253209375 0.4633585328125 0.3491806859375 0.46593805312500003 0.36357605312499996 0.46881099062500003 0.3618172515625 0.4742902671875 0.3482125296875 0.477354253125 0.316384509375 0.47464280312499996 0.30273551875 0.4716702296875 0.3021591359375 0.4665194125 0.308107990625 0.4644731015625 0.3138868515625 0.4639804140625 0.3253706515625 0.465997165625 0.334253209375
0 0.49869762812499996 0.2101333734375 0.49578691093750005 0.1918140109375 0.486968821875 0.1924200484375 0.4826473765625 0.2139688265625 0.4818612671875 0.24160679218749997 0.48843651406250005 0.2536891109375 0.49253187656249997 0.253711246875 0.49853613750000003 0.22554116875000002 0.49869762812499996 0.2101333734375
0 0.508358196875 0.1409866640625 0.5123216296875001 0.1417551734375 0.5174697046875 0.1242264578125 0.519841734375 0.0992118671875 0.5168664203125 0.087055621875 0.514785071875 0.08433618125 0.509071490625 0.084772228125 0.505638528125 0.09259808593749999 0.505840534375 0.108848315625 0.5013871562500001 0.13114346875 0.508358196875 0.1409866640625
0 0.5538648375 0.1212480625 0.55469420625 0.1368479859375 0.5517243734374999 0.1478514640625 0.5544007843750001 0.1530021546875 0.564699678125 0.129524584375 0.5709327640625 0.0913634546875 0.5707657953124999 0.08361152656250001 0.5632024296875 0.08291694375 0.5600656265625 0.08616849374999999 0.5581862859375 0.099699284375 0.5506929953124999 0.11600131093749999 0.5538648375 0.1212480625
0 0.5984561765625 0.1414736640625 0.59812771875 0.14912953125 0.6016630562499999 0.15521872187500002 0.604700225 0.1496319859375 0.611331846875 0.12081159687500001 0.6120210640625 0.10241830781250001 0.6091453828125 0.0925972484375 0.605313884375 0.0910823640625 0.60217708125 0.0943339140625 0.5971932343749999 0.10803469843749999 0.5944577078125 0.1322068515625 0.5984561765625 0.1414736640625
0 0.6725953171875 0.11339171562499999 0.6694557750000001 0.105063403125 0.6657562078125 0.10280214375 0.662123975 0.1059576328125 0.6557211781250001 0.12478696874999999 0.652557559375 0.1542798015625 0.660188259375 0.1603911296875 0.6675173187500001 0.14791703750000001 0.671706834375 0.12711463437499998 0.6725953171875 0.11339171562499999
0 0.5385394796874999 0.23113856406250002 0.5364285718749999 0.2430805453125 0.5429041859375 0.2528276765625 0.542411496875 0.264311475 0.5464745625 0.267415171875 0.551757309375 0.26071994374999996 0.5550906390625 0.250558903125 0.5545546921875 0.218804809375 0.5498938250000001 0.2016900015625 0.5451711015625 0.202318175 0.5388651984374999 0.21190283437500002 0.5357634328125 0.2236526890625 0.5385394796874999 0.23113856406250002
0 0.52534789375 0.3457613296875 0.5246937140625 0.3726529234375 0.5276016921875 0.379392425 0.53083813125 0.37847605781250004 0.5414036249999999 0.3650856046875 0.5482317734375 0.3293557234375 0.5448579265625 0.30785873750000003 0.539935934375 0.3038165421875 0.5354124796875 0.3091150859375 0.5339289328125 0.32040675625000004 0.522176053125 0.3405145765625 0.52534789375 0.3457613296875
0 0.575290421875 0.362392796875 0.57598511875 0.36715922968750003 0.5853632281250001 0.3604861390625 0.5909071 0.3407183015625 0.5920890046875 0.3108412109375 0.590635015625 0.3074714609375 0.5826758546875 0.309016 0.580761475 0.3140484890625 0.5816231421875 0.326566853125 0.5795149765625001 0.350088696875 0.575290421875 0.362392796875
0 0.6017846109375 0.2501928046875 0.6099671171875001 0.215497490625 0.6081819281249999 0.20820374375 0.6028318453125 0.209482228125 0.5975490984375 0.21617745625 0.5937203390625 0.22624243281249998 0.589466225 0.2532079546875 0.59059175625 0.264233571875 0.5974604234374999 0.2601617203125 0.6017846109375 0.2501928046875
0 0.6486428671875 0.21990890625 0.644025259375 0.2460319890625 0.6443619375 0.2731157125 0.655059365625 0.25897888125 0.660732428125 0.2268848078125 0.6595395625 0.210442446875 0.6551803359374999 0.2119130578125 0.6486428671875 0.21990890625
0 0.6470115328125 0.3045076859375 0.6431800328125 0.3029928 0.6399112984374999 0.3069907234375 0.6306760812500001 0.3592368921875 0.6363573640625 0.3618824046875 0.64035309375 0.35956935625 0.6430267640625 0.3531401828125 0.6507784375 0.31218568593749996 0.6470115328125 0.3045076859375
0 0.7043170546875 0.3194790140625 0.7015087109375 0.3150747015625 0.695663196875 0.31625711875 0.6920041484375 0.3456538890625 0.6932670890625 0.37909285625 0.7031055921875 0.364017525 0.705843859375 0.351425234375 0.7065330734375 0.33303194375 0.7043170546875 0.3194790140625
0 0.7138188750000001 0.27731996406250004 0.7187353843750001 0.25820243593750003 0.7194218609374999 0.22822928281250002 0.7149952984375 0.22428315 0.7074992703125 0.2290053109375 0.7047259640625 0.2330992984375 0.7031104859374999 0.24513734375000001 0.701005059375 0.2802390484375 0.703086409375 0.2829584890625 0.7138188750000001 0.27731996406250004
0 0.7123615609375 0.1203304421875 0.7141790453125 0.12454263125000001 0.715175384375 0.147894484375 0.7108188984375 0.16094495625 0.71425734375 0.1762788265625 0.7190123640625 0.1725690921875 0.72700108125 0.1563631328125 0.7303344125 0.1462020890625 0.730859396875 0.13163673125 0.7292034015625 0.11201674843750001 0.7262954234375 0.1052772484375 0.7219684953125001 0.10366630156250001 0.7135166484375 0.1166946375 0.7123615609375 0.1203304421875
0 0.7810592046875 0.125931378125 0.7771981453125 0.139077915625 0.7765144125 0.1806309296875 0.7909760015625 0.162592240625 0.7970448593749999 0.12825904531250001 0.7957873984375 0.117979803125 0.7918562640625 0.11412973281250001 0.7810592046875 0.125931378125
0 0.7785125671875 0.2504943609375 0.7774866734375 0.2418039296875 0.7743148328125 0.2365571765625 0.7674784609375 0.23754746875000002 0.7652005843749999 0.2417375203125 0.7619400703125 0.28047503125 0.7634290984375001 0.29234308593749997 0.7683833875 0.2933037234375 0.7742261609375001 0.280541440625 0.7785125671875 0.2504943609375
0 0.7578340546875 0.38080502968749996 0.762949834375 0.36635787343750004 0.76377098125 0.347218209375 0.7622819546875 0.33535015625 0.7594736109375 0.330945840625 0.7543873890625 0.330731575 0.7526049421875001 0.3350176921875 0.7480519296875 0.3549776578125 0.7453837375 0.3845665546875 0.7525513078125 0.3875002578125 0.7578340546875 0.38080502968749996
0 0.8106054374999999 0.350123778125 0.8056511484375 0.349163140625 0.8011276921875 0.3544616859375 0.79806370625 0.386289703125 0.8027273140625001 0.41498437343749994 0.8130935421875 0.396923546875 0.813979284375 0.3716207625 0.8129183515625 0.35443203125 0.8106054374999999 0.350123778125
0 0.8185886734375 0.31075809374999996 0.8303092578125 0.29373183125 0.82878245 0.2617856125 0.8234296265625 0.251484234375 0.813192590625 0.2572188265625 0.8097919250000001 0.261963121875 0.8084726078125 0.2694268609375 0.809339753125 0.3051049484375 0.8127431609375 0.3119405125 0.8185886734375 0.31075809374999996
0 0.8267733328125001 0.145602734375 0.8190216609375 0.18655723125 0.823052428125 0.192742484375 0.832231271875 0.181399021875 0.8406453421875 0.1482925203125 0.8393878796875001 0.138013278125 0.828919278125 0.14215905625 0.8267733328125001 0.145602734375
0 0.8856592937500001 0.14003771874999998 0.8817309 0.1477675109375 0.8839792187500001 0.1582388796875 0.8824956734375 0.16953055156250002 0.8787665484374999 0.1819307140625 0.871038953125 0.1850640640625 0.8696200031249999 0.1901926171875 0.8790331515625001 0.19201782812499998 0.881214134375 0.19707245625 0.8806541109375001 0.2031395078125 0.8865346609375001 0.21045539375 0.901157740625 0.1770089078125 0.9022427515624999 0.1563764953125 0.9002582968749999 0.14441237812500002 0.895236671875 0.13803499531250002 0.8856592937500001 0.14003771874999998
0 0.9297338671875 0.2095682640625 0.9306924265625 0.21284195 0.9380915609375 0.217364465625 0.9401406124999999 0.223165465625 0.9477981312500001 0.20303550937499998 0.9516860046875 0.1636476890625 0.9489422578125 0.1530802546875 0.9428974765625 0.1495923046875 0.9355684171875 0.16206639375 0.9331263109375 0.1700843796875 0.933987978125 0.1826027421875 0.9297338671875 0.2095682640625
0 0.8818256390625001 0.268982878125 0.8751211984375 0.269226796875 0.8684517984375001 0.2779690203125 0.8655843390625 0.3028875453125 0.86885855625 0.322049346875 0.8740121125 0.32768035625 0.8791629296875 0.3217315 0.8868823015625 0.28385856249999997 0.8818256390625001 0.268982878125
0 0.9117320421875 0.3403979453125 0.9163551328124999 0.3374345890625 0.9259297703125 0.323852003125 0.9317993609374999 0.2848484375 0.9316000921875001 0.28017806875 0.9286598171874999 0.276520125 0.9160775671874999 0.2810280234375 0.9136677593750001 0.2859644484375 0.90928445625 0.32525620625 0.910014190625 0.3385209421875 0.9117320421875 0.3403979453125
0 0.8666617171875 0.389555453125 0.87151363125 0.37660104375 0.8681748203125 0.3636023609375 0.862988965625 0.3610529125 0.8588613046875 0.3641123359375 0.8541736203125 0.3732388125 0.8527656312499999 0.4246868140625 0.8546800093750001 0.41965432500000005 0.8628356984375 0.41120029531249996 0.8666617171875 0.389555453125
0 0.920116003125 0.374135125 0.9177707921874999 0.37290843281249997 0.9132473359375 0.3782069765625 0.9080023671875 0.40498037187499997 0.9108161906250001 0.43254441093749996 0.9154392796874999 0.4295810515625 0.9172217281249999 0.4252949375 0.9224639578125 0.38694168125 0.920116003125 0.374135125
0 0.0364729828125 0.43700962031249996 0.042256639062500004 0.45357018125000004 0.0575098203125 0.4310532484375 0.062229803125000004 0.41884521093749993 0.06777093437500001 0.38749751093749996 0.067999759375 0.3775064609375 0.0653556453125 0.36927421250000003 0.0618876421875 0.368601765625 0.0518821734375 0.3759251671875 0.0501347609375 0.3887095859375 0.0463383015625 0.3956930046875 0.0455844890625 0.420249415625 0.0364729828125 0.43700962031249996
0 0.13274657031249998 0.4425538484375 0.1369415640625 0.444911171875 0.14657805937499999 0.41358560781250003 0.153338871875 0.3724389828125 0.151421753125 0.365891609375 0.14392298125 0.359033909375 0.1389714359375 0.3696531328125 0.1325363390625 0.3915640296875 0.1348842921875 0.40437058437499995 0.13241536874999998 0.43862985156249995 0.13274657031249998 0.4425538484375
0 0.2063579828125 0.4174573953125 0.20444634375 0.434069746875 0.2062961265625 0.435200375 0.217917078125 0.415838928125 0.22494449374999997 0.3847794203125 0.224677890625 0.37469230625 0.22091098593749997 0.367014303125 0.216088628125 0.365307290625 0.20931959375 0.37171432968749996 0.20802637656249998 0.3964234640625 0.2011047921875 0.40949120156249996 0.2063579828125 0.4174573953125
0 0.269183296875 0.45048203437499995 0.2738414234375 0.45601697812499997 0.2896546296875 0.4274329921875 0.2970778421875 0.3941343609375 0.2949614546875 0.3829166171875 0.28802545 0.3815717234375 0.282279571875 0.38508933125 0.27914276718750003 0.3883408796875 0.27898127968750003 0.403748675 0.2695117546875 0.44282616875 0.269183296875 0.45048203437499995
0 0.3381283625 0.3851110484375 0.3358504859375 0.3893010984375 0.3329802859375 0.4026397640625 0.3359205625 0.40629770625 0.336187165625 0.41638482187500003 0.3410445625 0.42659013593750006 0.3416746609375 0.43751968750000003 0.339167959375 0.4517007890625 0.3418766703125 0.4537699203125 0.3501965875 0.44148795625000004 0.352770625 0.4327235984375 0.3547495984375 0.421527990625 0.3540521640625 0.4051816953125 0.3519034765625 0.3970455109375 0.34579136250000003 0.388140815625 0.3381283625 0.3851110484375
0 0.47014126875000006 0.40067296093750004 0.4668051984375 0.399254140625 0.460431959375 0.40342205625 0.4573624921875 0.41209035 0.459085825 0.43712707812499996 0.45519521249999995 0.4649350359375 0.4662884328125 0.4485590859375 0.47298465 0.41357558125000005 0.47014126875000006 0.40067296093750004
0 0.5066902578125 0.48958709218749996 0.51540596875 0.47506600624999995 0.5207155328125 0.44212949375 0.5199535015625 0.431946315625 0.5152280375 0.420994628125 0.5122554640625 0.42041824375000003 0.50835936875 0.4250664796875 0.5007396296875 0.46527460156249995 0.5022609546875 0.47406109531249996 0.4991591890625 0.48581094843750006 0.5066902578125 0.48958709218749996
0 0.5613757390624999 0.45850502656250003 0.5576170578124999 0.4855666125 0.558179821875 0.49107942031249996 0.5620113203125 0.4925943046875 0.5681852921874999 0.48375601718750005 0.5788449421874999 0.4495410234375 0.5780829093750001 0.43935784531250005 0.5760015593750001 0.4366384046875 0.56467403125 0.4398456828125 0.5614052968750001 0.44384360625 0.560481775 0.44906822343749997 0.5613757390624999 0.45850502656250003
0 0.612641959375 0.49314813125 0.6191066125 0.45657581562500005 0.6172891265625 0.4523636265625 0.6129621968750001 0.4507526796875 0.6060612328125 0.457906090625 0.6032233312499999 0.46816319687499997 0.6032288109375 0.49132292031249997 0.6014463625 0.49560903593749994 0.6081185046875001 0.4984466765625 0.612641959375 0.49314813125
0 0.6697399921875 0.46870950625 0.667359740625 0.458984509375 0.6645190999999999 0.457661753125 0.659796375 0.45828992812499997 0.6568911390625 0.46313028906250003 0.649502965625 0.5049272218749999 0.6516543890625 0.52464326875 0.6566732734375 0.5194407890625 0.661624821875 0.5088215640625 0.6697399921875 0.46870950625
0 0.73790716875 0.4657160734375 0.73407566875 0.464201190625 0.72416983125 0.4738597765625 0.721959290625 0.48346657187500003 0.7215071234375 0.5266083984375001 0.727188403125 0.5292539125 0.7363672484375 0.51791045 0.7414425062500001 0.471805265625 0.73790716875 0.4657160734375
0 0.792442125 0.4963612546875 0.7927705828125 0.48870538906250005 0.7901938046875 0.48588988437499997 0.7823988734375 0.48360649218749996 0.7805167921875 0.485557421875 0.771278834375 0.5262237265625 0.7758077703125 0.5440849062499999 0.7827410343750001 0.5338499375 0.788220309375 0.5202452171874999 0.792442125 0.4963612546875
0 0.8506361265625 0.49760966562500003 0.8485870765625 0.491808665625 0.8445240093749999 0.48870497031250004 0.8400328531250001 0.49092195624999996 0.8339935531249999 0.51059373125 0.827725428125 0.54025655625 0.8299414515624999 0.553809484375 0.8425882953125001 0.5431384687499999 0.8503427078125 0.5137638359375 0.8506361265625 0.49760966562500003
0 0.9001549375 0.545037190625 0.9029901 0.523200221875 0.9025888249999999 0.50227961875 0.898921553125 0.4969368 0.8874297953125 0.5039720125 0.8849553921875 0.5150715546875 0.8859544703125 0.5500032703125 0.8888947453125 0.5536612109375 0.8934855374999999 0.5537794125 0.9001549375 0.545037190625
0 0.02454165 0.547401621875 0.030427681249999998 0.5778772296875 0.02699471875 0.585703084375 0.0262381671875 0.5986796328125 0.029175703125 0.5907577109375 0.03842188125 0.58483099375 0.0448219375 0.55442179375 0.0446199296875 0.5381715625 0.041181484375 0.52283769375 0.0353682703125 0.5209385546874999 0.02843500625 0.5311735234375 0.028370409375 0.5373366421875 0.02454165 0.547401621875
0 0.1059562171875 0.559328146875 0.106723728125 0.5926710515625 0.1100598 0.5940898703124999 0.11507868437499999 0.588887390625 0.1193032390625 0.5765832890625 0.1271222453125 0.5410455390625 0.12351683124999999 0.517959740625 0.11862987968750001 0.522415846875 0.110571084375 0.5216252015625 0.10766858906250001 0.538045425 0.1096530453125 0.5500095421875 0.1059562171875 0.559328146875
0 0.189180046875 0.5407272734374999 0.18261302031249999 0.56338454375 0.18565566875 0.5809575312499999 0.1918969765625 0.5775359921875001 0.19671659375 0.567663140625 0.20431225625 0.5652761640625 0.2026912984375 0.5541544843749999 0.2082001328125 0.5258883437499999 0.20426625625 0.5104584125 0.1913905875 0.531120478125 0.18230863749999998 0.5332192625000001 0.189180046875 0.5407272734374999
0 0.26352119531249996 0.5288955578125 0.256687565625 0.5414657125 0.250053203125 0.5587062375 0.256625709375 0.5592086921874999 0.25722077187500003 0.5616399421875 0.2552445390625 0.5844154109375 0.24745234843750002 0.5937118796874999 0.2517469765625 0.5984043859375 0.2519462453125 0.6030747562500001 0.253233265625 0.5986925765625 0.26132435625 0.5964016640625001 0.2634703015625 0.5929579875 0.27026889375 0.5718895296875 0.2765019796875 0.5337284015625 0.2730985734375 0.5268928359375 0.26352119531249996 0.5288955578125
0 0.3396289359375 0.5853384578124999 0.3402157796875 0.5530301203125 0.33866215624999996 0.547325184375 0.3337401640625 0.5432829875 0.3248251859375 0.5531337015625 0.3208644953125 0.5639450546875 0.3236728390625 0.5683493687500001 0.32278983437500003 0.6052320140624999 0.3340850640625 0.6051062953125 0.3396289359375 0.5853384578124999
0 0.392365003125 0.5507905796875 0.3801462484375 0.556140915625 0.3773729453125 0.560234903125 0.374174284375 0.5812294328125 0.3742794 0.6067243437500001 0.3857738984375 0.6112689953125 0.38841527187499997 0.6079213828125 0.3929951015625 0.5617201328125 0.392365003125 0.5507905796875
0 0.445348915625 0.5490372046875 0.4402303984375 0.5519044984375 0.43412376249999995 0.566159528125 0.42551316562499997 0.606175521875 0.43027092656250004 0.614045653125 0.4345305171875 0.6102398546875001 0.4430469625 0.5910484 0.4486526890625 0.5535375828125 0.445348915625 0.5490372046875
0 0.4836022125 0.6202025078125 0.488489165625 0.615746403125 0.49518812343749996 0.5923427578125 0.4969004953125 0.5710600359375 0.49409215 0.566655721875 0.48864243281249997 0.5655990203125 0.48101447343750003 0.5710675546874999 0.47890356718750005 0.5830095359375 0.4815153828125 0.59432334375 0.4795391484375 0.6170988125 0.4836022125 0.6202025078125
0 0.56325840625 0.5985940046875 0.5622297703125 0.5783237125 0.559289496875 0.57466576875 0.5556572625 0.57782125625 0.5474046828125 0.5955199640625 0.5434790296875 0.61482961875 0.5482395328125 0.6342796109375 0.5468879171875 0.6448249078125 0.560355909375 0.615014228125 0.56325840625 0.5985940046875
0 0.6083210984375 0.656736815625 0.6148530859375 0.6255812421875 0.6130651578124999 0.606707634375 0.6093655906250001 0.6044463765625 0.6042470718749999 0.607313671875 0.6017376296875 0.6099149109375 0.6011803453125 0.6275618296875 0.59636346875 0.649014540625 0.603401846875 0.66427448125 0.6083210984375 0.656736815625
0 0.66461931875 0.6020368453125 0.65937435 0.6288102390625 0.659743328125 0.6528124 0.66129695 0.6585173375 0.6673417296874999 0.6620052875 0.6764450156249999 0.6105054937500001 0.6741643984375 0.603115684375 0.66461931875 0.6020368453125
0 0.72317928125 0.6203392359375 0.7203709390624999 0.6159349187500001 0.7126756421875 0.6159867109375 0.7092454187499999 0.6353924296875 0.70746845 0.6628382687500001 0.713812134375 0.6733317750000001 0.7202176687499999 0.6660823015624999 0.724404446875 0.6337000359375 0.72317928125 0.6203392359375
0 0.770937259375 0.6180201875 0.7646286156250001 0.616024984375 0.75845464375 0.6248632703125 0.7554875515624999 0.6474466125 0.75783824375 0.671833028125 0.7645103859375 0.6746706687499999 0.77157558125 0.663689325 0.773745603125 0.6224245046875 0.770937259375 0.6180201875
0 0.8264066968750001 0.6897602 0.832639784375 0.6515990734375 0.8265599671875 0.63961281875 0.8188969671875 0.63658305 0.8141419453125 0.6402927843749999 0.810975584375 0.65820575625 0.8132885 0.66251400625 0.814680634375 0.6836267375 0.8210566140625 0.6910386859375001 0.8264066968750001 0.6897602
0 0.8792183187499999 0.6953686546875 0.88288285 0.6891316078124999 0.8841671296875001 0.67316956875 0.8822122296874999 0.646544028125 0.88125366875 0.64327034375 0.8723359500000001 0.6415411953125 0.8679444265624999 0.646093365625 0.8661296796875 0.6534610375 0.867093721875 0.67989445 0.872150384375 0.6947701359375 0.8792183187499999 0.6953686546875
0 0.8010352953125001 0.8014059453125 0.7962857546875 0.828275403125 0.801245525 0.852395765625 0.805109321875 0.8508290890625 0.8095331437500001 0.843195359375 0.8138195515625 0.8131482796875 0.8099853140625 0.800053534375 0.8010352953125001 0.8014059453125
0 0.86510985 0.8099702390625 0.86226646875 0.797067621875 0.85407574375 0.7970233484375 0.8496842203125 0.8015755171875 0.850642778125 0.8048492046875 0.8449051203125 0.8431063968749999 0.85237159375 0.85304565625 0.858314 0.8426185609375001 0.86510985 0.8099702390625
0 0 0.6832165828125001 0.0024444640625 0.678209165625 0.0069301421875 0.65283245625 0.0059042453125 0.6441420265625 0.00124611875 0.63860708125 0 0.639171403125 0 0.6832165828125001
0 0.0539964703125 0.803998421875 0.0499684453125 0.8093930296874999 0.052453807812499996 0.8446129359375 0.0472706953125 0.8536433499999999 0.052356915625 0.8538576140625 0.0534474078125 0.8563849250000001 0.051104934375 0.8667380953125001 0.051966601562500006 0.8792564593750001 0.065730753125 0.8448714734375 0.0737785875 0.79934266875 0.07192606406249999 0.786632178125 0.06290870937500001 0.7825678453125 0.053070207812500006 0.7976431749999999 0.0539964703125 0.803998421875
0 0.07048793125 0.7107016953125 0.07306470937500001 0.7135171984374999 0.0752807296875 0.727070128125 0.08363568593750001 0.7232864671875 0.095811178125 0.6746982421875 0.09478528281250001 0.6660078109375 0.090886446875 0.659076184375 0.0801539828125 0.664714709375 0.076753315625 0.6694590078125 0.07282766406249999 0.6887686625 0.0742843921875 0.7037182765625001 0.07048793125 0.7107016953125
0 0.1398348578125 0.80829121875 0.13263498906249999 0.8084390750000001 0.127384540625 0.8120527421875 0.1184668203125 0.8103235953124999 0.11856919375 0.8242386421875001 0.1143769375 0.833461184375 0.1206209859375 0.8416195046875 0.11441745625 0.8651192125 0.11656614218750001 0.8732553968750001 0.1161730859375 0.8870743796875 0.12185437031249999 0.8897198921875 0.13803107187500002 0.86197834375 0.13971114843750002 0.843777178125 0.1442669 0.8353970765625001 0.142977140625 0.82819939375 0.14492381875 0.8200853453124999 0.14327056093749999 0.8120452265625 0.1398348578125 0.80829121875
0 0.1499640390625 0.76548185625 0.151286096875 0.76959798125 0.16307127500000002 0.7464086015625 0.168090159375 0.741206121875 0.17158771875 0.7272171468749999 0.17977570468749998 0.7156815578125 0.1770992921875 0.7105308671875 0.178087409375 0.6991431312499999 0.1760383578125 0.693342134375 0.17197529218750002 0.6902384374999999 0.161937525 0.7006433984375 0.1596946859375 0.7133317546875 0.153356484375 0.7259979703125 0.1499640390625 0.76548185625
0 0.2290842875 0.7121192609375 0.21974395468750002 0.7388705171875001 0.21829270625000002 0.7470806296875 0.221927678125 0.75550500625 0.21697887031250002 0.7777040921875 0.226389278125 0.76794944375 0.2335190703125 0.7508049796875 0.23939687968749998 0.7465410015625 0.23876678125 0.7356114484375 0.24407908437499998 0.7142548 0.2428862203125 0.697812440625 0.2382954265625 0.6976942390625 0.22977624218749998 0.7053058328125 0.2290842875 0.7121192609375
0 0.20075675468749998 0.8926677968750001 0.21901754687500002 0.8792255484375 0.2223130984375 0.8489863421875 0.218874653125 0.8336524750000001 0.2153070171875 0.83064484375 0.21058429374999998 0.8312730171875 0.20028266249999999 0.843170725 0.194835684375 0.8536938859375001 0.20075127343750002 0.8695080718750001 0.199235428125 0.883881303125 0.20075675468749998 0.8926677968750001
0 0.2722140015625 0.836275434375 0.2653562953125 0.8866667343750001 0.267868478125 0.89564535625 0.27265579687499997 0.8888540624999999 0.2808410421875 0.8657386125000001 0.28559058125000003 0.8388691546875 0.2826826046875 0.8321296531250001 0.2722140015625 0.836275434375
0 0.3045777828125 0.685071875 0.3026957 0.68702280625 0.299101246875 0.7102564578125 0.2933230703125 0.716855621875 0.2882368515625 0.7166413578124999 0.29302965 0.7330097906249999 0.2912149046875 0.7403774656250001 0.2879461703125 0.7443753890625 0.2878169796875 0.7567016265625 0.29296779375000004 0.7507527734375 0.2970308609375 0.7538564671875 0.30644126875 0.744101815625 0.31964265625 0.7042040234375 0.3207304078125 0.695151471875 0.3176905 0.6891583453125001 0.3045777828125 0.685071875
0 0.3606045046875 0.739164971875 0.35343967656249997 0.74781113125 0.3513933640625 0.75358999375 0.35185649531249996 0.7567676156250001 0.356479584375 0.7538042578125 0.361897003125 0.7579425171875 0.3626590375 0.768125696875 0.36632630625 0.7734685140625001 0.3687038171875 0.7716136484375 0.38342105000000004 0.7173426234375 0.37905634374999997 0.6956535109375 0.3754564109375 0.6957274375 0.3675322875 0.7057702765625 0.3606045046875 0.739164971875
0 0.3296569359375 0.8736601140625 0.332597209375 0.87731805625 0.3337550359375 0.8852621140625001 0.333957046875 0.9015123468749999 0.3308903203125 0.9217605015625001 0.3356776375 0.9149692109374999 0.341684640625 0.8983789968749999 0.34646921875 0.8800078421875 0.3499963359375 0.8513574453125001 0.349662396875 0.8358535859374999 0.346854053125 0.831449271875 0.3396218875 0.8346786843749999 0.3359573578125 0.8409157296875 0.3296569359375 0.8736601140625
0 0.403575471875 0.890308803125 0.4169733875 0.8435015171875 0.4174337765625 0.8350992765624999 0.4110577984375 0.8276873296874999 0.40227475 0.8367916703124999 0.40049504375 0.8526576468749999 0.3909258859375 0.8893999562499999 0.3917525140625 0.8934200156250001 0.3950885859375 0.8948388359375 0.403575471875 0.890308803125
0 0.411970359375 0.7761432625 0.4213457296875 0.757890309375 0.42833536875 0.7067526359375 0.42592281875 0.7001091984375 0.422091321875 0.6985943125 0.41746823125 0.7015576734375 0.4140352671875 0.7093835296875 0.40770528749999996 0.756789334375 0.409590109375 0.7664182671875001 0.4083704265625 0.7762171890625 0.411970359375 0.7761432625
0 0.45684935937500004 0.7616866515625 0.4654063234375 0.774153225 0.4700617109375 0.7681083046875 0.47580484843750004 0.7530108375 0.478839278125 0.7358442390625 0.47596085937500004 0.71444331875 0.4673420390625 0.7197197265625 0.46305014843750003 0.72660708125 0.46354831875 0.7382830078125 0.4600184609375 0.755353540625 0.45684935937500004 0.7616866515625
0 0.45242640312500004 0.9067286078125001 0.4489934390625 0.9145544640625 0.45120671874999996 0.9165275312500001 0.45440811875 0.9071128640625 0.460749059375 0.9060265078124999 0.46289500468749994 0.9025828296875 0.46949432968749993 0.876844 0.47081090625 0.8578004 0.46701170468750003 0.8532039578124999 0.4614300546875 0.8528936312500001 0.4557865484375 0.8703262828125 0.451300871875 0.8957029921874999 0.45242640312500004 0.9067286078125001
0 0.5152785328125 0.9135119640625 0.517160615625 0.9115610343749999 0.5218778578125 0.8877731343749999 0.5227636 0.8624703531250001 0.5186332 0.8539499140625001 0.514042409375 0.8538317140625 0.511137171875 0.858672075 0.5081350421875 0.8727571140625001 0.5081054843749999 0.8874185359375 0.5122063265625 0.9106003953125 0.5152785328125 0.9135119640625
0 0.5122407796874999 0.777058790625 0.5053075140625001 0.7872937609374999 0.5044836265625 0.7948535640625 0.5068934359374999 0.7899171375 0.5130028109375 0.7872419703125 0.5166377828125001 0.795666346875 0.5259162609375 0.78665806875 0.5282264343749999 0.7793864593750001 0.534887615625 0.7359046499999999 0.5325747 0.7315963984375 0.5286112671875001 0.7308278875 0.5236246828125 0.7329488109375 0.5213468046874999 0.7371388609375 0.5122407796874999 0.777058790625
0 0.5917059265625 0.7855195046875 0.5952303046874999 0.7452892453125 0.5931812515625 0.7394882468749999 0.5892178218749999 0.7387197359375001 0.5843308671874999 0.74317584375 0.57611880625 0.792532578125 0.578598690625 0.804592759375 0.582562121875 0.8053612703124999 0.5873494406249999 0.7985699765625001 0.5917059265625 0.7855195046875
0 0.5787793609375 0.8702439999999999 0.57643415 0.8690173078125 0.5710517671875001 0.8733773515625 0.5643555499999999 0.9083608562500001 0.56571264375 0.920975284375 0.57222055625 0.92764085625 0.5774332281250001 0.9039490234375 0.5802010546874999 0.8766953109375001 0.5787793609375 0.8702439999999999
0 0.6232792875000001 0.9228740046875 0.6280693484375 0.9276625734374999 0.6355626375 0.91136055 0.6421269234375 0.8771234203124999 0.64033899375 0.8582498109375001 0.635880134375 0.8573852359374999 0.6314886109375 0.8619374078125001 0.626208603125 0.880212496875 0.62020708125 0.9199624375000001 0.621033709375 0.9239824984375 0.6232792875000001 0.9228740046875
0 0.6349806890624999 0.82478870625 0.645974278125 0.806077571875 0.6494986546875 0.7658473125 0.6482088953125 0.7586496281249999 0.644178128125 0.7524643734375001 0.6393234734375 0.753838921875 0.6362863062499999 0.7594256578125 0.63341610625 0.772764321875 0.634245475 0.78836424375 0.6317415125 0.8141252109374999 0.6349806890624999 0.82478870625
0 0.6904446484375 0.8733689968749999 0.6854903593749999 0.8724083578125 0.6803395421875 0.8783572109375 0.6753316203125 0.9298791421875 0.683490046875 0.9330049734375001 0.689696315625 0.9210851281249999 0.6957005765625001 0.89291505 0.6959294015624999 0.8829240015625001 0.6904446484375 0.8733689968749999
0 0.6961910828125 0.817669090625 0.6999552484375 0.8137672296874999 0.703649334375 0.7928687640625001 0.7076100249999999 0.7820574125 0.7183720484375 0.7617574640625 0.717776984375 0.7593262140625 0.71203110625 0.7628438203125001 0.703145684375 0.7580331124999999 0.6992818875 0.7595997875 0.6921603171874999 0.8114838359375 0.692491515625 0.8154078328125 0.6961910828125 0.817669090625
0 0.7521279890625 0.8258888453125 0.755525915625 0.809564684375 0.7569070890625 0.784357965625 0.7538671781249999 0.7783648390625 0.7466350125 0.7815942515625001 0.7389479375 0.81638563125 0.736971703125 0.8391610999999999 0.7389211203125 0.8426269156249999 0.7429168500000001 0.8403138640625001 0.7521279890625 0.8258888453125
0 0.727588696875 0.964714375 0.7325106875 0.9687565703125 0.7405317046875 0.9494690515625 0.7425079375 0.9266935828125 0.7384421328124999 0.9120100250000001 0.7315384265625 0.9075835734375 0.7288970531250001 0.9109311874999999 0.72573069375 0.9288441578125 0.726724290625 0.9406161484375 0.7250765140625 0.955735753125 0.727588696875 0.964714375
0 0.7885800828125 0.9240476515625 0.7812482843749999 0.9249418796875 0.77784761875 0.929686178125 0.7724734578125 0.9687858078125 0.77931256875 0.9793753765625001 0.7862135328125001 0.9722219671874999 0.7939329093749999 0.9343490296875 0.792874715625 0.9287401578125 0.7885800828125 0.9240476515625
0 0.85285390625 0.937282315625 0.8525199656250001 0.92177845625 0.849348125 0.916531703125 0.8440976765625001 0.9201453734375 0.8407966437500001 0.92722485625 0.833771965625 0.9698642265625 0.8376062046874999 0.9829589734375 0.84222929375 0.9799956140624999 0.8457941906249999 0.971423384375 0.85285390625 0.937282315625