1 0.8038761828125001 0.22096252187499998 0.79737893125 0.21742219999999998 0.736756084375 0.20675370625 0.7330762375 0.2103623609375 0.7324493375000001 0.21545345781249997 0.7471973359375 0.2233084796875 0.7781656390625 0.23456916562500002 0.8017447234375 0.23827225625 0.805502478125 0.2377845796875 0.8062243234375 0.2244150875 0.8038761828125001 0.22096252187499998
1 0.780195771875 0.278140928125 0.7726337015625 0.27574074843749996 0.7245513109374999 0.272086575 0.7156423171874999 0.2731175265625 0.7131983203125001 0.285458084375 0.7186620968749999 0.2898839875 0.7385774625 0.29331108906250003 0.758837625 0.293938084375 0.7841084281249999 0.2914099375 0.7850174328125 0.2840278421875 0.780195771875 0.278140928125
1 0.7890609375000001 0.2511902578125 0.7860402453125 0.24193852656249998 0.7739690546875 0.23862061093750003 0.74882363125 0.2401305390625 0.7323364406249999 0.24264595312499998 0.7208903249999999 0.24926639687500002 0.72330115625 0.25220985625000003 0.7303464890625 0.255052828125 0.7471775625 0.2572520390625 0.7798071484375 0.2550213140625 0.7879647734375 0.2525849515625 0.7890609375000001 0.2511902578125
1 0.7893509671875 0.312647184375 0.782368325 0.3092951015625 0.7587265484375 0.306101121875 0.7327984125 0.30646019375 0.7252506484375 0.31520482968749997 0.7270820515625 0.3191001859375 0.747341303125 0.3272419140625 0.7541833484375 0.327982128125 0.7793601171875 0.32621764531249997 0.7877219390625 0.318369309375 0.7893509671875 0.312647184375
1 0.78507283125 0.34363656875 0.777088059375 0.3409155140625 0.7433005328125 0.337535315625 0.727643528125 0.33706238593750004 0.721850171875 0.3390666765625 0.7162753203125 0.346803809375 0.7191715421875 0.349559028125 0.742859878125 0.3561285421875 0.759299596875 0.3577523234375 0.78165805 0.35635359843750003 0.7853065515625001 0.3529995 0.78507283125 0.34363656875
1 0.7893436765625 0.37276501875 0.7460525109375 0.36773758437500004 0.7374721859375 0.36985307500000003 0.7354052390625 0.3716242421875 0.735389109375 0.37550888437499996 0.7408842328125 0.37968023125 0.7554289453125 0.38543249375 0.77615836875 0.389755896875 0.7962931515625 0.3914011125 0.8014453015624999 0.38334310625 0.79829923125 0.375109596875 0.7893436765625 0.37276501875
1 0.7998144500000001 0.40409469375 0.784987634375 0.400633425 0.7476456375 0.39984365624999996 0.7330059796875 0.40236978749999996 0.7328958171875 0.4070180953125 0.735854728125 0.40926420625000004 0.7607798265625 0.4170508921875 0.7815719390625 0.42086518437500003 0.792719821875 0.42042037656250003 0.7966969890625 0.41815081562499995 0.7998144500000001 0.40409469375
1 0.7950034500000001 0.4394115125 0.7827916593750001 0.433481728125 0.7329871171875 0.42879861874999997 0.7230446500000001 0.43071515624999995 0.7176103953124999 0.44106415625000006 0.7379314234375001 0.45621150000000005 0.7803154046875 0.4535915703125 0.7884730296875 0.45115520781249996 0.7925755796875 0.4478674265625 0.7950034500000001 0.4394115125
1 0.7343142671875 0.4593110453125 0.71767035 0.4630992328125 0.715572059375 0.46512495625000005 0.7159786328125 0.46933047187500004 0.72797100625 0.47704213749999996 0.764920734375 0.48477120781250005 0.78458625 0.48272001875 0.7871708453124999 0.4729913296875 0.7744423203124999 0.467504340625 0.7343142671875 0.4593110453125
1 0.7730129328124999 0.505388140625 0.7650281624999999 0.5026670890625 0.736360528125 0.4989981640625 0.72478994375 0.49912210156250003 0.7227677359375 0.519298259375 0.7464247281249999 0.5261223265625 0.7577293359375 0.52440474375 0.7664036953125 0.5215255875 0.7811069546875 0.5109756156249999 0.7730129328124999 0.505388140625
1 0.778410375 0.5403820734375 0.7565534421875 0.53770791875 0.74086509375 0.5374895468750001 0.7328015031249999 0.5391622453125 0.72439311875 0.5436350484375 0.7339889687500001 0.559548075 0.7751827515625 0.5590865 0.7915768187500001 0.549820021875 0.7902621515625 0.5454818718750001 0.778410375 0.5403820734375
1 0.7913385421875 0.5780307375 0.789647734375 0.5767472453125 0.7765430703125 0.5743149140625 0.7166554625 0.5689364718750001 0.702657009375 0.5775163203125 0.7021554890624999 0.5815892 0.71707543125 0.5918015328124999 0.7234634296875 0.5924754296875 0.7877983796875 0.5917659875 0.79305978125 0.5865744046875 0.7913385421875 0.5780307375
1 0.77235805625 0.6120553640625 0.73775738125 0.60026413125 0.7059275484375 0.5922463390625 0.6993201359375 0.593354328125 0.6993192234375 0.6008690578125 0.704172228125 0.6065014171875001 0.7349049859375001 0.62342863125 0.746193465625 0.625595690625 0.77312373125 0.624605590625 0.7764122203125 0.6204215093750001 0.77235805625 0.6120553640625
1 0.7181356921875001 0.6282350390625 0.7011004187500001 0.631447803125 0.697467134375 0.6384319875 0.72431766875 0.64935036875 0.7625355015624999 0.6580420546875 0.7664813265625 0.6560270515625 0.7764873921875 0.6460866734375 0.773137125 0.6432651359375 0.7181356921875001 0.6282350390625
1 0.778362625 0.675901753125 0.7701906953125001 0.6671933 0.7156576140625 0.6633743390625 0.6989975703125 0.6710471703125 0.7003122375 0.675385321875 0.7675102421875 0.6927151109375 0.7775315265625 0.6864048234375 0.7808513625 0.6819661890625001 0.778362625 0.675901753125
1 0.77898314375 0.723413759375 0.78033006875 0.7199826265625 0.7785927 0.715323603125 0.765050115625 0.7089403109375 0.7405942828125001 0.70485003125 0.686843915625 0.702181925 0.685934909375 0.7095640171875 0.689613846875 0.71347009375 0.709904440625 0.721357265625 0.7410769390625 0.72720598125 0.758644165625 0.727180515625 0.7755540578125 0.724985971875 0.77898314375 0.723413759375
1 0.7564491046875 0.752514090625 0.7534122859375 0.7471470015625 0.7410446828125 0.7349752640625 0.7374436546875 0.7341901671875 0.7210504984375 0.735941915625 0.6951689234375 0.73967651875 0.6874340015625 0.74243375625 0.6821089984375 0.755649178125 0.6863046703125 0.7591124625 0.69541695 0.7601842671875 0.7211883625 0.7610979703125 0.75489889375 0.753842465625 0.7564491046875 0.752514090625
1 0.7480325171875 0.82461945625 0.7429296625 0.81350880625 0.7193819218749999 0.8095511609375 0.6914970015625 0.80703309375 0.663579825 0.8122843109375 0.663015615625 0.8168663 0.6649723984375 0.819743440625 0.6744599078125 0.8252753125 0.6988217046874999 0.8301292609375001 0.71804839375 0.8316418406249999 0.734096753125 0.8326901953125001 0.7463407984375 0.8308506921875001 0.7480325171875 0.82461945625
1 0.6736835734375 0.771521353125 0.66986313125 0.772518140625 0.6676081140625 0.7758166359375 0.6675292953125 0.7802103875 0.6776741359375 0.7879113390625 0.691592859375 0.791239971875 0.721434565625 0.7966351781250001 0.7346028312499999 0.7910436703125 0.7357948515625 0.7738558531249999 0.7328986296875 0.7711006328125001 0.6736835734375 0.771521353125
1 0.7407184734375 0.8427270234375 0.72474893125 0.8372849171875 0.6865928765625 0.8355988484375001 0.67522558125 0.837825540625 0.6691501203125 0.842120825 0.673126378125 0.8473659937500001 0.6874051140625 0.8515246078125 0.7385243234375001 0.86054586875 0.7436299125 0.84911233125 0.7428006375 0.8445859421874999 0.7407184734375 0.8427270234375
1 0.6887222375000001 0.96469905625 0.6755862265625 0.9625212796874999 0.6439122078125 0.9607454421874999 0.6247159531250001 0.9664930359374999 0.6206913125 0.97290179375 0.622319428125 0.9746943953124999 0.6388997421875 0.9789300453124999 0.685243853125 0.985439925 0.6973473015625 0.98098855625 0.695250834375 0.96798481875 0.6887222375000001 0.96469905625
1 0.734272975 0.9288543468749999 0.7145304625 0.9202698281249999 0.668765778125 0.9128080484375 0.6519955703125 0.9251291859374999 0.6516346468750001 0.9318139296875 0.672253909375 0.9407856390625 0.6818202359375001 0.9419237624999999 0.7282906375 0.93990069375 0.7328158890625 0.9369337874999999 0.734272975 0.9288543468749999
1 0.6002144687500001 0.9515124937499999 0.6008727140625 0.946166840625 0.549363059375 0.929055421875 0.5153229484375 0.9427411187500001 0.50896538125 0.9493273953125 0.508447734375 0.9572849187499999 0.5632154468749999 0.9629520796875 0.5815967296875 0.963822915625 0.5945769265624999 0.9597587375 0.6002144687500001 0.9515124937499999
1 0.594521528125 0.9001500124999999 0.5793821734375 0.891719565625 0.5230463000000001 0.906294878125 0.5229988265625 0.9104340750000001 0.5281966265625 0.9132663296875 0.564457675 0.9190808781250001 0.5997327234375 0.921641815625 0.606559553125 0.9187519406250001 0.594521528125 0.9001500124999999
1 0.6076925296875 0.8720143171875 0.5706496796875 0.8575341828124999 0.5461293328125 0.8689824703125 0.5487900125 0.87740421875 0.563272034375 0.8836655906249999 0.5877278671874999 0.8877558703125 0.60769070625 0.8870437750000001 0.6110571031250001 0.8859806734375001 0.6115899687499999 0.8816532374999999 0.6076925296875 0.8720143171875
1 0.573803953125 0.79813513125 0.554387371875 0.8131793390625001 0.55878633125 0.81874538125 0.60658570625 0.8322052781249999 0.61040615 0.8312084921875 0.635788940625 0.8090025781250001 0.6234526828125 0.7965762859375001 0.573803953125 0.79813513125
1 0.596027278125 0.7490361625 0.5632884390624999 0.7484004640624999 0.54640989375 0.7503404515625001 0.540913859375 0.7536838328125001 0.545328034375 0.7628799625 0.6020364015624999 0.77530890625 0.607220809375 0.759481615625 0.6046228203124999 0.750550759375 0.596027278125 0.7490361625
1 0.625310240625 0.7139249828125 0.5880793203125 0.700972178125 0.5612592171874999 0.6973139703125 0.553712365625 0.698543878125 0.5508931375 0.706424365625 0.5529753015625001 0.7082832859375 0.57486266875 0.7182176109375 0.602934746875 0.7267230796875 0.623664171875 0.7310464828125001 0.629019609375 0.72509123125 0.6291772453125 0.7163037265625001 0.625310240625 0.7139249828125
1 0.66608405625 0.6905983484375 0.6596190625 0.6792887453125 0.6543272265625 0.67722015625 0.5926234328125 0.671576440625 0.5854679375 0.673381775 0.5702013781249999 0.68099900625 0.5683690625 0.6846183765625 0.57062316875 0.6888346078125 0.61411761875 0.6959647999999999 0.646762421875 0.6973641625 0.6603059171875 0.6962327234375 0.66608405625 0.6905983484375
1 0.65520853125 0.6400337 0.6435761703125 0.633152015625 0.5943662703125 0.6311470890625 0.568828578125 0.63959631875 0.579928075 0.6508054359375001 0.6005948109375 0.65563795 0.639924934375 0.6590503015625 0.6551601484375 0.651687625 0.6568832109375 0.6452018328125 0.65520853125 0.6400337
1 0.6666896375 0.6030997828125 0.6606312156249999 0.5959956953125001 0.648340609375 0.5944596640625 0.5989739843749999 0.5937275140625 0.5719013000000001 0.6071352046875 0.5730440234375 0.6091160437500001 0.58057475 0.611770778125 0.6103851078125 0.617420540625 0.6542566109375 0.6139813421875 0.66551465625 0.608888228125 0.6666896375 0.6030997828125
1 0.6595225703125001 0.5712161109375 0.6460892390625 0.56769924375 0.611002259375 0.563610978125 0.5900999828125 0.56444499375 0.58427528125 0.5667038375 0.5831164281250001 0.568607640625 0.5858559249999999 0.5726356359375 0.5946072828125 0.5803921859375001 0.6178577 0.5830107375 0.6423296609375 0.583216378125 0.6579087578125 0.580568328125 0.6595225703125001 0.5712161109375
1 0.6307493296875 0.53462185 0.6229365015624999 0.534258109375 0.60261365 0.5341402234375 0.5957868203125 0.53703009375 0.5969761078125 0.542386465625 0.6087804109375 0.5516254625 0.6510533171875 0.5611685671875 0.6691838421875 0.5640758421875 0.6828536296875 0.5544114546875 0.6428518671875 0.5376852109375 0.6307493296875 0.53462185
1 0.68194918125 0.5242199015625 0.6404599 0.5083129234375 0.6340719 0.5076390265625 0.6154864171875001 0.5121801640625 0.610929821875 0.5154016265625 0.6198683359375 0.5291455765624999 0.6314541359375 0.5326517281250001 0.6473771171875 0.534718303125 0.6775949609375 0.5370588515625 0.6817449828125001 0.5296318734375001 0.68194918125 0.5242199015625
1 0.6699452359375 0.48281922968749996 0.617462975 0.48111374375000004 0.600615771875 0.48279917499999997 0.59903421875 0.48438210625 0.5998008031250001 0.489417603125 0.6183531171875 0.5001604796875 0.666748046875 0.5087838328125 0.6754224093750001 0.5059046796875 0.677426665625 0.504642621875 0.678085821875 0.4917822390625 0.6699452359375 0.48281922968749996
1 0.6887358296875 0.46535139374999995 0.672860321875 0.459145621875 0.623603859375 0.4537651625 0.620300153125 0.4543191578125 0.6210192640625001 0.46349385156249995 0.635125146875 0.472809884375 0.63999428125 0.4745576015625 0.6614285109375 0.47691088125 0.687137234375 0.47833369374999996 0.6904884140624999 0.47364050312500006 0.6887358296875 0.46535139374999995
1 0.6913231578125 0.433078515625 0.6815696734375 0.42595299375 0.6663201546875 0.422170853125 0.636008275 0.42059396875 0.6165308281249999 0.42111782968749994 0.6071982218749999 0.4293426375 0.6258597875 0.4429519375 0.6295548515625 0.44297337031249995 0.66714760625 0.44172669999999997 0.6916356968749999 0.438047696875 0.6913231578125 0.433078515625
1 0.6331327390625 0.3763804609375 0.629500365625 0.37584991875 0.6186498046875 0.37763381875 0.6105226140625 0.38733035625 0.6108038078125 0.392554090625 0.6152654562500001 0.397611021875 0.6231875375 0.4008411859375 0.671128421875 0.40939822187499997 0.6846576109375 0.39712196718750004 0.6854412359375 0.3907580921875 0.6331327390625 0.3763804609375
1 0.6698514796875 0.35220240937499997 0.644127540625 0.3471495109375 0.614692409375 0.34595981875000004 0.60896174375 0.3474549984375 0.59782816875 0.35904462187499997 0.598626096875 0.363825565625 0.6589829671875 0.3729004125 0.6737641359375 0.36547141875 0.6725909765625 0.35623040625 0.6698514796875 0.35220240937499997
1 0.6420642390625 0.3188617609375 0.6079167 0.314651578125 0.6048771453125 0.331828678125 0.606254503125 0.33565771718750004 0.6298488046874999 0.3429908953125 0.679152740625 0.3442321578125 0.6811901640625 0.32768608593750004 0.66603468125 0.3231402796875 0.6420642390625 0.3188617609375
1 0.677983228125 0.30493222656249996 0.6767778125 0.3034604984375 0.6672903031249999 0.2979286234375 0.6332994890625 0.29244566562499996 0.6072307546875 0.29019286875 0.6039413546875 0.3018916796875 0.6052085468749999 0.310369028125 0.6330773390625 0.3167717375 0.6494857125 0.318650075 0.6669589031250001 0.31938827187499996 0.674678609375 0.31300095 0.677983228125 0.30493222656249996
1 0.6568831312500001 0.258575109375 0.6204653578125 0.254033334375 0.61125813125 0.2612399234375 0.6097231375 0.2661983875 0.6132140046875 0.2716317921875 0.61789506875 0.27490684062500004 0.6697969921875 0.28507895781250003 0.6718639390625001 0.2833077890625 0.6756548609374999 0.2675361 0.6726493859375 0.26191445625 0.6568831312500001 0.258575109375
1 0.6859001171875 0.2218702828125 0.6735154765625 0.221097915625 0.6470079125 0.2224088890625 0.6387562531250001 0.22560891718749998 0.6333381250000001 0.232073275 0.6383792015624999 0.23617830468749998 0.68245216875 0.2498713234375 0.6994095328125 0.24353758593750002 0.7010556015625 0.2264160859375 0.6940416125 0.2233185609375 0.6859001171875 0.2218702828125
1 0.6860139265625 0.18716305625000002 0.6819901953125 0.186057084375 0.6443195328125 0.18418277968750002 0.6285523671875 0.188358159375 0.6281600984375 0.1952974625 0.67379758125 0.2188069203125 0.6820331109375 0.219491534375 0.693479225 0.2128710890625 0.6977394109375 0.20079580625000001 0.6860139265625 0.18716305625000002
1 0.518142928125 0.1540924546875 0.5120826828125 0.16201782343749999 0.533498053125 0.190799934375 0.5417174546875 0.195369190625 0.578917940625 0.2010618203125 0.5804851906249999 0.188334071875 0.57702658125 0.17513138125 0.518142928125 0.1540924546875
1 0.5928814046875 0.22279544218749997 0.5820317546875 0.21706461406250002 0.5486517140625 0.21037519843750002 0.5158036234375001 0.20687307968750002 0.5033401625 0.2104944640625 0.5002083984375 0.2134057703125 0.5010063296875 0.2181867140625 0.5330860093750001 0.23168279374999998 0.5785533734375 0.23780548437500001 0.5868202484375 0.23823554218749998 0.5917995453125 0.23533495312500002 0.5928814046875 0.22279544218749997
1 0.5558653421875001 0.2456344 0.5101472203124999 0.24154815156249998 0.49308060156250005 0.2450154671875 0.4907628953125 0.248823075 0.49245279062499997 0.2576212953125 0.540016621875 0.2767477203125 0.561060409375 0.27101084375 0.5697508984375 0.264247046875 0.566323634375 0.2507898 0.5558653421875001 0.2456344
1 0.563266128125 0.28688100156249996 0.5557354046875 0.284226265625 0.5312795718750001 0.280135984375 0.49407817343750005 0.2819580859375 0.4926999046875 0.2856437734375 0.49791292187499997 0.292106115625 0.5201764296875 0.2989857828125 0.5410312328125 0.3022909671875 0.558598459375 0.30226549999999996 0.5657226093750001 0.3007147203125 0.563266128125 0.28688100156249996
1 0.5459298890625 0.3188135875 0.5148827703125 0.3119466515625 0.4955611375 0.318712465625 0.49455809687499996 0.32685822343750004 0.49628024843749996 0.3278871609375 0.5319457421875 0.33853825312499997 0.5572792343749999 0.335500996875 0.5614131296875 0.3319586609375 0.5578130109375 0.32365883281249996 0.5459298890625 0.3188135875
1 0.5587944546875 0.3644860921875 0.5551468640625 0.3603254609375 0.5174771140625001 0.3509364265625 0.5059692203124999 0.3505512515625 0.4833438796875 0.35787105937499997 0.4837817984375 0.3618220203125 0.48775805468750005 0.3670671890625 0.503116825 0.37371575 0.5113210125000001 0.37465491875 0.5530154046875 0.37763519843750004 0.554988315625 0.37662769375 0.5587944546875 0.3644860921875
1 0.5627984109375 0.3995356234375 0.5544222828125001 0.3962391421875 0.5267254328125001 0.3921937453125 0.49431434999999996 0.40015731250000003 0.5115833421875 0.40630748437499997 0.5635479578125 0.4159704921875 0.5664916515625 0.41458651562500004 0.5693735703125 0.40619691874999997 0.5627984109375 0.3995356234375
1 0.561385153125 0.4335347828125 0.5452275390625 0.4296200078125 0.5166378140625 0.429072059375 0.484039571875 0.43104822968749995 0.483694778125 0.4338483328125 0.48890779375 0.4403106765625 0.5185453 0.45111785624999995 0.526295440625 0.45199070625 0.5593315999999999 0.45396549531249997 0.565361409375 0.4387799515625 0.561385153125 0.4335347828125
1 0.5595644078124999 0.4708431578125 0.5562454859375 0.4677670640625 0.5415127015625 0.46354213125 0.5165553484375 0.46352472968749997 0.48773007812499997 0.468643309375 0.4948219734375 0.474861815625 0.5273879578125 0.48065492968749995 0.5562436609375 0.4827965234375 0.5599548546875 0.47893331406249995 0.5595644078124999 0.4708431578125
1 0.5383611625 0.5003969968749999 0.5158773296875 0.5028139421875 0.5119315062500001 0.504828946875 0.510459203125 0.5092783015625 0.5126506187500001 0.5140036421875 0.5145447125 0.5173898921875 0.5197111671875 0.5204767015625 0.5583051390625 0.5261137312499999 0.5708312890625 0.521983234375 0.5685467515625 0.510506828125 0.5488042375 0.5019223109375 0.5383611625 0.5003969968749999
1 0.5041786328125 0.526500284375 0.49918411875 0.5257707859375 0.4806908484375 0.5445777171875 0.48173953750000004 0.547322221875 0.52451214375 0.5678219062500001 0.53038340625 0.56893859375 0.5501134359375001 0.5513488375 0.548892803125 0.546247021875 0.5041786328125 0.526500284375
1 0.54378448125 0.5802247484375 0.5158064375 0.570955615625 0.46459228125 0.570212746875 0.46025510000000003 0.5716523265625 0.45995686718749995 0.5778279625 0.467893253125 0.5922029421875 0.47140024843750006 0.5937517062500001 0.5161941484375 0.601589959375 0.5413243546875 0.5964499453125 0.55068830625 0.58797058125 0.547197440625 0.5825371765625 0.54378448125 0.5802247484375
1 0.49655426406250003 0.6682315265625001 0.5032893203125 0.672853546875 0.500238315625 0.6646765046875001 0.505838728125 0.6519040859375 0.4493488640625 0.6452079859375 0.42774086875000006 0.655526853125 0.42625243749999997 0.6638608484375 0.44430323125 0.6786766015625 0.453039371875 0.6828030671875001 0.50166984375 0.68575989375 0.5099152375 0.6651803125 0.5034264359375 0.6783310734375 0.49655426406250003 0.6682315265625001
1 0.5145219265625001 0.7052581250000001 0.452569196875 0.6866213921875 0.44439635468749994 0.6854276687499999 0.442000740625 0.686114296875 0.4141139984375 0.6986256890625 0.444517178125 0.7219830921875 0.45408350468750003 0.723121215625 0.5098229109375 0.7208971765625 0.515382546875 0.70952995625 0.5145219265625001 0.7052581250000001
1 0.5061357734375 0.7846236640625001 0.49796293281250004 0.7834299390624999 0.45518759375 0.7854744453125 0.433737234375 0.78700580625 0.4307308484375 0.7888988921875 0.42819372656250004 0.7944883859375 0.43112129374999997 0.7969890484375 0.454778284375 0.8038131171874999 0.47478768593750004 0.806476553125 0.4908047015625 0.8077794624999999 0.5026887359375001 0.8051099796875001 0.5061357734375 0.7846236640625001
1 0.499722809375 0.7316012171875 0.4964352296875 0.72827056875 0.42423997656249995 0.73275546875 0.41821107812499997 0.7404262828125 0.4204651828125 0.7446425156250001 0.42771380312499996 0.7495882453125 0.464757565625 0.7565536515625 0.48122862812499995 0.7579228765625 0.487507375 0.7557303515625 0.499722809375 0.7316012171875
1 0.5200481156250001 0.8405554015625001 0.5232900453125 0.8329957875 0.508855496875 0.8225952187500001 0.44065354062499995 0.8209259156250001 0.417449684375 0.8216828953125 0.41143600156250004 0.832983796875 0.4533954609375 0.8450724515625 0.4656860671875 0.84660848125 0.49427579374999997 0.8471564265625 0.511154340625 0.8452164421875 0.5200481156250001 0.8405554015625001
1 0.4975140765625 0.86965573125 0.48472377343749995 0.8571631203125 0.4272622140625 0.8583582249999999 0.42344176874999995 0.8593550109375 0.4193230921875 0.8665274328124999 0.418320053125 0.874673190625 0.419979515625 0.8762112375 0.435980403125 0.8813987875 0.46156374375000003 0.8838398218749999 0.48960538906249995 0.8850851140625 0.4960256453125 0.8779897265625 0.4975140765625 0.86965573125
1 0.47615501718750003 0.892967615625 0.46115625937500004 0.8871490359375 0.41210399531249997 0.8763566062500001 0.40834624062499997 0.87684428125 0.39170141406250003 0.8881472 0.3908237546875 0.8952747375 0.3980410296875 0.9004750234375001 0.42143204375 0.9057054421874999 0.45373205156249996 0.9099049109375 0.46987444843750004 0.9101895984375 0.47709263281250003 0.9078751546875001 0.47615501718750003 0.892967615625
1 0.4549812953125 0.9372963593750001 0.43149806875 0.9178001468750001 0.42451542499999995 0.9144480625 0.39141475312499996 0.9280118406250001 0.38948840156250003 0.9323948765625 0.39084963125 0.940108559375 0.396313409375 0.9445344609375 0.407899209375 0.9480406140625 0.42599838749999996 0.95120244375 0.44068460781249996 0.9520518453125 0.4480747359375 0.9520947109375 0.45369615 0.9477331109374999 0.4549812953125 0.9372963593750001
1 0.3684759609375 0.9378771984375 0.3686174703125 0.9329743359375 0.3565937515625 0.9255172234375 0.342315015625 0.9213586078124999 0.2774328953125 0.91525066875 0.2349530546875 0.933663725 0.24932582499999997 0.937058675 0.303842778125 0.9447622765625001 0.3120469640625 0.9457014453125 0.347009475 0.9432932031249999 0.3684759609375 0.9378771984375
1 0.3233759015625 0.8724666593749999 0.3155944171875 0.8718483625 0.2710019796875 0.8811423218750001 0.2680887171875 0.889786475 0.2913068796875 0.9001743109375001 0.339294325 0.9121068796875 0.346232228125 0.8970539703125 0.34635852031250003 0.8885210203125 0.3233759015625 0.8724666593749999
1 0.358560559375 0.8457323406249999 0.35546105156249996 0.8408743640624999 0.350529228125 0.8396357546875001 0.2906881828125 0.837632846875 0.2660281515625 0.8389545375 0.26496333125 0.8400946765624999 0.30297514375 0.86922779375 0.31999428750000003 0.8698996749999999 0.35240445781249996 0.869450834375 0.3587772421875 0.8664946453125 0.358560559375 0.8457323406249999
1 0.38118863593749996 0.8158683453125001 0.37692844999999997 0.8279436312499999 0.38109277812500003 0.8316614703124999 0.38779422812500003 0.8297898171875 0.38756050625 0.820426884375 0.383740975 0.8139089421874999 0.38118863593749996 0.8158683453125001
1 0.35483870781250004 0.8083918156250001 0.2751906375 0.81334295625 0.2739529671875 0.8196405125 0.3036845078125 0.8296840281250001 0.3189340265625 0.8334661671875001 0.3399769 0.8352440203124999 0.37461074375000003 0.8317512375 0.3761627765625 0.815393403125 0.35483870781250004 0.8083918156250001
1 0.3804874734375 0.78777955 0.38205563593749997 0.7675370734375 0.3778913078125 0.763819234375 0.331797046875 0.762787646875 0.2779678609375 0.7645132921875 0.289662 0.7784005953124999 0.2972392875 0.7844308640625 0.3451174796875 0.793497009375 0.36771056562500004 0.7939464859375 0.37832649375 0.7903143828125 0.3804874734375 0.78777955
1 0.3444047484375 0.731719209375 0.3385818703125 0.7189485953125 0.2893880984375 0.7130590265625 0.2760783234375 0.7235533968750001 0.273369259375 0.7267855765625 0.2741510625 0.7354511609375 0.2901206046875 0.7408932671875 0.3120088828125 0.743312865625 0.33518139375 0.742810440625 0.3433076734375 0.7406286328125 0.3444047484375 0.731719209375
1 0.3356911171875 0.6711049984375 0.31524288437500003 0.6720053312500001 0.28471067968749997 0.6797250625 0.28148487968749997 0.6834000328125 0.3298618578125 0.7109374890625 0.3663128 0.7001952484375 0.37002399218750004 0.6963320421875 0.371935125 0.6883189171875 0.3356911171875 0.6711049984375
1 0.37618191562500003 0.6575840890625 0.3751959171875 0.654330475 0.3637050625 0.6425459296875 0.348471671875 0.634879146875 0.3443852515625 0.634282284375 0.3360556859375 0.6343613343750001 0.3018911046875 0.6415505234375 0.2991659140625 0.64866734375 0.3000892234375 0.6524300671875001 0.3198621703125 0.668274759375 0.33154200624999997 0.671017246875 0.3518335125 0.6713896874999999 0.36028845781249996 0.6702924171875 0.3705443734375 0.66583033125 0.37618191562500003 0.6575840890625
1 0.3687202609375 0.6018171390625 0.3562577125 0.5979237953125 0.30638956875 0.6012645234375 0.31349576875 0.6186278453125 0.32752374375 0.6248229000000001 0.3448554265625 0.630463959375 0.3973215609375 0.6360540890624999 0.40698192187500004 0.6364285468750001 0.4112734515625 0.6240987078125 0.3687202609375 0.6018171390625
1 0.41193716562500005 0.5736646765625 0.3822530984375 0.5594819656250001 0.37816667656249997 0.5588851046875 0.3446442140625 0.56461328125 0.3421223078125 0.5738328593750001 0.345707209375 0.5785026015625 0.36548015624999997 0.5943472937500001 0.3959639765625 0.5982814890625 0.41541099218750005 0.5904974562499999 0.41844963437500005 0.5808350843750001 0.41193716562500005 0.5736646765625
1 0.4229480953125 0.5405490859375 0.4071988796875 0.525810365625 0.390415278125 0.5194719578125 0.34754499375000003 0.5297948546875 0.3825978921875 0.5566818625 0.3905826625 0.559402915625 0.3991003 0.5577965359375 0.41632364062500005 0.5530564453125 0.42097427187500003 0.5490713171875 0.4229480953125 0.5405490859375
1 0.4454660078125 0.515333396875 0.44206917656250005 0.5091363265625 0.39459846875000004 0.49676096718749996 0.381728434375 0.4961768375 0.35634746875 0.50335329375 0.3528082171875 0.5095738140625 0.3551877046875 0.5127718265625 0.383964590625 0.5193071703125 0.40300320625 0.5223470796874999 0.42774114531249996 0.52414636875 0.4375268859375 0.5235026046875 0.4419267578125 0.52155391875 0.4454660078125 0.515333396875
1 0.4237533171875 0.48521219374999996 0.4285454546875 0.47632420625 0.42519518749999996 0.47350266718749995 0.4032137859375 0.4643320046875 0.3411499796875 0.457858309375 0.3364841328125 0.45821334843750006 0.334589128125 0.462341828125 0.35822816875 0.4880799953125 0.3618918875 0.48835598437499994 0.4030543265625 0.4881489671875 0.41617512031250004 0.4866966546875 0.4237533171875 0.48521219374999996
1 0.429128528125 0.4453133875 0.37788485 0.42979561562499996 0.3735790140625 0.4309806390625 0.3711197984375 0.4396911078125 0.3746876609375 0.45576021874999995 0.410306590625 0.4630357796875 0.4268089984375 0.4641504515625 0.43188233125000003 0.4604861984375 0.4338248078125 0.452218521875 0.429128528125 0.4453133875
1 0.4331881609375 0.40859115625 0.40765320312500003 0.39449619999999996 0.3871118484375 0.38864546718750004 0.3649253390625 0.3924015046875 0.36157415625 0.39709469531249997 0.3716079234375 0.41695868125 0.4299605390625 0.4272955875 0.43544135468749995 0.42032211718749996 0.4360216921875 0.4118554859375 0.4331881609375 0.40859115625
1 0.4015813890625 0.3687325640625 0.36865448125 0.369624196875 0.3627357453125 0.3726467046875 0.36791741718750004 0.379363603125 0.38974209375 0.389807040625 0.4267545109375 0.397027 0.43549156250000004 0.39363873437499997 0.43851407656249997 0.3878610046875 0.4339897375 0.3833131828125 0.4015813890625 0.3687325640625
1 0.424019571875 0.3554253578125 0.42023138437499996 0.348652859375 0.4130454546875 0.34319801875 0.40167907031250005 0.3379099828125 0.38951384375 0.3353557328125 0.3589825484375 0.335560734375 0.358872384375 0.340209040625 0.37900534218750004 0.356883715625 0.3905597984375 0.36064442343750003 0.4168004734375 0.36525453125 0.4210749640625 0.3643240625 0.42420672968749995 0.36141275781250004 0.424019571875 0.3554253578125
1 0.44955908593749994 0.33194666875 0.4482292015625 0.32397843125 0.43897632499999995 0.32029475937499996 0.428595940625 0.31826033593749997 0.402589896875 0.31549843125 0.3942916765625 0.31532292812499996 0.3747667546875 0.3199859828125 0.37393656875 0.322974325 0.380089025 0.32931474843749997 0.392911584375 0.334038075 0.40964862343749997 0.33700095 0.43036283124999997 0.33769426406249997 0.448149471875 0.3358869125 0.44955908593749994 0.33194666875
1 0.44543248281250003 0.275371171875 0.42653537343750003 0.2674283984375 0.41080046406250004 0.263834496875 0.382336115625 0.2622683296875 0.378484328125 0.26351966875 0.378639228125 0.2772763546875 0.41200314374999997 0.2878504109375 0.42634456875 0.291499915625 0.43058771562500003 0.2908240046875 0.44136036718750005 0.285919125 0.4504735578125 0.27947620156249997 0.44543248281250003 0.275371171875
1 0.4400834265625 0.22872331406250002 0.40341580312499997 0.21870325156249998 0.396305046875 0.23891357812499997 0.435899325 0.258949034375 0.4413478859375 0.2597448515625 0.4575538828125 0.2520057015625 0.4518098234375 0.234841334375 0.4400834265625 0.22872331406250002
1 0.4233150421875 0.22601499375 0.40341580312499997 0.21870325156249998 0.3832326390625 0.2287119609375 0.3822457265625 0.23297307812499998 0.39672774843749997 0.23923445000000002 0.420854915625 0.2422401921875 0.4312048671875 0.2370144421875 0.43195714687500003 0.2309051234375 0.4233150421875 0.22601499375
1 0.432307409375 0.18301664374999999 0.4091985 0.1754952296875 0.377337321875 0.16773199375 0.3737828546875 0.170322425 0.400223171875 0.20709420937499998 0.4256811328125 0.2105534609375 0.44706880312499997 0.209531209375 0.4505310578125 0.1926749828125 0.432307409375 0.18301664374999999
1 0.4654260328125 0.1505387640625 0.4629041296875 0.1597583421875 0.462480515625 0.1669522 0.46429670156249997 0.167217471875 0.4683365609375 0.1644388015625 0.47076443125 0.1559828875 0.4654260328125 0.1505387640625
1 0.4472176015625 0.1445105125 0.4194115 0.13759869375 0.37682423125 0.13811586874999998 0.374865625 0.1502681859375 0.3786699390625 0.15315604375 0.41328674374999996 0.1610626328125 0.455309803125 0.1651274484375 0.45407486406249997 0.1488808140625 0.45293214062500003 0.1468999765625 0.4472176015625 0.1445105125
1 0.29747712656249997 0.114347184375 0.270047165625 0.10438070625 0.23843674843749998 0.09458103125 0.23474168281250002 0.094559596875 0.23110748593750002 0.1090585109375 0.23289141875000002 0.11709306718750001 0.279985075 0.140037815625 0.2952041609375 0.1365597828125 0.30964144375 0.1244161640625 0.29747712656249997 0.114347184375
1 0.28016676406249996 0.1911135890625 0.24623772968750002 0.1926362515625 0.23068997656249998 0.1950297484375 0.22348700781250003 0.200974278125 0.23129892500000002 0.20885275 0.23724809531250002 0.21309041562500003 0.2442934265625 0.21593338750000002 0.3076719 0.226745234375 0.309128075 0.22618052500000002 0.3101633703125 0.2102654828125 0.29961195625000003 0.198359015625 0.28016676406249996 0.1911135890625
1 0.26653989375 0.2342124265625 0.23381718437500001 0.2296920875 0.229057303125 0.230810790625 0.2316391625 0.24362629062500002 0.23628888125 0.24715589218749998 0.2671156765625 0.2633194421875 0.3013563390625 0.274280690625 0.309265025 0.258851309375 0.3023934578125 0.243336190625 0.26653989375 0.2342124265625
1 0.274176225 0.2697925015625 0.26963575781250004 0.269129321875 0.21901533281250002 0.27857936875 0.2171830171875 0.2821987390625 0.223069496875 0.286945515625 0.2428747 0.29502092343749997 0.2989257359375 0.3052807921875 0.305268084375 0.295064428125 0.3018560359375 0.28523726875 0.274176225 0.2697925015625
1 0.28132442968750004 0.3281050015625 0.26964550468750004 0.317847784375 0.2530186296875 0.3102366015625 0.2288287734375 0.30773996875 0.20869308125 0.3136094828125 0.2518247859375 0.34245387968749996 0.2572420015625 0.3435042484375 0.27437130781249996 0.339527821875 0.27895925 0.3360518046875 0.28132442968750004 0.3281050015625
1 0.2749802578125 0.3533508234375 0.252936165625 0.344689271875 0.23298945624999998 0.341516725 0.22638204062499998 0.34262471250000004 0.22046330468750003 0.345647221875 0.21969580937500002 0.348126453125 0.2346461828125 0.36559895937500003 0.281725534375 0.3773988921875 0.2903837671875 0.37840437968749996 0.298667684375 0.367435065625 0.29154444375 0.361471115625 0.2749802578125 0.3533508234375
1 0.3051774171875 0.397149659375 0.28062845937500003 0.386308315625 0.27699608593749997 0.3857777703125 0.22429349687500003 0.3933688984375 0.22059752187499998 0.40086219375 0.2601604546875 0.4211522078125 0.2642155296875 0.4220036234375 0.30124498593750004 0.41782421249999996 0.30454869375000004 0.41727021718749996 0.30822945156250003 0.40614683593749995 0.3051774171875 0.397149659375
1 0.24163675156250003 0.43269896250000006 0.2076781921875 0.419446721875 0.20446852031249999 0.41923705 0.19905039375 0.4257014078125 0.19845483749999998 0.43053795156249997 0.21196516562499998 0.44469052812500004 0.2435908 0.458120290625 0.2547852421875 0.46105101406250004 0.266701534375 0.4506122453125 0.2658722578125 0.44608585781250004 0.2538485390625 0.4386287453125 0.24163675156250003 0.43269896250000006
1 0.2930639421875 0.48426305156250005 0.27764248281250004 0.478123596875 0.22899679218750002 0.4715366828125 0.20873663125 0.47090968593750004 0.1903078734375 0.47417805 0.196037628125 0.4801976 0.2070440015625 0.48465565312500003 0.2575524390625 0.49488337187500003 0.2721132796875 0.4967509921875 0.290103209375 0.4970463984375 0.296554809375 0.48969645625 0.2930639421875 0.48426305156250005
1 0.256501015625 0.51468305625 0.22025518437499997 0.5124985953125 0.20264048437499999 0.5166632578125 0.20393902343749998 0.5248860515625 0.20877681250000002 0.5268883234375 0.2703077546875 0.5376894531249999 0.2806415765625 0.5363483453125 0.289409971875 0.532705525 0.2887069890625 0.5196461875 0.256501015625 0.51468305625
1 0.160667553125 0.0992883328125 0.11141200312499999 0.08639314687500001 0.087627809375 0.0956167578125 0.11399204062499999 0.1142381046875 0.12106871875 0.116826521875 0.15405740625 0.122940509375 0.16627010625 0.12135556249999999 0.170059203125 0.12061333125 0.1698102671875 0.10762031406250001 0.160667553125 0.0992883328125
1 0.1479971625 0.13086587968750002 0.1459463421875 0.12875240625 0.128974671875 0.12394132656250001 0.11583866093749999 0.12176355000000001 0.09781738906250001 0.12172269843750001 0.0859647015625 0.1241376265625 0.0731089734375 0.134698315625 0.07733599062499999 0.137907046875 0.0999281640625 0.1458712515625 0.1412312 0.1482761 0.14638243906249998 0.1477328234375 0.1526146234375 0.142164765625 0.1479971625 0.13086587968750002
1 0.1439859140625 0.1559341828125 0.1404789203125 0.15438541875 0.080779384375 0.14747964687499998 0.0783828578125 0.15568100625 0.0859592328125 0.1692260046875 0.10938068125 0.18171659843750002 0.13209823437499998 0.18866258281249998 0.1362473453125 0.18875033593749999 0.150449996875 0.174758515625 0.15062285 0.1696010984375 0.1439859140625 0.1559341828125
1 0.12403373437500001 0.1978500125 0.1118371625 0.195550315625 0.06690175312499999 0.1926149234375 0.0611710875 0.19411010312500002 0.07059499375 0.20766581562500003 0.10691690937500001 0.2280007125 0.1441962140625 0.229299590625 0.1551112875 0.211977121875 0.13824977968750002 0.20251773750000002 0.12403373437500001 0.1978500125
1 0.1143679046875 0.2425639296875 0.098649121875 0.23508538437499998 0.0867346546875 0.23049469375 0.07538348593750001 0.22883674375 0.0511129890625 0.245763321875 0.07434545625 0.2672959734375 0.1148809953125 0.2721800546875 0.1328414 0.2577005578125 0.1301959390625 0.2529088984375 0.1143679046875 0.2425639296875
1 0.152987753125 0.293034778125 0.1448937296875 0.287447303125 0.1383337890625 0.28441609375 0.10163482187499999 0.274650584375 0.060612068750000005 0.2849841984375 0.0579030046875 0.2882163796875 0.0560070875 0.2998595890625 0.1167696203125 0.3206546796875 0.1210441109375 0.3197242125 0.1512010875 0.307544409375 0.152845334375 0.3054523703125 0.152987753125 0.293034778125
1 0.072162878125 0.3188038234375 0.06395869062500001 0.3178646546875 0.054532962500000004 0.3193384 0.042991901562500004 0.3342372375 0.0437746140625 0.33538809375 0.0603540171875 0.347138471875 0.10311140468749999 0.36400807031250004 0.1085913109375 0.36454933125 0.138764415625 0.3484848875 0.1368560171875 0.333953821875 0.072162878125 0.3188038234375
1 0.1150106546875 0.3649686734375 0.0797678640625 0.35463845312500003 0.07204906875 0.35351104843750003 0.03285863125 0.36022529375 0.0331398234375 0.3654490265625 0.05569974062500001 0.38118251718749996 0.0906452109375 0.39017364374999997 0.10066558437499999 0.391378084375 0.11478941718749999 0.3817800171875 0.1172020703125 0.3696940140625 0.1150106546875 0.3649686734375
1 0.1059869421875 0.40822157968750006 0.08267474531249999 0.39859740781249997 0.078134278125 0.3979342265625 0.0465686 0.40653954375 0.044876879687499996 0.4127707796875 0.060720131249999997 0.42674583593750004 0.0880104078125 0.42658571875 0.10961749218750001 0.42378158125 0.1099632 0.413466746875 0.1059869421875 0.40822157968750006
1 0.113982371875 0.452146365625 0.0851275796875 0.44249004375 0.033522978125000005 0.43365701874999996 0.0315339375 0.4385491640625 0.046656253125000005 0.4583789828125 0.0539048734375 0.46332471249999996 0.0736321703125 0.46827914374999996 0.082321746875 0.46903007499999994 0.1157967375 0.4674410953125 0.1168159046875 0.455410696875 0.113982371875 0.452146365625
1 0.0775618640625 0.4701487796875 0.0624377265625 0.4653484203125 0.030826396875000002 0.46306347187499997 0.03081026875 0.466948115625 0.0512709828125 0.49222205781249995 0.10001070781250002 0.49804530625 0.105068821875 0.49075096562500004 0.1051951140625 0.4822180171875 0.0775618640625 0.4701487796875
1 0.0936826640625 0.5194064875 0.08954968125 0.5154340937499999 0.0608820484375 0.5117651703125 0.0152570484375 0.5144299859375 0.010763143749999999 0.5171423390625 0.035343443749999995 0.5277291281250001 0.05552478749999999 0.532749878125 0.0664845984375 0.5338324 0.092334828125 0.53035235 0.0957486984375 0.5251500484375 0.0936826640625 0.5194064875
1 0.060626731249999996 0.55137525625 0.018400384375000002 0.5452076828125 0.012732409375 0.5461937531250001 0.0090050890625 0.553941603125 0.0139521296875 0.5588102968750001 0.0452804421875 0.5709009671875 0.07015897812500001 0.5753121218749999 0.07698580625 0.5724222484375 0.08083941875 0.5561414499999999 0.060626731249999996 0.55137525625
1 0.10300251093749999 0.6163878875 0.097914871875 0.608907325 0.026363559375 0.5969017546875001 0.012615865625 0.603445165625 0.01039219375 0.60648910625 0.0393248921875 0.61926640625 0.07715136875 0.6273826671875 0.0953445828125 0.6297808328125 0.1004179140625 0.626116578125 0.10298638125 0.6202725296875 0.10300251093749999 0.6163878875
1 0.043795379687500004 0.6805565312499999 0.005905303125 0.680464109375 0.002992953125 0.68159353125 0.0009098765624999999 0.687249340625 0.022859021875 0.7041892875 0.0684983265625 0.7126692890624999 0.074557659375 0.712258646875 0.08255947031250001 0.7035803296875 0.07928801875 0.6963650390625 0.043795379687500004 0.6805565312499999
1 0.095278246875 0.660348859375 0.079434084375 0.65388853125 0.052755490625 0.6453274640625 0.00802245625 0.6520095578125 0.0031685390624999997 0.6538919265625001 0.010651790625000001 0.660685859375 0.042747600000000004 0.6702972984375 0.08309507031249999 0.6767087093749999 0.0938050328125 0.6723129390625 0.09668695000000001 0.6639233453125 0.095278246875 0.660348859375
1 0.0517253859375 0.7475346140625 0.012942432812499998 0.7509396453125 0.008855100000000001 0.7578575125 0.0128940484375 0.7625935703125 0.07782272968750001 0.7720770421875 0.09420066875000001 0.76669520625 0.09490547499999999 0.764725084375 0.083931359375 0.7524977453125 0.0517253859375 0.7475346140625
1 0 0.8179567796875 0.0336949984375 0.8226410546875 0.054831909375 0.82365524375 0.06281759218750001 0.8188615671875 0.0647914140625 0.8103393359375 0.0184804703125 0.7885454421875 0 0.80310575 0 0.8179567796875
1 0 0.8713884171874999 0.0049582953125 0.8720843468749999 0.0241849828125 0.873596928125 0.03956079375 0.8688461203125 0.0374643234375 0.855842384375 0.034756171875000005 0.8515598343749999 0.0261919734375 0.8497906828125 0 0.84836871875 0 0.8713884171874999
1 0 0.9200744921874999 0.022957971875 0.9210982171875 0.0477120390625 0.9190128609375 0.051127731249999996 0.8987811015625 0.033419909375 0.8961946984375 0 0.8955496937499999 0 0.9200744921874999
1 0.1660955875 0.9147958859375 0.12296206093749999 0.9009809484375 0.096860159375 0.9140121671875001 0.0961392234375 0.9198669296875 0.0979392828125 0.9240168453125 0.10262034687499999 0.9272918921875 0.1229422875 0.9349245093749999 0.1557276859375 0.9389357374999999 0.17399971875 0.9369401515625 0.1786512609375 0.9254402953125 0.1660955875 0.9147958859375
1 0.19600545 0.8745936078125001 0.1524805671875 0.8602032421875 0.11158319375 0.8695186390625 0.1095001171875 0.8751744468749999 0.1131163640625 0.8795896328125 0.1706074453125 0.893169434375 0.1917291375 0.890553534375 0.19680338125000002 0.8793745515625 0.19600545 0.8745936078125001
1 0.2145452828125 0.8591622093750001 0.22065208906249997 0.8546123718749999 0.220434496875 0.8413647984375 0.16024956875000002 0.8346472640625 0.14405969999999998 0.8385017703125 0.129466603125 0.844403434375 0.129763925 0.8457425265625 0.14523194687500002 0.8552575125 0.1649905875 0.8599573890625001 0.1827611 0.8620346812499999 0.189603146875 0.8627748953125 0.202207203125 0.8617653750000001 0.2145452828125 0.8591622093750001
1 0.22051513906250003 0.8219415859374999 0.221752809375 0.8156440328125001 0.212563534375 0.8039365203125 0.2051581890625 0.8002635640625 0.18085908125 0.794900509375 0.14241818906249998 0.8180496234374999 0.14532962656249998 0.8244349296875001 0.16212935625 0.826888696875 0.177723671875 0.8278707328125 0.21044729218749997 0.82487634375 0.22051513906250003 0.8219415859374999
1 0.230229353125 0.7655737453125 0.22434378437500002 0.7533122375 0.2199600421875 0.7513762828125 0.1754482453125 0.7412470328125 0.16884083125 0.742355021875 0.1384483109375 0.76020135 0.1492666140625 0.7661867328125 0.1591302625 0.7686639484375 0.192369709375 0.7727414968749999 0.2164816578125 0.7721171531250001 0.226361434375 0.770709725 0.230229353125 0.7655737453125
1 0.22203245625 0.7045167390625 0.2122001546875 0.7017849703125 0.17232194843749998 0.699069965625 0.1416643640625 0.707807915625 0.14210228125 0.711758875 0.145186575 0.712986765625 0.1811655171875 0.721092309375 0.1944269078125 0.722251865625 0.21905559375 0.7211847296875 0.236607603125 0.7175291765625 0.22203245625 0.7045167390625
1 0.22828441718749998 0.6650051234375 0.21842076875 0.662527909375 0.1856667140625 0.6582621234375 0.1762723296875 0.6594813125 0.1579841703125 0.6653615421875 0.1850532078125 0.6820127671875 0.2031523875 0.6851745984375001 0.2278437640625 0.6835983515625 0.2311645109375 0.6716449859375 0.22828441718749998 0.6650051234375
1 0.2590004125 0.5619512249999999 0.25771709062500003 0.55735851875 0.2476188109375 0.5530331 0.2198431421875 0.55338145625 0.21048010156250002 0.554346090625 0.1894676609375 0.5598284125 0.19695091250000002 0.5666223421875001 0.21605222031250002 0.5691531453125 0.2522040171875 0.572101271875 0.255758484375 0.5695108375 0.2590004125 0.5619512249999999
1 0.2512448046875 0.6061667484375 0.250979740625 0.597058371875 0.2310805015625 0.589746628125 0.1877902484375 0.5772044671875001 0.14333931875 0.5815955640625 0.1428377984375 0.58566844375 0.16045067500000001 0.596533240625 0.19445670625 0.6056462859375 0.22944965 0.6104982156250001 0.2381705734375 0.6109945906250001 0.2475649578125 0.609775403125 0.2512448046875 0.6061667484375
1 0.25900742656250003 0.6332138734375 0.2567219765625 0.6292521984375 0.25122685312500004 0.62508085 0.20588487187500001 0.6179399421875 0.1811934953125 0.6195161875 0.17879696875 0.627717546875 0.21613714062499997 0.6435367734375 0.22391862499999998 0.6441550687500001 0.2391529265625 0.644307121875 0.2585838140625 0.6404077312500001 0.25900742656250003 0.6332138734375