1 0.1894454890625 0.1958286515625 0.186136496875 0.2025268078125 0.17838776875 0.26515869687500004 0.1823185484375 0.26898609218749997 0.1876169109375 0.26966505 0.1949406796875 0.25445993125 0.2049076625 0.2225002859375 0.207459921875 0.1981371046875 0.20675214843749998 0.1942479078125 0.19288843125 0.1934209734375 0.1894454890625 0.1958286515625
1 0.24985278906250002 0.2206627625 0.2477804125 0.2284690078125 0.24660567968749997 0.2781737640625 0.248154184375 0.28739362968750004 0.26104720000000003 0.289995425 0.26532788749999997 0.2843714109375 0.267793165625 0.26379558125 0.2673443453125 0.242846328125 0.2633616265625 0.2166961 0.25567899843749997 0.21571161249999998 0.24985278906250002 0.2206627625
1 0.2215045609375 0.2113323453125 0.212101459375 0.214400696875 0.20932429218749998 0.22686475156250002 0.2122473390625 0.2528791875 0.2157412265625 0.2699453390625 0.22320689843750002 0.2818227078125 0.226120003125 0.279347134375 0.228678228125 0.272077959375 0.230040840625 0.254684515625 0.2259671640625 0.22092563437499999 0.22300609374999997 0.21247438281250003 0.2215045609375 0.2113323453125
1 0.2850379421875 0.21140199218750003 0.28194988125 0.218603271875 0.27992745937499997 0.2430343484375 0.281702859375 0.26985134375 0.29115392500000004 0.2777098203125 0.2950827171875 0.2758392125 0.30240449687500004 0.254936090625 0.3027993890625 0.247864509375 0.29961142343749997 0.2218161265625 0.2910430859375 0.21312114218749997 0.2850379421875 0.21140199218750003
1 0.31731396875 0.216012803125 0.3149326875 0.22425427656250002 0.3132671359375 0.259176953125 0.3136259921875 0.2753665578125 0.31601224375000003 0.2813700890625 0.3243146703125 0.287182125 0.32700684375 0.284203425 0.3325171890625 0.2597444953125 0.33330597968750003 0.24275233125 0.3306488453125 0.21962084218750003 0.3269829828125 0.21582739687500002 0.31731396875 0.216012803125
1 0.34720274687499997 0.2117710765625 0.3443485421875 0.25651249531250003 0.34700070625 0.265398978125 0.348944103125 0.2675472609375 0.3529618609375 0.267587303125 0.35697763125000004 0.2619293421875 0.36213806718749997 0.24692181875000002 0.365486075 0.22550948124999998 0.3660969265625 0.20469601875 0.35748559687500003 0.1993192109375 0.3491421671875 0.2025233578125 0.34720274687499997 0.2117710765625
1 0.3790319390625 0.20113063437499998 0.3762557671875 0.21644368906250003 0.377461321875 0.2550579703125 0.38086624062499996 0.2702134734375 0.3856787546875 0.270355359375 0.3878410921875 0.2673087640625 0.3945430734375 0.2415780984375 0.39736124375 0.22009786562500003 0.39629759375 0.2085660703125 0.39373539375 0.2044392390625 0.3790319390625 0.20113063437499998
1 0.41581157187500006 0.20631855781250003 0.41034123906250003 0.2189123078125 0.4081958015625 0.27039192343749996 0.410716003125 0.28068593124999996 0.4217115984375 0.28636826718749997 0.43627414218749994 0.2654433890625 0.431269771875 0.2215941859375 0.4283087015625 0.2131429328125 0.42468682968750004 0.2088803109375 0.41581157187500006 0.20631855781250003
1 0.43967508281249995 0.2692028859375 0.44449356250000005 0.286438778125 0.44670187656250004 0.2886210109375 0.45102854218750005 0.288225825 0.458353303125 0.2758697109375 0.4643445265625 0.23770284375 0.46115855000000006 0.2173524625 0.4509587046875 0.2146209703125 0.44597421718749997 0.22775179375 0.43967508281249995 0.2692028859375
1 0.485225096875 0.22945789218749998 0.4828438140625 0.237699365625 0.48060245 0.267325321875 0.48135719374999997 0.27929234375 0.5023297140625 0.2815050484375 0.508104978125 0.2570800640625 0.5057167375 0.245378528125 0.5022698203125 0.2363902046875 0.49056446249999996 0.2211206703125 0.485225096875 0.22945789218749998
1 0.5211180234375 0.2240863171875 0.5195364687499999 0.246674640625 0.52016024375 0.26289819375 0.5223265593749999 0.271247603125 0.5274069734375 0.279970440625 0.5433420718749999 0.270142128125 0.5406339906250001 0.227536809375 0.5301642546875 0.21052636093750002 0.525749615625 0.2118599015625 0.5211180234375 0.2240863171875
1 0.5593482453124999 0.210942446875 0.5581126234375 0.21268335781249997 0.5563071546875 0.22622155312499997 0.55398875 0.28812487343750004 0.5636187484375 0.3026536484375 0.5678574390625 0.303196815625 0.5776094578125 0.2878280515625 0.5779603609375 0.28122564687499996 0.5737427921875 0.214686278125 0.5680895484375 0.2092137234375 0.5593482453124999 0.210942446875
1 0.595559025 0.23077665625 0.58524014375 0.26648970625 0.57867310625 0.299359846875 0.5801766296875 0.3061998890625 0.5879472296875 0.3062460265625 0.5935085234375 0.30126092656250003 0.6093476921875001 0.26957895781249996 0.6109772125 0.2579174640625 0.60849503125 0.2300602734375 0.60399043125 0.226634159375 0.595559025 0.23077665625
1 0.6152258453125 0.28695064062500003 0.6194705 0.3045878125 0.6268892015625 0.308387353125 0.63672521875 0.2806842359375 0.6436431578125 0.24121168593750003 0.6413458750000001 0.237118803125 0.6305252359375 0.2267107640625 0.6277890734375 0.23015863906249998 0.6152258453125 0.28695064062500003
1 0.6612537515625 0.2249507078125 0.652691378125 0.2333497328125 0.651695578125 0.289724790625 0.6605318171875 0.30700072343749996 0.6649464546875 0.3056671875 0.6792271796875 0.236275340625 0.67215938125 0.22587339375 0.6673898625 0.22241333124999998 0.6612537515625 0.2249507078125
1 0.7103495921875 0.22459470312500002 0.7067287140625 0.2231810796875 0.70200516875 0.2249498453125 0.696137953125 0.2389171765625 0.693232803125 0.2641847609375 0.693384646875 0.319757259375 0.7010672734375001 0.3207417453125 0.7049070953125 0.31696048593750004 0.71196395625 0.2960234203125 0.716323671875 0.26382004375 0.7153460093749999 0.24565189531249998 0.7121610265625 0.22815051406250003 0.7103495921875 0.22459470312500002
1 0.7416608796874999 0.24807437812500002 0.7362755359375 0.251182775 0.724359190625 0.263900128125 0.7237423749999999 0.267619584375 0.7264415078125 0.28458389375 0.73170483125 0.3113730359375 0.7349748078125 0.3193890625 0.7489284859375 0.32497565 0.752282459375 0.3206573203125 0.7528972890625 0.3112398609375 0.752446478125 0.284592603125 0.7431184265625 0.2496855921875 0.7416608796874999 0.24807437812500002
1 0.8166766984375 0.2572124359375 0.8054641515625001 0.26242298124999996 0.8026469734375 0.28675221562500003 0.8015532562500001 0.315575609375 0.80849505625 0.3444790890625 0.813263584375 0.34509015 0.8161327015625 0.34308375 0.8213391124999999 0.33330505312500003 0.8250390187500001 0.3081393140625 0.8255618953124999 0.2882642 0.8257768609375 0.271673315625 0.823211678125 0.2589994828125 0.8166766984375 0.2572124359375
1 0.7657972609375 0.3337846640625 0.7670348703125 0.3377417546875 0.7705677765625001 0.34009372656250003 0.775115371875 0.34020166406249996 0.7825291015625 0.3297562 0.7852173015624999 0.315381496875 0.7891801359375 0.2845517 0.7826851687499999 0.2708994734375 0.7648476796875 0.26956332031249997 0.762155503125 0.27254201718750004 0.7657972609375 0.3337846640625
1 0.8357967796875 0.2648855046875 0.8310342187499999 0.2813684515625 0.8313570421875 0.320819240625 0.8342751203125 0.332588671875 0.8390456343749999 0.33889773437500004 0.844254034375 0.334817040625 0.8477809734375 0.3200750046875 0.85434105 0.267261853125 0.8422417953125001 0.2619129015625 0.837606225 0.262743315625 0.8357967796875 0.2648855046875
1 0.9647368625 0.3193934609375 0.9631963109375 0.33296560468749997 0.9630752859375 0.36571214375 0.970058090625 0.3855994453125 0.9769029703125 0.38980026562500003 0.9786684265625001 0.38812725000000003 0.9821503859374999 0.37100538906249997 0.986372175 0.32311553437499996 0.981113821875 0.310571396875 0.9677809359375 0.31266135781250004 0.9647368625 0.3193934609375
1 0.925205159375 0.27206939218750004 0.9173975328124999 0.2924354421875 0.91216005625 0.3397203296875 0.9258088093750001 0.35713814843749997 0.9327406671875 0.3575516171875 0.9409011875 0.336281165625 0.9415600046874999 0.32639453125 0.9369515203125 0.27832275 0.933638553125 0.2736248984375 0.925205159375 0.27206939218750004
1 0.955894415625 0.410848746875 0.9503311359375 0.41013584375 0.935426634375 0.4633041390625 0.9514216281250001 0.498590671875 0.95857640625 0.5052052640625 0.9668328562499999 0.505788471875 0.9697270703124999 0.44918187343750005 0.9696321375 0.43017721875000003 0.964726678125 0.41672867656249996 0.955894415625 0.410848746875
1 0.903091709375 0.41642748906250004 0.8951941187499999 0.4320338828125 0.9133164109375 0.49038400937500004 0.9175990875 0.49045799843750004 0.9202462796875001 0.485099475 0.924295103125 0.44763332499999997 0.92503294375 0.411167328125 0.9216749953125 0.40408965312499995 0.903091709375 0.41642748906250004
1 0.8732849406250001 0.402636853125 0.8603178703125 0.4408594265625 0.8734837546875 0.466287178125 0.8820481156250001 0.4635861546875 0.8877383875 0.448646528125 0.8906435390624999 0.42337894374999996 0.8888261390625001 0.4027291234375 0.88754454375 0.399241209375 0.8830409343750001 0.3986640953125 0.8732849406250001 0.402636853125
1 0.79872589375 0.4372400609375 0.8153337281249999 0.45741112968750003 0.8208510328124999 0.452895209375 0.8321806296875 0.40354211875 0.83094301875 0.399585028125 0.8066065859375 0.37320064375 0.7944253203125 0.3858840484375 0.79872589375 0.4372400609375
1 0.7467519874999999 0.4139614546875 0.7478675781249999 0.447816084375 0.7507876421875 0.46528351875 0.754542471875 0.470987615625 0.7638126171875 0.46647778593749994 0.7735937109375 0.4079048296875 0.7569468625 0.4024479421875 0.7478526640625 0.40508106718750003 0.7467519874999999 0.4139614546875
1 0.708859746875 0.3834659046875 0.697482184375 0.4218921671875 0.6951518515624999 0.4496074734375 0.6968323187500001 0.45741981249999997 0.7051337484375 0.46038284375 0.7069431953125 0.458240653125 0.7160304328125 0.43566451875 0.723305240625 0.40668357187500004 0.726653246875 0.385271234375 0.72020525 0.37969683593750003 0.7111100593749999 0.3794809609375 0.708859746875 0.3834659046875
1 0.6825309578125001 0.34115740625 0.6711864484375 0.347775478125 0.6693340078125 0.3532358453125 0.6668396546875 0.41701586874999996 0.669093946875 0.42442692656250003 0.6777972296875 0.4402613875 0.6816390375 0.44217813125000005 0.6858767343750001 0.43987229375 0.690894271875 0.3949332859375 0.6905734359375 0.3611804984375 0.6886700515624999 0.3471670328125 0.6825309578125001 0.34115740625
1 0.6308339000000001 0.3521007640625 0.6243478796875 0.364089546875 0.6249395984375 0.4149702890625 0.6350594218750001 0.4414321421875 0.64604905 0.4300204703125 0.64992689375 0.4086760296875 0.651325540625 0.36802140156249996 0.6428871765624999 0.3522208890625 0.636087278125 0.3503998953125 0.6308339000000001 0.3521007640625
1 0.5920209062499999 0.34000490625 0.5850030609375 0.34622779062500003 0.5840803234374999 0.358929478125 0.58599663125 0.40997995937500004 0.6013268453125 0.43805912031250005 0.6033132328125 0.436889228125 0.6056505265625 0.429116928125 0.60987828125 0.3983210828125 0.6039461984375001 0.3529285609375 0.5980700359375 0.34125488125 0.5920209062499999 0.34000490625
1 0.5594399546875 0.347225328125 0.5565308250000001 0.36109690781250003 0.554203471875 0.3973592171875 0.5561978171875 0.4189813359375 0.5588489859375 0.425018815625 0.56088035625 0.4262287484375 0.564897121875 0.42341978906250005 0.5724438078125 0.4144157984375 0.5738924062499999 0.3903860015625 0.5727798 0.3650783734375 0.5691979375 0.34895057343749997 0.5594399546875 0.347225328125
1 0.5231580984375 0.376762490625 0.5232050687500001 0.38484031875 0.5241837265625 0.4058574703125 0.5275416749999999 0.41293514375000007 0.5330159875 0.4117373984375 0.5419302593750001 0.3995849703125 0.5495090031250001 0.3559237890625 0.5515334125 0.33719071562499997 0.54079975625 0.322995321875 0.5256703484374999 0.36426448906250003 0.5231580984375 0.376762490625
1 0.509629378125 0.3237491296875 0.49542768125 0.366561615625 0.49507677812499995 0.3731640203125 0.5007789796875 0.39241240624999996 0.5043568656249999 0.3971442046875 0.51808464375 0.3879826625 0.521082740625 0.3760217328125 0.5223573796875 0.35956663906249997 0.5231411984375 0.32832947031250004 0.515236646875 0.323992859375 0.509629378125 0.3237491296875
1 0.46746937343750006 0.335914609375 0.468547934375 0.3901814234375 0.4712030828125 0.4076149078125 0.472925546875 0.409260071875 0.478090953125 0.40849755156249995 0.48819486875000007 0.3893753859375 0.49449102343750007 0.33937728749999996 0.49104410625000006 0.3303889625 0.48963054531249994 0.328308571875 0.47629666249999997 0.327549534375 0.46746937343750006 0.335914609375
1 0.4483893015625 0.316376359375 0.44283198749999997 0.3327574625 0.4399357828125 0.3836660578125 0.44068754375 0.387086078125 0.45013562812499996 0.3863975484375 0.459004915625 0.3718652953125 0.46054845 0.36684015468750003 0.4618211 0.344687059375 0.4619001265625 0.31810769843750003 0.4568656890625 0.3146136890625 0.4483893015625 0.316376359375
1 0.41487765625 0.3135064625 0.4080377484375 0.323550646875 0.40495267031250004 0.33929892968750003 0.40496360468750003 0.370637940625 0.4065600734375 0.39078463750000003 0.41557027343749997 0.40048586718749996 0.4286322765625 0.38126795 0.4284543390625 0.37744665 0.42512944218750004 0.3385607859375 0.4199990734375 0.3132131171875 0.41487765625 0.3135064625
1 0.35940066875 0.37334592031249997 0.359048771875 0.377099325 0.3614809984375 0.38833168281249997 0.37194775 0.396795125 0.3773340859375 0.39653573125 0.3823215578125 0.3919519125 0.385232675 0.383778334375 0.3914848375 0.3342494125 0.3780580109375 0.3201837171875 0.37143505781249997 0.319335021875 0.35940066875 0.37334592031249997
1 0.332411078125 0.33522605156249996 0.328579209375 0.3617993203125 0.3289430375 0.39223393125 0.330799453125 0.39816956718749996 0.34338654375 0.4097535921875 0.3482870328125 0.40895712656249994 0.354402265625 0.346590725 0.3459199125 0.3312593875 0.336427840625 0.3324170921875 0.332411078125 0.33522605156249996
1 0.2994402015625 0.3637630625 0.29693590625 0.3990530734375 0.314862365625 0.4022998765625 0.31874716875 0.40089844374999994 0.32505226875000004 0.37654135625 0.3236657953125 0.32555877031249997 0.306446115625 0.32335216093749997 0.30256628281250003 0.3389986 0.2994402015625 0.3637630625
1 0.283091321875 0.32653193125 0.2816347703125 0.32776971875 0.2764283578125 0.3375484171875 0.272599471875 0.3726686890625 0.271681703125 0.39961538281250003 0.28395690625 0.40308763125 0.29265422343749997 0.40182808437500006 0.29776570156250004 0.3730447296875 0.2988194078125 0.35608651406249997 0.2986365 0.3380202078125 0.291613684375 0.3299980859375 0.283091321875 0.32653193125
1 0.23629872968750001 0.348074828125 0.23357449687499998 0.3857107171875 0.2415250234375 0.3952761546875 0.2467354109375 0.3968934609375 0.2521647421875 0.3933158921875 0.25529778593749997 0.3884944375 0.26300550624999997 0.334878725 0.2610621125 0.33273044218750003 0.24454821875000002 0.32871502656249996 0.23889795937499997 0.331789475 0.23629872968750001 0.348074828125
1 0.19677299374999999 0.3178447671875 0.19664500625 0.3306483 0.1994360921875 0.35807026249999996 0.203191915625 0.366623359375 0.21016975000000002 0.3722656546875 0.21414153281249998 0.36707686875 0.22591398593749998 0.3215790265625 0.2184463265625 0.3040036578125 0.20065282343750002 0.30219832812499997 0.19782968125 0.3094335546875 0.19677299374999999 0.3178447671875
1 0.160878075 0.317518340625 0.159952353125 0.3216730234375 0.160054246875 0.3606206890625 0.1652256171875 0.376952178125 0.1724223953125 0.37739959375 0.19426074375 0.33034276875 0.194522678125 0.3218297140625 0.1870570078125 0.30995234531250004 0.17433994218749999 0.305473846875 0.160878075 0.317518340625
1 0.13577249375 0.4909313703125 0.14429585 0.497246528125 0.1728980609375 0.47527188281250005 0.177177753125 0.4667988671875 0.1810496328125 0.4283604203125 0.1678037265625 0.426663028125 0.1543388765625 0.4301605171875 0.13577249375 0.4909313703125
1 0.2027669546875 0.41405013437499993 0.19742858125 0.42523635625 0.1923190921875 0.45971771562499997 0.19047659687500001 0.4936680953125 0.1948962078125 0.5065795625 0.19807621875 0.5098359375 0.20297670625 0.509039471875 0.21519499843749998 0.4759438828125 0.2190638953125 0.4289584296875 0.21906091249999998 0.42041142656249997 0.21579193124999999 0.4152444015625 0.2027669546875 0.41405013437499993
1 0.22838797031250002 0.4524694359375 0.22663842031249998 0.499726471875 0.2311479921875 0.5173975921875 0.2352107328125 0.519817459375 0.24421695625 0.5181226828125001 0.2614187390625 0.4690472703125 0.25434696562500003 0.44724932031250003 0.2468822859375 0.4382209546875 0.2331525203125 0.44168449218749994 0.22838797031250002 0.4524694359375
1 0.270637940625 0.445063609375 0.2683006453125 0.4528359078125 0.2653954953125 0.478103490625 0.269294215625 0.516588075 0.2731800125 0.5180356453125 0.279580046875 0.5126832140625 0.2854882671875 0.48969970625 0.28777660312500003 0.46815157812499997 0.2867989390625 0.44998342812500003 0.2848095671875 0.44260631562499997 0.270637940625 0.445063609375
1 0.30459641875 0.4631847609375 0.29917703125 0.4952523453125 0.3072195078125 0.5152754359375 0.3156968875 0.5163617656249999 0.3166675921875 0.5145869078125 0.325749859375 0.47776576718749997 0.32123730156249997 0.45154764375 0.3173505109375 0.44725107499999994 0.30896309375 0.4509243953125 0.30459641875 0.4631847609375
1 0.3511270765625 0.450154921875 0.3470223359375 0.45390222968750005 0.3393536296875 0.4928037609375 0.3395785375 0.5047028890624999 0.3483727765625 0.5281460015625 0.352434521875 0.5277168671875 0.357642921875 0.5236361734375 0.3636860875 0.5077921390625 0.3642129421875 0.4993130328125 0.36503676875 0.4562106828125 0.3638881296875 0.4541642421875 0.3511270765625 0.450154921875
1 0.387152959375 0.4462248203125 0.38419785625 0.4548675734375 0.3815146296875 0.48348728281250003 0.3915044796875 0.517054665625 0.3969288390625 0.4992320875 0.4041067265625 0.4455484796875 0.40251622343750004 0.4424957921875 0.39368495625 0.4394648640625 0.387152959375 0.4462248203125
1 0.422386078125 0.44789087812500006 0.4192130234375 0.4645775125 0.42019466562499996 0.4941416671875 0.424003425 0.5278665984375001 0.4269175234375 0.528240025 0.43331755781250003 0.5228875953125 0.4428876609375 0.49230152812499994 0.4433705296875 0.484291596875 0.443623515625 0.4501375296875 0.42759447812499995 0.443810184375 0.422386078125 0.44789087812500006
1 0.46106312968749996 0.44999825937500004 0.4580620515625 0.45341218593750005 0.45449112343750003 0.468623396875 0.4558246640625 0.4944341484375 0.462678490625 0.524275978125 0.4687246359375 0.51697895 0.472951396875 0.4833341015625 0.47360325156250005 0.45350445781250004 0.46940755625 0.4496431171875 0.46106312968749996 0.44999825937500004
1 0.4927712984375 0.47210435781250004 0.4964881046875 0.4953716359375 0.4987853875 0.49946451875 0.5034659390625 0.5010139296875 0.5082334734375 0.498775990625 0.5116324265625 0.4968374875 0.5145445375000001 0.4915129109375 0.518283459375 0.4516329875 0.5133340125 0.438653621875 0.5015906343750001 0.440947271875 0.49378300781249995 0.4613133203125 0.4927712984375 0.47210435781250004
1 0.5216143234375 0.5076128578125 0.5211304625000001 0.5127737906250001 0.5415791125 0.532012603125 0.54436025625 0.5309445546875 0.5632415109375 0.4868324796875 0.5640782640625 0.4807671453125 0.54482125 0.460256596875 0.53961185625 0.461488290625 0.5216143234375 0.5076128578125
1 0.5750229109375 0.46697565 0.566953346875 0.495854753125 0.5689586249999999 0.548815884375 0.570682084375 0.553310046875 0.57708410625 0.5536556187499999 0.591518665625 0.5455342703125 0.5929302359374999 0.54191665625 0.598609571875 0.495638015625 0.5919336828125 0.46961748593749997 0.582658565625 0.4598823078125 0.5772292375 0.46345988125000004 0.5750229109375 0.46697565
1 0.6685833734375 0.5163503296874999 0.672998009375 0.5094127421875 0.664707821875 0.5125189109375 0.6511973140625 0.506650159375 0.6473323953125 0.5650316171875 0.6591726953125 0.5874406265625 0.6678710062500001 0.5890300828125 0.6822136140625 0.57045108125 0.6860074609375 0.56144099375 0.686431425 0.5111652203125 0.6647047390624999 0.5025140828125 0.6786545828125 0.5093038796875 0.6685833734375 0.5163503296874999
1 0.7058974390625 0.4979908796875 0.68998123125 0.5619502125 0.689189459375 0.570395371875 0.6900291953125001 0.572877040625 0.704476678125 0.601792709375 0.7269827890625 0.570490259375 0.7276416046875 0.5606036234375 0.722323359375 0.5029446453124999 0.71026809375 0.4971265171875 0.7058974390625 0.4979908796875
1 0.78841894375 0.507141125 0.787627171875 0.515586284375 0.7920577171875001 0.5598367671875 0.7948028265625 0.582029903125 0.796923165625 0.5851504875 0.8028403328125 0.5878079890625 0.805267590625 0.5847953421875001 0.8110428531249999 0.560370359375 0.812713378125 0.5396926875 0.8131932624999999 0.5231357515624999 0.8097893359375 0.5108292484375 0.78841894375 0.507141125
1 0.733938753125 0.513454528125 0.7306727546875 0.51683450625 0.739219971875 0.5915256921875 0.747478409375 0.5978069015624999 0.7517161046874999 0.5955010640625 0.7564376609375 0.5880342984375 0.7616341296875 0.5497655890625001 0.762158 0.532739478125 0.75955081875 0.526232821875 0.733938753125 0.513454528125
1 0.84550134375 0.4930893703125 0.8375088187499999 0.489691109375 0.8275358703125001 0.50455675 0.8295031249999999 0.5750810625 0.83154245 0.59908300625 0.843553728125 0.605370309375 0.8537816546875 0.5620486062500001 0.85470439375 0.54934691875 0.853722753125 0.519782765625 0.8508026890625 0.5023153312499999 0.84550134375 0.4930893703125
1 0.87681263125 0.516569046875 0.8645873796875 0.529721628125 0.8689349234374999 0.58915546875 0.8701725328125001 0.593112559375 0.8778121656250001 0.597415221875 0.8862895468750001 0.598501553125 0.887790084375 0.5967945890624999 0.8922877296875 0.58027769375 0.893426428125 0.5538341234375 0.89319555625 0.524840990625 0.8855109406249999 0.5181585 0.87681263125 0.516569046875
1 0.9020747874999999 0.5387987453124999 0.8968703640625 0.554275446875 0.8883668921875 0.6049403140625 0.889074665625 0.608829509375 0.901663746875 0.6261115375 0.909081453125 0.6270620765625 0.9140679281249999 0.6196292578125 0.9182096953125001 0.5954697624999999 0.9208029609375 0.5620904015625 0.9202231703124999 0.545397675 0.91743904375 0.5379187203125 0.9020747874999999 0.5387987453124999
1 0.9490592375 0.5609631671875001 0.9301710218749999 0.5851322328124999 0.9270829624999999 0.5923335125 0.9429010109375 0.626647746875 0.9475375765624999 0.628666334375 0.9554401390624999 0.62730494375 0.9597208281249999 0.6216809296875 0.9627189250000001 0.60972 0.9650082546875 0.5910208734375 0.9650912578125 0.5758375171875 0.9647353843750001 0.568194915625 0.9599208796875001 0.562355028125 0.9490592375 0.5609631671875001
1 0.9543444328125 0.6504303375 0.9492670000000001 0.650254503125 0.94220715625 0.6626445671875001 0.938680215625 0.6773866015625 0.9358779531250001 0.7444508546875 0.9572182781249999 0.788494171875 0.9599504640625 0.7736502921875 0.9649640234374999 0.7173152765624999 0.9654908765625001 0.7088361703125 0.9611073015624999 0.672663515625 0.9543444328125 0.6504303375
1 0.8891494734375 0.69667936875 0.8889315265625 0.70472325 0.9009567234375 0.7508965703125 0.9100529078124999 0.753961446875 0.9195370265625 0.7300117328125 0.9292771140625 0.68045495625 0.9133360500000001 0.6731892609375 0.9045057796875 0.6730073328125 0.8891494734375 0.69667936875
1 0.8595996687499999 0.660130675 0.8547441625 0.6633069671875 0.8537304640625001 0.6684000015625 0.8548999828125 0.7302754671875 0.8576021015625 0.75578678125 0.8588387171875 0.7568948703125 0.886905125 0.717758321875 0.88667823125 0.7001611921875 0.8844589812500001 0.666639946875 0.8810570421874999 0.6600314468749999 0.8595996687499999 0.660130675
1 0.8274936281249999 0.63654915625 0.8402106921874999 0.641027653125 0.8438295828125 0.636743271875 0.8415313062499999 0.6298013859375 0.8318622921875001 0.6299867921875 0.8253292999999999 0.633897746875 0.8274936281249999 0.63654915625
1 0.8211895203124999 0.6637552437500001 0.8306224500000001 0.746156925 0.837201415625 0.7474747984375 0.8459767656249999 0.7167868875 0.84906184375 0.7010386046875 0.8497606687499999 0.6792867890625 0.8442734328125001 0.6434475187500001 0.827274684375 0.6417440359375 0.8211895203124999 0.6637552437500001
1 0.7984865828125 0.63710536875 0.777470075 0.6353618453125 0.773851184375 0.6396462265625 0.7752806515625 0.6873106328125 0.77998009375 0.74299106875 0.793706878125 0.730980525 0.79953209375 0.7231803734375 0.8063140953125 0.673719346875 0.805555375 0.6503563171875 0.801224734375 0.6393555 0.7984865828125 0.63710536875
1 0.7424718078125 0.6740849265625 0.7295817765625 0.680030134375 0.7261557375 0.730870834375 0.7377281359375 0.7446988953125 0.741217053125 0.7475200421875 0.7501353 0.7467636171875001 0.7548978625 0.7302806703125 0.7562144984375 0.7076584 0.75444009375 0.68369040625 0.7517439421875001 0.6752731 0.7424718078125 0.6740849265625
1 0.680266 0.68273201875 0.6823043281250001 0.7038849609375 0.6919402921875 0.73550774375 0.6959150578125 0.7388659625 0.7217701703125 0.6890001765625 0.7086882828125 0.6512380703125 0.704492584375 0.647376728125 0.6961031796875 0.645352046875 0.680266 0.68273201875
1 0.6640920734375 0.6407751859374999 0.66078109375 0.6417753359375 0.6492176421875 0.6535882890625 0.642114803125 0.6692965281250001 0.64171891875 0.673519109375 0.6422517375 0.682134009375 0.651535803125 0.717510196875 0.6590424796875001 0.720371384375 0.6628832953125 0.719439128125 0.6781966046875 0.6990852671875001 0.6803999484375 0.6870224953124999 0.6796862078125 0.6660392921875 0.67809371875 0.6572886015625 0.6729243359375 0.646655115625 0.6640920734375 0.6407751859374999
1 0.606830740625 0.6481566390625 0.6034797484375 0.6610219703125 0.60963475 0.7126156156250001 0.6272043390625 0.7053708171874999 0.6328506234375 0.6909003640625 0.6377451468750001 0.6730098921875001 0.6406843421875 0.6187831203124999 0.640548403125 0.6087946421875 0.627566421875 0.6042821953125 0.606830740625 0.6481566390625
1 0.5753795390625001 0.603292478125 0.5623215109374999 0.6339063984375 0.561925625 0.6381289796875 0.5696641687499999 0.67283230625 0.5793341765625 0.6754959 0.5839687546875 0.6718164875 0.599282065625 0.6514626265625 0.601699378125 0.6199599671875 0.592597228125 0.599801084375 0.5824413703125 0.5966004171875 0.5753795390625001 0.603292478125
1 0.5405403171875001 0.5917058374999999 0.526152728125 0.6079050140625 0.5205074390625 0.6252244671875 0.5335033390625 0.6696229265625 0.5594074109375 0.6335329734374999 0.5617886921874999 0.6252915 0.5596663640624999 0.6164729140625 0.5538322 0.5986320546874999 0.549459559375 0.5937984140625 0.5405403171875001 0.5917058374999999
1 0.513246790625 0.568266203125 0.50702270625 0.5717419296874999 0.49679676875 0.6207616359375 0.4968897140625 0.6340682921874999 0.505684946875 0.6603604046875 0.5123088953125 0.6640581015625 0.5154869171875001 0.6616164734375001 0.5206863703125 0.6318947671874999 0.52279875625 0.61222334375 0.5233196437500001 0.586650228125 0.5221240328125 0.5765259578124999 0.5198707390624999 0.5719639 0.513246790625 0.568266203125
1 0.48327600156250006 0.5905402859375 0.473825928125 0.5855308124999999 0.4710897671875 0.5889786859374999 0.462797284375 0.6116566640625 0.459464190625 0.6758040203125 0.46008398906250003 0.6806315656249999 0.464455634375 0.68261620625 0.48978985937499997 0.6583235359375 0.4898768390625 0.6545361828125 0.48743367656250003 0.6119648109375 0.4852213859375 0.598386571875 0.48327600156250006 0.5905402859375
1 0.44172784218750005 0.5847413015625 0.4284568375 0.6376441093749999 0.4299153765625 0.6421043234375 0.43905554999999996 0.6447000234375 0.45547848750000003 0.6411067859374999 0.4610728296875 0.6043135000000001 0.461331784375 0.5872534421875 0.45726805 0.581984571875 0.44861372343749994 0.57992594375 0.44172784218750005 0.5847413015625
1 0.4035356421875 0.5803219921875 0.3903436640625 0.6066454375 0.38540615 0.6278540859375 0.390491534375 0.6508219296875 0.39552597343749996 0.6543159390625 0.41552281874999997 0.64405849375 0.423051609375 0.58377248125 0.41554393906250003 0.5780622921874999 0.4067576546875 0.5774111875 0.4035356421875 0.5803219921875
1 0.36403177656249996 0.6127699578125 0.3667368765625 0.6468282750000001 0.3701828015625 0.6529675968750001 0.37684775312499996 0.6476491156249999 0.386464828125 0.6251408765625001 0.3919262140625 0.586906115625 0.387949459375 0.5778498953125 0.3818113609375 0.57468926875 0.3773537296875 0.5793409828125 0.36403177656249996 0.6127699578125
1 0.34905644687500004 0.5894843953125 0.3422585375 0.5933614046875 0.3370071453125 0.6007602750000001 0.3321546203125 0.612483571875 0.330172209375 0.6250494671875 0.332037571875 0.6566261156250001 0.3368500859375 0.656768 0.3530021390625 0.636046809375 0.35626515312499996 0.624119825 0.359611175 0.5970094875 0.3584175515625 0.5925832203125 0.3552375375 0.5893268453125 0.34905644687500004 0.5894843953125
1 0.32339542187500003 0.562930271875 0.315227940625 0.5642577156249999 0.31191994375 0.573804871875 0.3103784 0.5845280125000001 0.3089307953125 0.6114068125000001 0.3091986953125 0.6199877640625 0.315077840625 0.64020845 0.3182128703125 0.6410849984375 0.3244359609375 0.63476026875 0.32862569375 0.621527603125 0.3307830609375 0.604236003125 0.33037822656250004 0.5828175734375 0.3275461359375 0.564411790625 0.32339542187500003 0.562930271875
1 0.265117409375 0.56685775625 0.257927590625 0.5863533484375 0.25506344375 0.6026047546875 0.2549854125 0.6320331171875 0.2564879390625 0.63602415625 0.2707045515625 0.6359466890625 0.2798317984375 0.6015053734375 0.2828289 0.5866954437499999 0.28190019843749997 0.5823031249999999 0.2762449640625 0.5711325671874999 0.26908919062500003 0.561668971875 0.265117409375 0.56685775625
1 0.217171203125 0.5721092062500001 0.208795715625 0.609970540625 0.2300791296875 0.61744601875 0.24865247343750002 0.5766181718750001 0.24918032031249998 0.5709880640625 0.2403000953125 0.5541813062500001 0.2228624703125 0.560018578125 0.217171203125 0.5721092062500001
1 0.215278753125 0.589434753125 0.208795715625 0.609970540625 0.2202381421875 0.6309041296875 0.2246977625 0.63195041875 0.230388034375 0.617010790625 0.23218952656249997 0.5920765890624999 0.22622538749999999 0.5813412578125 0.219867353125 0.5805265109375 0.215278753125 0.589434753125
1 0.17032965 0.579876271875 0.1638036203125 0.6037302343750001 0.157501503125 0.6366343265625 0.160372609375 0.640325928125 0.1969643625 0.613202540625 0.199162734375 0.5868947609374999 0.19694746093749999 0.5647695203125 0.1793299078125 0.5610874890625 0.17032965 0.579876271875
1 0.134952640625 0.545429725 0.14462265000000002 0.5480933218749999 0.152084346875 0.548574684375 0.15226029375 0.5466979828125 0.1491682578125 0.5425032562500001 0.14029300312499998 0.5399415046875 0.134952640625 0.545429725
1 0.12970522499999998 0.5642246015625 0.1240639125 0.5929400593749999 0.1269049484375 0.6369868546874999 0.1395770328125 0.639085525 0.1423571828125 0.6351684765625001 0.14865830625 0.5994153843750001 0.15058579218749998 0.55597965 0.1338529578125 0.5571591140625001 0.1318665703125 0.5583290062499999 0.12970522499999998 0.5642246015625
1 0.106624053125 0.7189045578125 0.0978037234375 0.7472126421875 0.089382259375 0.7798451515625 0.0895601984375 0.78366645 0.10474950000000001 0.7875121265625 0.1129609671875 0.7857155078125 0.1341365234375 0.7371493124999999 0.12971591875 0.7213888421875 0.1163770671875 0.7063847953125 0.106624053125 0.7189045578125
1 0.1869412203125 0.737268575 0.190353096875 0.7723670859375 0.1936700421875 0.788460940625 0.200207009375 0.795945990625 0.20793063906249998 0.787914296875 0.21199039687500001 0.7817871625 0.21454862343749997 0.7745179875 0.22229635625 0.709037096875 0.2216335640625 0.707527725 0.20512066406249999 0.7063613125 0.19338026875 0.7172019625 0.1869412203125 0.737268575
1 0.23224520312500002 0.7516206546875 0.2293430328125 0.7854352453125 0.2307575859375 0.790364634375 0.24386954218749998 0.78777155 0.247267503125 0.78298404375 0.26231191875 0.7512002328125 0.271792059375 0.7158545140625 0.2554091328125 0.707582571875 0.23973796093750002 0.7145958296875 0.23224520312500002 0.7516206546875
1 0.2686229859375 0.7439371515625 0.2681831109375 0.748628909375 0.280696146875 0.8010373015625 0.28453795625 0.80295404375 0.2891275515625 0.79689480625 0.29640534218750003 0.7764608609375 0.303979115625 0.7185546734375 0.293071496875 0.7119339859375 0.283094571875 0.7154036203125 0.2686229859375 0.7439371515625
1 0.3285334984375 0.7368951765625 0.31855955625 0.748911815625 0.311589675 0.76606153125 0.3103180203125 0.7910636265625001 0.31747776875 0.8119232265624999 0.344968365625 0.767489953125 0.34576113125 0.7618937953125 0.340721721875 0.7441547796875 0.33687891875 0.739389034375 0.3285334984375 0.7368951765625
1 0.3549823203125 0.7436081375 0.347219675 0.766354009375 0.3450193125 0.7869637875 0.3465228359375 0.7938038281249999 0.349968759375 0.7999431515625 0.352573953125 0.8007518062500001 0.3698316546875 0.78539523125 0.37948376875 0.73677680625 0.380054609375 0.7278285234374999 0.368263265625 0.7191953421874999 0.3624820359375 0.7265263171874999 0.3549823203125 0.7436081375
1 0.3986369015625 0.7126416875 0.38875590312499997 0.7379649796875001 0.3884040046875 0.741718384375 0.39910759375 0.79626896875 0.40705613124999995 0.8001364046875 0.42589439218749997 0.75934250625 0.42655519843749995 0.755153875 0.42022822499999996 0.716832934375 0.41947646406250005 0.713412915625 0.407775084375 0.7095393859375 0.3986369015625 0.7126416875
1 0.4388373609375 0.7785691328125 0.42697295625000004 0.81360931875 0.42692996250000004 0.8169274984375001 0.433907796875 0.8225697921874999 0.43894124218749997 0.8232148 0.45284397656250003 0.809327553125 0.4650182796875 0.7767011390625 0.46744255468749996 0.765141490625 0.456003109375 0.7527549046875001 0.4513675390625 0.75358531875 0.4443076953125 0.76597538125 0.4388373609375 0.7785691328125
1 0.489371859375 0.7256933171875 0.48385852968750004 0.7416052453125 0.47968172343750004 0.7918749234375 0.48013054374999997 0.8128241796875001 0.48450815468749997 0.8319028265625 0.490422340625 0.8260133265625 0.494436121875 0.8146573625 0.502276803125 0.7624831265625 0.5034194796875 0.7474355593750001 0.502750721875 0.72883218125 0.49480118749999996 0.722115746875 0.489371859375 0.7256933171875
1 0.522807459375 0.76368958125 0.5225114796875 0.801161825 0.5277718218749999 0.8194039640625 0.53620421875 0.8181104687499999 0.5380126703125 0.813119275 0.5458493718749999 0.7495490359375 0.5439029953125 0.7388537453125 0.5396613234375 0.7297635765625 0.526195478125 0.7304120625 0.522807459375 0.76368958125
1 0.0984613015625 0.860302234375 0.087794496875 0.9111646953125 0.0986201078125 0.935817740625 0.1164476546875 0.9086638812500001 0.1187409609375 0.901360759375 0.123276625 0.8672806812499999 0.1209763609375 0.8546407953124999 0.1200036671875 0.8507176515625 0.10658181250000001 0.8508969640625 0.0984613015625 0.860302234375
1 0.13179998125 0.8735958390624999 0.1297256171875 0.8757040828125 0.1256698375 0.8932272234375 0.12412928593749999 0.906799365625 0.1250629609375 0.9254366921875 0.12820196875 0.9377092453125 0.13981835625 0.9510681312499999 0.14290741093749998 0.9467158515625 0.149919290625 0.9233989593749999 0.1501692953125 0.880697890625 0.14932856562500002 0.8753672187499999 0.143233459375 0.8688884171875 0.13179998125 0.8735958390624999
1 0.157938903125 0.8778950249999999 0.15652733125 0.8815126375 0.1526194203125 0.9432122703125 0.16122975625 0.945740075 0.174825571875 0.9379860609374999 0.18647302187499998 0.9138387531250001 0.1924252296875 0.89038606875 0.19229127968749998 0.88609559375 0.1770540125 0.8713230875000001 0.1717116640625 0.8711133078125 0.157938903125 0.8778950249999999
1 0.20236214531250002 0.898781615625 0.200644653125 0.911381459375 0.20004274687499998 0.957835934375 0.2018991625 0.963771571875 0.215406009375 0.9541069046875 0.2344661984375 0.91666513125 0.23379048125000002 0.878118746875 0.215287215625 0.86672621875 0.20641892031250003 0.8841074750000001 0.20236214531250002 0.898781615625
1 0.24223978124999998 0.9252582703125001 0.23813802499999998 0.9375525859374999 0.23703834218750003 0.9492819750000001 0.2535033390625 0.9713339921875 0.25810629218750003 0.971923834375 0.2768630421875 0.9505867953125 0.279718240625 0.9086943812499999 0.26377320000000004 0.890032678125 0.2589616796875 0.89273979375 0.2491216859375 0.9090469078125001 0.24223978124999998 0.9252582703125001
1 0.2992192953125 0.8694098515625001 0.293879928125 0.8777470734374999 0.2911007734375 0.884513125 0.2829902046875 0.9224084078124999 0.2958971359375 0.9648962187500001 0.2993860546875 0.9677173671875 0.3115283015625 0.9697481421875 0.3297407984375 0.9070326890624999 0.328547175 0.9026064234375 0.3143196296875 0.8713448781249999 0.31206732812500004 0.8696318203125 0.2992192953125 0.8694098515625001
1 0.33024255468749997 0.9531537812499999 0.3297157 0.9616328890625001 0.331750053125 0.9713898249999999 0.3477810796875 0.9834151734375001 0.34892872656249996 0.9826126140625 0.3601812859375 0.9655368875000001 0.37530969999999997 0.9214187171875 0.37557263125 0.9157546640625001 0.3573273234375 0.8844530765625 0.342404928125 0.8863393515625001 0.33024255468749997 0.9531537812499999
1 0.3756586171875 0.9091183109375001 0.3668852546875 0.9455042234375 0.3661374703125 0.9534802062500001 0.37356431875 0.9867191546875 0.3842798015625 0.9880922859375 0.3956363296875 0.9705550703125001 0.40304111249999997 0.9344685953124999 0.4037439140625 0.924112784375 0.3930542453125 0.9094482171875 0.3804261484375 0.906880371875 0.3756586171875 0.9091183109375001
1 0.42087263750000004 0.9187107390625 0.41218327343750005 0.942762296875 0.41174340000000004 0.947454053125 0.42235106250000004 0.980150978125 0.42888604218750004 0.9819380265625 0.44247887500000005 0.96563700625 0.4408354359375 0.9374124828125 0.4367657359375 0.91504960625 0.42608103750000004 0.9146300437500001 0.42087263750000004 0.9187107390625
1 0.46585976249999994 0.9107060375 0.45743730468750005 0.9404895453125001 0.45109815781249996 0.9938058203125 0.4562645609375 0.9958923046875 0.4759505125 0.9803720859375 0.48067206875 0.9729053171875 0.4847268546875 0.9525331749999999 0.48503277968749997 0.94355094375 0.4815769125 0.9089216078125 0.4690817734375 0.9077952375 0.46585976249999994 0.9107060375
1 0.4864473328125 0.948480334375 0.4823025796875 0.964092825 0.48165171874999996 0.9967714687499999 0.48566947968749996 0.9968115109375001 0.5106957921874999 0.9758030703125 0.5140778453125 0.9254315453125 0.50626126875 0.920156584375 0.4974309953125 0.9199746578125 0.4864473328125 0.948480334375
1 0.5454257421875 1 0.54827415625 0.9924888421875 0.5523729328125 0.9716475234375 0.552898790625 0.9603194140625 0.5479003859375 0.93356421875 0.5423361109375 0.9300023140624999 0.53650890625 0.9321044625000001 0.5326250984375 0.9363548984375001 0.5303837312499999 0.965980853125 0.53415045 1 0.5454257421875 1
1 0.5865184703125 1 0.5923775578125 0.9824716468749999 0.5955916140624999 0.9567688343749999 0.5922336671874999 0.9496911609375 0.5751899359375 0.945607846875 0.571356078125 0.9664831140624999 0.5682137203125001 1 0.5865184703125 1
1 0.6383893296875 1 0.642712003125 0.9889217328125 0.6490561203125 0.9498504656250001 0.6505506953125 0.93104949375 0.646486959375 0.925780625 0.6403048734375 0.923089175 0.6362871140624999 0.9230491328125 0.62882740625 0.928265771875 0.620541090625 1 0.6383893296875 1
1 0.73228055625 1 0.7377147265625 0.959312334375 0.736961971875 0.9530433125 0.7275548921875 0.9447156624999999 0.720271134375 0.9480556 0.70584651875 0.984666959375 0.70661201875 1 0.73228055625 1
1 0.6917530015625 1 0.6952947734375 0.985688871875 0.69973948125 0.9440001421875 0.6946140859375001 0.9328974796875 0.68578281875 0.929866553125 0.682162934375 0.9313019328125 0.6763407 0.9476490875 0.668932934375 0.9751885609375 0.6739334953125 1 0.6917530015625 1
1 0.7939546734375 1 0.79863993125 0.9500263265625 0.79218795625 0.9330559218750001 0.7901125999999999 0.9323151656249999 0.7780632984375 0.94359104375 0.7746752796874999 0.9768685609375 0.7779154234375001 1 0.7939546734375 1
1 0.8529652984375 1 0.8533149625 0.9959672421875 0.8532190328124999 0.974113584375 0.8478297140625 0.9658259749999999 0.8389104703125 0.9637333984374999 0.8237034171875001 1 0.8529652984375 1
1 0.9546590437500001 1 0.952208453125 0.9820504171875 0.9311029765625 0.9783962421875 0.9293874687500001 0.9966940890625 0.9294967937499999 1 0.9546590437500001 1
1 0.9414370140624999 0.8595929812499999 0.92948761875 0.9041185234375 0.94437596875 0.9311914375000001 0.950469084375 0.9319722374999999 0.9546627953125 0.930135578125 0.9577958359375 0.9253141234375001 0.9645877796875 0.904343109375 0.9669601125 0.8704606234375 0.9639070921874999 0.8515517156250001 0.9517638515625 0.8466719406250001 0.9414370140624999 0.8595929812499999
1 0.898246409375 0.828418475 0.8857231921875 0.8733452984375001 0.8975704515625 0.9156973171875 0.90353160625 0.91788564375 0.9079012640625 0.9141722828125 0.918830003125 0.8547967671875 0.914981234375 0.8329370125000001 0.9031468984375 0.8276220109375 0.898246409375 0.828418475
1 0.8812856859375 0.8091518078125001 0.8762502515625 0.8028087968750001 0.8625634796874999 0.802954159375 0.858876496875 0.8651569171875 0.8637389625 0.8819236328125 0.8706318046874999 0.897051284375 0.8720003843749999 0.8967518468750001 0.881001634375 0.880812065625 0.8847915046875 0.8604059749999999 0.885977171875 0.84204023125 0.8863720640625001 0.8349686515625001 0.8846456234375 0.821927484375 0.8812856859375 0.8091518078125001
1 0.8424746796875 0.8027539499999999 0.835895715625 0.80143608125 0.82428728125 0.8108692046874999 0.820890315625 0.8185057125 0.8166605718750001 0.8436035578125001 0.8426794624999999 0.883498284375 0.849124478125 0.8805256781249999 0.850752009375 0.8631661828125001 0.8509229859375 0.847044475 0.8460545546875 0.8131837515625 0.8424746796875 0.8027539499999999
1 0.783661859375 0.7923685328125 0.771301665625 0.7983816390625 0.7695372015624999 0.80290365625 0.761473603125 0.8488767656249999 0.762977125 0.85571680625 0.7830768578125 0.8872560296875 0.78868015 0.8761037515625001 0.7907075421875 0.86591768125 0.7931238640625 0.8315660218750001 0.7911725140625 0.8066257265625 0.7891821484375 0.7963996140625 0.783661859375 0.7923685328125
1 0.720970203125 0.8004785562500001 0.7186778921875 0.8106306796875 0.7180300109375 0.851856328125 0.7287256484375 0.8836149015625001 0.73278739375 0.88318576875 0.7338900609375 0.8800033828125 0.7403231453125 0.8428427640624999 0.7408040234375 0.8291348281250001 0.7383668250000001 0.8036574640625 0.7336363203125 0.7854832187499999 0.720970203125 0.8004785562500001
1 0.6797749359374999 0.7937751703125 0.6777475421875 0.8039612406250001 0.6751102906249999 0.8378097765625 0.6768797265625001 0.8475327671875 0.68395050625 0.8664817140625001 0.6997026953125001 0.8385870984375 0.7019920234375 0.819887971875 0.699024990625 0.794342709375 0.68648486875 0.7908365125000001 0.6797749359374999 0.7937751703125
1 0.5715494156250001 0.7613889781250001 0.5668698578125 0.762688565625 0.5629440515625 0.7731061765625 0.56480841875 0.8018338234375 0.5663129359375 0.811522865625 0.5731197921875 0.8332868687499999 0.5797397625 0.825588559375 0.5813223125 0.805849240625 0.582413046875 0.7684788390625 0.579541940625 0.7647872375 0.5715494156250001 0.7613889781250001
1 0.6176901531250001 0.7696757234375 0.6082860546875 0.7698950765625 0.6018030171875 0.7904308624999999 0.5911782125 0.8351261453125 0.598125978125 0.8811236328125001 0.6023646671875 0.881666796875 0.6126455296875 0.8635169296875 0.6202272546875001 0.8284027515625001 0.6233493609375 0.7922422859375 0.6233903656249999 0.7832261046875 0.6216209312500001 0.773503115625 0.6176901531250001 0.7696757234375
1 0.6452376625 0.7618102921875 0.6412648828124999 0.7641500765625 0.6372491140625 0.7698080375 0.6323205453125 0.816657696875 0.6352875796874999 0.8422029578125001 0.643897915625 0.8447307640625 0.6582335640625 0.8062087531250001 0.6584515109375 0.7981648734375 0.6577837468750001 0.7824104968750001 0.6526993562500001 0.7622916562500001 0.6452376625 0.7618102921875