1 0.799098603125 0.22974454687499998 0.7925454578125 0.22633029062499999 0.73292260625 0.216276159375 0.7295930203125 0.219815175 0.7293303234375 0.22478194999999998 0.744192875 0.2323553703125 0.775045665625 0.2431562328125 0.7982054375 0.24663158125 0.8018230375 0.24613468906249997 0.8016147828125 0.2330969578125 0.799098603125 0.22974454687499998
1 0.77998228125 0.28562173281250003 0.7724721984375 0.2833250546875 0.7255100015625 0.28003737812499996 0.716924765625 0.2810933265625 0.7153898953125 0.293137809375 0.720999234375 0.2974213078125 0.740580809375 0.300648534375 0.7603068656249999 0.3011440328125 0.784686271875 0.2985350265625 0.7850671796875 0.2913332015625 0.77998228125 0.28562173281250003
1 0.7867615671875 0.2592975015625 0.783197453125 0.2502954625 0.771244178125 0.24712986718750002 0.7469173109375 0.24874551562499997 0.7310706015624999 0.2512919265625 0.720400734375 0.257811434375 0.7229431828124999 0.26066716875 0.7299813656249999 0.2633984671875 0.7464829140625 0.2654462703125 0.7780318484375 0.2630851765625 0.7857914921875 0.26066341875 0.7867615671875 0.2592975015625
1 0.7912243812499999 0.319208775 0.7842124687500001 0.3159808 0.7610264296875 0.3130021265625 0.7358608359375001 0.3135003046875 0.7291228546874999 0.3220683671875 0.7311671328125 0.3258553984375 0.751403546875 0.3336768375 0.758101171875 0.33435936875 0.7824411734375001 0.3324953796875 0.790031015625 0.32479645 0.7912243812499999 0.319208775
1 0.7891763046875 0.349444046875 0.7812337234375 0.346836971875 0.7481780875 0.34373471875 0.7329346296875 0.343363121875 0.7274425515625 0.345350153125 0.7225527765625 0.352924753125 0.72555399375 0.35559420625 0.749014915625 0.361863340625 0.7650971 0.36335241093750004 0.7867238999999999 0.361861090625 0.7900403515625001 0.35857041562499997 0.7891763046875 0.349444046875
1 0.7953072375 0.37781629375 0.7529064484375 0.37316248750000003 0.7447143046875 0.3752738484375 0.7428266953125 0.3770123265625 0.74307530625 0.3807994671875 0.74869778125 0.3848346234375 0.7632197749999999 0.3903592765625 0.7836532109375 0.394455634375 0.803326728125 0.3959444890625 0.80778400625 0.3880594921875 0.804167353125 0.3800508078125 0.7953072375 0.37781629375
1 0.8076113546875 0.40829904843750003 0.7929711453125 0.40500944531250005 0.7566384625 0.4044528515625 0.7425874203125 0.40699915468750003 0.7427966265625 0.4115313109375 0.7458241125 0.4137040859375 0.7705693921875 0.4211527484375 0.791029096875 0.42475242968750004 0.8018293640625 0.42425510937500005 0.805538909375 0.42201984687499994 0.8076113546875 0.40829904843750003
1 0.8053399875 0.44275607812500006 0.793072425 0.4370450375 0.7443671015625 0.43276411406250004 0.7348380609375 0.43468930156249996 0.73026256875 0.4448093484375 0.7510356109375 0.45946004843750005 0.7920347765625 0.4566638 0.7997944218749999 0.4542420421875 0.80355650625 0.45101342187500004 0.8053399875 0.44275607812500006
1 0.74773229375 0.46250238593750004 0.731819909375 0.4662904890625 0.7299191656249999 0.4682773078125 0.730600275 0.47237484375000005 0.74277589375 0.47982425624999997 0.7791995703125 0.487148053125 0.798165709375 0.4850360484375 0.8000148640625 0.4755370109375 0.7872754 0.4702605875 0.74773229375 0.46250238593750004
1 0.788464015625 0.5072007937499999 0.7805214328125001 0.50459371875 0.7524202984375 0.501180746875 0.7411875343750001 0.501367671875 0.74059551875 0.5210484921874999 0.7640433046874999 0.527565965625 0.7749092453124999 0.5258269515625 0.7831407921875 0.5229705734375 0.796707746875 0.5126016531250001 0.788464015625 0.5072007937499999
1 0.7960885140625 0.5412847265625 0.7746718687499999 0.538802625 0.7594152750000001 0.538679365625 0.7516950359375 0.54035610625 0.7438303140625 0.5447645765625 0.754235584375 0.5602229953125 0.794225275 0.5595376796875 0.8095222203124999 0.5504103453125 0.8079498453125 0.54618869375 0.7960885140625 0.5412847265625
1 0.811209959375 0.5779136765625 0.8094799671875 0.5766720875 0.7965828875 0.5743757328125 0.7380342375 0.56947455 0.7250179921875 0.57791881875 0.7248078359375 0.5818922390625 0.73999780625 0.5917627671875 0.7462498015625 0.5923832390625 0.808705015625 0.591324075 0.8134634437500001 0.5862328640625 0.811209959375 0.5779136765625
1 0.795084571875 0.611191928125 0.7606667171875 0.599894603125 0.729197540625 0.5922600874999999 0.722853603125 0.5933779875 0.7233639593750001 0.600703928125 0.72846199375 0.6061670593749999 0.7594714515625001 0.62249343125 0.7705860015625 0.62454155625 0.796682265625 0.623422478125 0.7995924875 0.619324728125 0.795084571875 0.611191928125
1 0.7435065296875 0.6272748906250001 0.727174784375 0.6305042578125 0.724120078125 0.6373337359375 0.7509490390625 0.6478244140625 0.7886702109375 0.6560794015625 0.7923666218750001 0.6540924765625 0.8014115734375 0.6443446703125 0.7979647234375 0.6416131593750001 0.7435065296875 0.6272748906250001
1 0.8052618031250001 0.6733999859375001 0.7967300546875 0.664957003125 0.743489596875 0.6615455328125 0.727825825 0.6691207765625 0.7293982 0.673342428125 0.795862209375 0.6898529375 0.805168909375 0.68364393125 0.8080922671874999 0.67929784375 0.8052618031250001 0.6733999859375001
1 0.8090969953125 0.719714790625 0.8101721484375 0.7163621640625 0.8081672765624999 0.711830115625 0.79457595 0.7056845609375 0.7705380500000001 0.7018367578125 0.7181363171874999 0.6995427578125 0.7177554078124999 0.7067445828125 0.7215953515625 0.71053150625 0.7418449 0.7181046078125 0.7725278890625 0.7236282953125001 0.7895932828125 0.723503109375 0.8058724875 0.7212670953125 0.8090969953125 0.719714790625
1 0.7891842046875001 0.7482127625 0.785868703125 0.7429978625 0.7730251109374999 0.731202575 0.7694731828125 0.7304577734375 0.753665878125 0.732259165625 0.7287751671875 0.73604780625 0.7214480203125 0.7387799609375 0.717173678125 0.751693790625 0.7214855234375 0.755046096875 0.730411315625 0.7560389171875 0.755511234375 0.75678243125 0.7877684984375 0.749516621875 0.7891842046875001 0.7482127625
1 0.7859126953125 0.8185546921875 0.7801992265625 0.80775233125 0.7570525906250001 0.8040286421875 0.7297901812500001 0.8017331437499999 0.7030249937499999 0.8070119218749999 0.7027885671874999 0.8114820203124999 0.7048853828125 0.814275696875 0.7144791484375 0.8196143906250001 0.7384776453125 0.8242072125 0.7572598968750001 0.8255719499999999 0.7729227187500001 0.8265022828124999 0.784693059375 0.8246390437500001 0.7859126953125 0.8185546921875
1 0.7100679249999999 0.7672153390625 0.706424053125 0.7682089078125001 0.704457634375 0.7714374203125 0.704679975 0.7757212359375 0.715059928125 0.78317075625 0.728808871875 0.7863362453125 0.758168096875 0.791425421875 0.7705810921875 0.7858991609375 0.7705698562500001 0.769136346875 0.7675686390625 0.76646689375 0.7100679249999999 0.7672153390625
1 0.780038759375 0.8362491234375 0.7641535968750001 0.8310349734375 0.7269690515625 0.8296092484375001 0.71607684375 0.831844940625 0.7104665546875 0.836067021875 0.7146864546875 0.8411576984375 0.7288416265625 0.8451302609375 0.779119325 0.8536328375 0.783301721875 0.842457378125 0.782188115625 0.8380494453124999 0.780038759375 0.8362491234375
1 0.7378207437500001 0.9554538734375001 0.724910528125 0.9534058562500001 0.6940173828125 0.9518555875000001 0.6757586234375 0.9575684515624999 0.6722845546875 0.9638391921875 0.6739882765625 0.9655774562499999 0.6903847468750001 0.96961196875 0.7358524265625 0.9756935375 0.7473084812499999 0.9712848546874999 0.7443870234375 0.9586197921874999 0.7378207437500001 0.9554538734375001
1 0.77963616875 0.9202494703124999 0.75987165625 0.9119934125 0.7149021484375 0.9049805484375 0.6994475828125 0.917087946875 0.6995517125 0.9236068124999999 0.7201943546875 0.9322353250000001 0.729565778125 0.9332902031250001 0.774575640625 0.9310524750000001 0.778770221875 0.9281342531250001 0.77963616875 0.9202494703124999
1 0.6509354843749999 0.94310424375 0.6512113140625 0.9378891312500001 0.600003896875 0.9215018796875001 0.5678638968749999 0.9350382171874999 0.5621353953125 0.9414953468749999 0.56217385 0.94925590625 0.6157679984375 0.9544678062499999 0.633685253125 0.9552117499999999 0.6460194375 0.9511755234375 0.6509354843749999 0.94310424375
1 0.6419103140625 0.8930646796874999 0.6266284 0.8849325234375 0.5728878703125 0.8994635015625001 0.5731233453125 0.9034989796874999 0.5783658625 0.9062303859374999 0.613990215625 0.9116916953124999 0.6484352875 0.913986765625 0.65487116875 0.9111304953125 0.6419103140625 0.8930646796874999
1 0.6527922359375 0.8655605984375001 0.6158188 0.851655878125 0.5927753421874999 0.8629566296875 0.595933225 0.8711515953125 0.6104289515625 0.8771729265625 0.634466853125 0.8810207312499999 0.6538129500000001 0.880212478125 0.6570111875 0.87915685 0.6572344796875 0.8749350921874999 0.6527922359375 0.8655605984375001
1 0.6148422390625 0.7937311015625 0.5970018921875 0.8085082765625 0.6016542921875 0.81390935 0.64900863125 0.8267580140625 0.652652503125 0.8257644453124999 0.6758019890625 0.80397140625 0.66297153125 0.7919277796874999 0.6148422390625 0.7937311015625
1 0.6330926125 0.7457386968749999 0.6012425265625 0.74530600625 0.5849764562499999 0.7472936812500001 0.5798643390625 0.7505844640625 0.584778484375 0.7595243375 0.6407180593749999 0.7713170546875 0.6446781140625 0.755857778125 0.6415465 0.7471661359375 0.6330926125 0.7457386968749999
1 0.6591532703125 0.71134233125 0.6221010234375 0.69892764375 0.595795553125 0.695514565625 0.5885472171874999 0.6967566875 0.586344371875 0.704455296875 0.588493728125 0.7062556203125 0.6104338625 0.7158153234375 0.6382854375 0.7239467296875 0.658718871875 0.7280430875 0.6635167046875 0.7222068578124999 0.6630720218749999 0.713639225 0.6591532703125 0.71134233125
1 0.6971793890625 0.6883687984375 0.6901290234374999 0.6773802625 0.6848471046875 0.6753938749999999 0.6245159250000001 0.6702444625 0.6176869484374999 0.6720453203125001 0.6033732109375001 0.6795583984375 0.601839290625 0.68309730625 0.6043160656250001 0.687194734375 0.647057409375 0.6938973109375 0.6788680921875 0.69507501875 0.691949059375 0.69389463125 0.6971793890625 0.6883687984375
1 0.68317345 0.6391366296875 0.6714040609375 0.6324942906250001 0.6234586546875 0.6308208703125 0.5992227828125001 0.6392037234375 0.6107688812500001 0.6500678203125 0.6311760468750001 0.65466085625 0.6696186796875 0.6577627875000001 0.683919284375 0.6504980484375 0.685152053125 0.64416535625 0.68317345 0.6391366296875
1 0.691815025 0.6030650234375 0.6854457671875 0.5961740234375 0.6734005468750001 0.5947467984375 0.6253894671875 0.594315071875 0.5999996328125 0.6075405859375 0.6012445890625 0.6094651296875 0.6087415375 0.6120101453125 0.6380876296875 0.6173476625000001 0.6804762328125 0.6137442328125 0.6910672921875001 0.60871475625 0.691815025 0.6030650234375
1 0.682682878125 0.5720233171875 0.6693927015625001 0.5686715484375 0.6350264359375 0.5648864437500001 0.6147759390624999 0.5658189203124999 0.609270728125 0.568054290625 0.608274384375 0.5699168859375 0.6112099265625 0.5738280328124999 0.6202398453125 0.5813397203124999 0.6430065234375 0.58375965625 0.6667958125 0.5838203203125001 0.6817512578125 0.5811497937500001 0.682682878125 0.5720233171875
1 0.6522391625 0.536512803125 0.6446240015625 0.5362028359375001 0.6248716765625 0.5362040140625 0.61843579375 0.5390602859375 0.6199556296875001 0.5442752921875 0.632052440625 0.5532147375 0.673771171875 0.5622765843749999 0.6915833484375 0.5650072390624999 0.7042064984375 0.5555075578124999 0.6642055734375 0.5394300609375 0.6522391625 0.536512803125
1 0.70127380625 0.5260796828125 0.65988344375 0.5108093671875 0.65363145 0.51018889375 0.635883996875 0.5147221234375 0.6316762796875001 0.5178886828125 0.6412953640625 0.5312362734375 0.6527898734375001 0.5345881515625 0.6684001562499999 0.536511840625 0.697917 0.5386209515625 0.7014436093749999 0.5313568546874999 0.70127380625 0.5260796828125
1 0.6867950140625 0.4857877078125 0.635690775 0.48442489999999994 0.6194378359375 0.48616423593749997 0.6180089953125 0.48771643437499995 0.6190963328125 0.49262104375 0.637851365625 0.5029880343750001 0.685455265625 0.5111182624999999 0.6936868125 0.5082618859375 0.6955481531250001 0.507020084375 0.6953136265625 0.49447903125000003 0.6867950140625 0.4857877078125
1 0.7038623078125 0.46865136874999996 0.6880165484375 0.46269220312500003 0.6397962625 0.4577283203125 0.63662429375 0.4582872703125 0.6379471078125001 0.467227359375 0.6522852171875 0.47622875468750003 0.6571346375 0.4779047453125 0.6781187828124999 0.48007645156249995 0.703192434375 0.48131664531249996 0.706128925 0.47672221718749996 0.7038623078125 0.46865136874999996
1 0.704180390625 0.43717451093750004 0.694219803125 0.43028372656249997 0.6791470953125 0.426683725 0.6495908484374999 0.42531962968750003 0.6307035171875001 0.4259416015625 0.6221961406250001 0.43401309374999997 0.6412523234374999 0.4471738703125 0.6448436562500001 0.44717365625000005 0.681281415625 0.4457435375 0.704822096875 0.4420170625 0.704180390625 0.43717451093750004
1 0.6437892359374999 0.3822333359375 0.6402241734375 0.381736871875 0.6298038671875 0.38353794531249996 0.6225677140625 0.39303730468750003 0.6231962828125 0.3981281953125 0.627874953125 0.4030325921875 0.6357912671875 0.40613634374999996 0.6829495328124999 0.41420451406250003 0.6952583999999999 0.40215938749999997 0.6955867703124999 0.3959509203125 0.6437892359374999 0.3822333359375
1 0.6778177953125 0.35845294375000003 0.6524824 0.3536739484375 0.6238042828125 0.3526823078125 0.6183384765625 0.3541726625 0.6083103140625 0.36553472187499997 0.6094107859375 0.3701909953125 0.6686668124999999 0.378693034375 0.682521784375 0.3713662359375 0.6807533375 0.36236409062499997 0.6778177953125 0.35845294375000003
1 0.6485533625000001 0.32610866875 0.6150914968750001 0.322199340625 0.6133070671875 0.3389622609375 0.6149057109375 0.3426872359375 0.638327228125 0.349701384375 0.6863120390625 0.350629790625 0.6871657984375 0.3344877703125 0.6721324953125001 0.33014275312499997 0.6485533625000001 0.32610866875
1 0.6825021640625 0.31232388437499997 0.6812309390625 0.310896015625 0.6716371734375 0.305557321875 0.638240984375 0.3004063015625 0.61276110625 0.2983590328125 0.610361240625 0.309782725 0.6121690906249999 0.31803985468749996 0.6396801109375 0.32412249375 0.6557491609375 0.3258599 0.67277515 0.3264797296875 0.6798405515625 0.3202087734375 0.6825021640625 0.31232388437499997
1 0.6588489703125 0.26725195 0.6231589421875 0.263032334375 0.6147041046874999 0.270110471875 0.6135501421875 0.27495313125 0.6173112765625001 0.2802300890625 0.6220818890625 0.2833961140625 0.6731983125000001 0.2930161609375 0.6750859218749999 0.29127768125000003 0.6776959453125 0.2758805703125 0.674393578125 0.2704173328125 0.6588489703125 0.26725195
1 0.684542803125 0.2313034953125 0.6724581781250001 0.2306212859375 0.6467944140624999 0.2320507609375 0.638995365625 0.2352175359375 0.6341712625 0.24155044218750002 0.6393481046875 0.24552354062499998 0.683097978125 0.258620759375 0.6991417078125 0.2523492671875 0.69957610625 0.2356485125 0.692551059375 0.23266887500000002 0.684542803125 0.2313034953125
1 0.68229216875 0.197467578125 0.6783077421875 0.19641238125 0.6415819671875 0.1948003765625 0.626547715625 0.198960934375 0.626638709375 0.20572813750000002 0.672576390625 0.2283862375 0.6806240515625 0.2290066015625 0.69129391875 0.22248709375 0.6946113203125 0.2106908421875 0.68229216875 0.197467578125
1 0.5169502171875 0.166186859375 0.5116016734375 0.1739477421875 0.5343655 0.2018844046875 0.5426617703125001 0.20629190937500003 0.579190525 0.21162899531249998 0.5798472640625 0.1992120578125 0.5755889078124999 0.186360821875 0.5169502171875 0.166186859375
1 0.5942350640625 0.2327368265625 0.5833044000000001 0.227211959375 0.5504195171874999 0.220881303125 0.5182682796875 0.217654828125 0.5064059984375 0.2212564359375 0.5035614484375001 0.2241124921875 0.5046619203125 0.228768765625 0.5367465328125001 0.241742509375 0.58133608125 0.24745162187499997 0.5893968765625 0.2478236484375 0.594037090625 0.244967484375 0.5942350640625 0.2327368265625
1 0.5598265453125 0.25521346718750004 0.5151319171875001 0.251491065625 0.4987870375 0.254968771875 0.49679434999999994 0.25869396093749997 0.4990346984375 0.26726148906249997 0.5465457046875 0.2856356640625 0.5666001296875 0.2799226921875 0.5745830671875 0.273279175 0.57033784375 0.2601796 0.5598265453125 0.25521346718750004
1 0.5698227390625 0.295381540625 0.562325790625 0.2928365234375 0.5382878890625 0.28898871875 0.502269490625 0.290977571875 0.5011812046874999 0.29457853906250003 0.506685465625 0.30084874375 0.52878321875 0.30742838125 0.5492691921875 0.310531384375 0.5663345859375 0.310406196875 0.573150425 0.30885367812500003 0.5698227390625 0.295381540625
1 0.5551524624999999 0.3266109171875 0.5245220125000001 0.320093871875 0.5062107140625 0.32680009062500004 0.5057904015625 0.33474693125 0.507533528125 0.33574017968750003 0.5429083203125 0.34591992656250004 0.5673139953125 0.3428142453125 0.5710892140625 0.3393372875 0.5670269296875 0.3312665453125 0.5551524624999999 0.3266109171875
1 0.5707579968750001 0.371062484375 0.5669311875 0.3670272203125 0.5296950546875 0.358089275 0.5184885593749999 0.3577795203125 0.49700529375 0.365044690625 0.49769953750000007 0.3688938890625 0.5019194406249999 0.373984565625 0.5172932953125 0.38037835000000003 0.5253278203125 0.38124705468750003 0.5660380234375 0.38391425625000003 0.5678862265625 0.3829207953125 0.5707579968750001 0.371062484375
1 0.5770324609374999 0.40520858437499996 0.568670515625 0.402042771875 0.5414869140625 0.398257240625 0.5105402781249999 0.40620590156249997 0.5277360718749999 0.412102903125 0.5788787656250001 0.421226271875 0.58164450625 0.41986024843749997 0.5838736203125 0.4116649625 0.5770324609374999 0.40520858437499996
1 0.577972465625 0.43836164687499996 0.5620084921874999 0.4346375296875 0.5341953734375 0.4342666828125 0.5026595734375 0.4363794375 0.5025150921875 0.43911116562499997 0.5080193515625 0.4453813703125 0.5375483796875 0.45574771875 0.545137271875 0.4565543640625 0.5773673171875 0.45829080624999996 0.5821923671875 0.44345232343749996 0.577972465625 0.43836164687499996
1 0.57874171875 0.47474311562500005 0.5753080046875 0.47176326562500004 0.5607072 0.46772864375 0.5364591421875 0.46785425937499997 0.5088026890624999 0.47300892499999997 0.5161157515625 0.47903068437499996 0.5481487734375 0.48449220937500004 0.5763287187499999 0.48641514687500004 0.5796714390625 0.48262779218749996 0.57874171875 0.47474311562500005
1 0.5601526890625 0.5036756 0.5384733500000001 0.5061602749999999 0.534776940625 0.5081471984375 0.5336492484375001 0.5124931796875 0.5360997546874999 0.5170872875 0.5381703015625 0.5203776421875 0.54339968125 0.5233573859375 0.5812784703125 0.5286323078125 0.5931670234374999 0.5245340203125 0.59016675625 0.5133589921875 0.5704022453125 0.5051029328125 0.5601526890625 0.5036756
1 0.5287191203125 0.529318371875 0.5238171578124999 0.5286357359375 0.5071298234375 0.5470758265625 0.5083353734375 0.5497453875 0.551284975 0.5694856953125 0.5570650671874999 0.5705407859375 0.5750367609375 0.553280225 0.573503790625 0.54831355625 0.5287191203125 0.529318371875
1 0.5708524640625 0.5814668359375 0.5430402953125 0.5725904125 0.49323354999999997 0.57215879375 0.4891177765625 0.5735869828125 0.4892481734375 0.5796091718749999 0.4979365875 0.5935776640625 0.5014491109375 0.59506748125 0.5455010859375 0.6024529078125 0.56956620625 0.5972984593749999 0.5780867187500001 0.5889786296875 0.5743255828125 0.5837016703125 0.5708524640625 0.5814668359375
1 0.530954065625 0.667532425 0.5378118359374999 0.671999846875 0.5342913859375 0.66404566875 0.5388634328124999 0.6515621406250001 0.4835261578125 0.6453569921875 0.4632353046875 0.6555400609375 0.462356225 0.6636731828125 0.4809011015625 0.6780135953124999 0.48966927499999996 0.681986478125 0.5371165078125 0.684591196875 0.5437271015625 0.664481534375 0.53831769375 0.6773389765625 0.530954065625 0.667532425
1 0.5509292234375 0.70352614375 0.48947225312500003 0.6857115609375 0.4814508625 0.68459451875 0.479170159375 0.685277584375 0.45292846249999996 0.697633965625 0.4840551875 0.7202308640624999 0.4934266078125 0.7212857390625 0.5474279359375 0.7187991390625 0.5520559671874999 0.7076857375000001 0.5509292234375 0.70352614375
1 0.54818120625 0.7809456734375 0.540159815625 0.77982863125 0.498741284375 0.7820661453125 0.47800575 0.7836815796875001 0.475213740625 0.78554428125 0.473129109375 0.7910078406250001 0.4761434609375 0.7934289578125 0.499591246875 0.7999464296875 0.519212225 0.8024286375 0.5348619125 0.803607309375 0.546226021875 0.8009369984375001 0.54818120625 0.7809456734375
1 0.5383435796875 0.7292919609374999 0.5349229984375 0.7260637703125 0.465088096875 0.73084844375 0.4597526890625 0.7383609859375 0.46222946406250004 0.7424584140625 0.4696082 0.7472384796875 0.50607128125 0.7538172609375 0.5221666015624999 0.755057990625 0.5281174453124999 0.752884678125 0.5383435796875 0.7292919609374999
1 0.565502646875 0.8353927421874999 0.5681379890625 0.8280045296875 0.5534067859375 0.8179477203125 0.48703281875000004 0.8167099921875 0.46454102343750003 0.8175805171875 0.45946735937499994 0.828631859375 0.5010547437499999 0.84017709375 0.5130999640625 0.84160431875 0.540913084375 0.8419751671875 0.5571791562499999 0.8399874921875 0.565502646875 0.8353927421874999
1 0.5455898546875 0.8638907124999999 0.532313765625 0.8517850296875 0.47656931093750005 0.853278384375 0.4729254390625 0.8542719546875001 0.4694119671875 0.8612877125 0.46899165312499996 0.869234553125 0.4707085109375 0.8707244781249999 0.4866068078125 0.8756902890625 0.51162791875 0.8779238390625 0.5389560015625 0.8789776437500001 0.5447107734375 0.8720238374999999 0.5455898546875 0.8638907124999999
1 0.5264247953125001 0.886738953125 0.5114571671875 0.8811522421875001 0.4630670796875 0.8709111875 0.4594494765625 0.8714080796875001 0.4440474515625 0.8825221234375 0.443679678125 0.8894756078125001 0.45104527968749997 0.8945040140625 0.474126240625 0.8994693953124999 0.5057924390624999 0.903378828125 0.521494665625 0.9035641453125001 0.5283499093749999 0.9012666109374999 0.5264247953125001 0.886738953125
1 0.508869615625 0.930074978125 0.484728534375 0.9112027328125001 0.4777166234375 0.90797475625 0.4464810234375 0.921386871875 0.4449076984375 0.925670796875 0.44675495468750004 0.933182909375 0.4523642921875 0.9374664062500001 0.46385880312500005 0.9408182828125 0.48165784531250005 0.943797275 0.49598376875000005 0.944541434375 0.5031664328125001 0.94454100625 0.5083310890625 0.9402568671875 0.508869615625 0.930074978125
1 0.42486640937500003 0.9311354265625 0.42467033593750003 0.9263549328125 0.41248158281249997 0.9191538578125 0.3983264109375 0.915181296875 0.3348758 0.909597478125 0.29485794374999996 0.9277906234375 0.30905251875 0.9310181703125 0.362541590625 0.9382167796875001 0.370576115625 0.93908548125 0.40437948281249997 0.9365380015625 0.42486640937500003 0.9311354265625
1 0.37660023125 0.86762586875 0.3689982046875 0.8670675624999999 0.32630750000000003 0.8763827843750001 0.3240652515625 0.884826409375 0.34732914843749996 0.894820625 0.39476229687500003 0.9061792562500001 0.400478615625 0.8914648906249999 0.4000207984375 0.8831455953124999 0.37660023125 0.86762586875
1 0.4089644734375 0.8413621953125 0.40562270156249997 0.8366439734375 0.400747009375 0.8354646578124999 0.34247324218749997 0.8338539390624999 0.31860514375000004 0.83528330625 0.317648203125 0.8364008859375 0.356559890625 0.864584925 0.37314024687499997 0.8651426953125 0.4045972390625 0.8645199734375 0.41058748749999996 0.8616016453125 0.4089644734375 0.8413621953125
1 0.42891666875 0.8121192078125 0.42559926875 0.823915459375 0.4298979796875 0.827516103125 0.43628132031250005 0.8256531875 0.43541727343750003 0.8165268187500001 0.431263046875 0.8101944484375 0.42891666875 0.8121192078125
1 0.40280822031249996 0.8049810484375 0.3257643875 0.8102628281250001 0.324990384375 0.8164092390625 0.354558815625 0.8260305718750001 0.3696315234375 0.8296305734375 0.3901963046875 0.8312435421875 0.42360658124999995 0.8276406484375001 0.42400157343749995 0.811684909375 0.40280822031249996 0.8049810484375
1 0.42632452968749995 0.7847400999999999 0.4264709125 0.7649972218750001 0.422172203125 0.7613965781250001 0.3773199578125 0.7606542390625 0.32514056562500004 0.7626440578125 0.33744658125 0.776115659375 0.3452184109375 0.7819511375 0.3923504078125 0.7905159859374999 0.41433090000000006 0.7908250953125 0.4243975171875 0.7872235937500001 0.42632452968749995 0.7847400999999999
1 0.387455096875 0.7302943156249999 0.3809291734375 0.7178778078125 0.33273515625 0.7124172468750001 0.32051823437500004 0.722724003125 0.318106184375 0.7258904562499999 0.3194552671875 0.734333865625 0.3353404296875 0.7395480156249999 0.3567702078125 0.741781778125 0.3792488703125 0.7411595921874999 0.38699538125 0.7389861718749999 0.387455096875 0.7302943156249999
1 0.37486581406249997 0.6712527125000001 0.35506094843749997 0.672247246875 0.3259231171875 0.6799474625 0.32303916250000003 0.6835485343750001 0.3719123875 0.7101177828125 0.40659483593749995 0.6994371796875 0.40993755781249996 0.6956498265625 0.4112491359375 0.6878271015624999 0.37486581406249997 0.6712527125000001
1 0.4132840765625 0.6578401687500001 0.412104796875 0.6546739296874999 0.40013933437500004 0.6432510953125 0.38481801875 0.6358639546875 0.3808073234375 0.635305434375 0.372720259375 0.6354300859374999 0.3400173625 0.6426338390625 0.3378539234375 0.6495874328125 0.339006934375 0.65325035 0.3592949359375 0.6685840093750001 0.37082885 0.67119086875 0.3905680421875 0.6714380296875 0.39870764375 0.6703200234375 0.4083680328125 0.665911446875 0.4132840765625 0.6578401687500001
1 0.40224089999999996 0.60351689375 0.38986826093750004 0.5997925625 0.3416470265625 0.6033342562499999 0.3497321875 0.62022075625 0.3637822828125 0.6261800281250001 0.38100434375000003 0.6315803515625 0.43235719531249994 0.6367303 0.4417680234375 0.6370401625000001 0.44509855781249996 0.624995571875 0.40224089999999996 0.60351689375
1 0.442312246875 0.5758248187499999 0.4125083375 0.5621680062500001 0.40849764375 0.5616094859375 0.3763191875 0.5673852640625 0.37449630312500004 0.576387625 0.37829684218750004 0.580919565625 0.39858484375000003 0.596253225 0.42846851093750005 0.5999144281250001 0.4468323484375 0.592214853125 0.44912713593750003 0.582777875 0.442312246875 0.5758248187499999
1 0.4507568 0.543478290625 0.43445322343750004 0.5291998296875 0.4177161984375 0.5231165484375 0.37676862187500004 0.5334250171875 0.4126528203125 0.55943628125 0.420595403125 0.56204335625 0.4287612765625 0.560428671875 0.44517183125 0.55570926875 0.44941895 0.55179769375 0.4507568 0.543478290625
1 0.470918203125 0.5187674578125 0.4671964734375 0.512745484375 0.42023522656249995 0.50095223125 0.407691834375 0.5004563046875 0.3835216359375 0.507597465625 0.38050633437500003 0.5136819234375001 0.38303564843750004 0.5167859984375001 0.411437934375 0.522992753125 0.430141378125 0.5258475234375 0.45429749062499997 0.527460278125 0.46376085937499995 0.5267767859375 0.4679029015625 0.52485191875 0.470918203125 0.5187674578125
1 0.4477744171875 0.4895270421875 0.451825465625 0.4808349703125 0.4483786171875 0.47810345937500004 0.4263990765625 0.46928877187499995 0.36566166718750004 0.46333228593750003 0.3611528 0.4637050625 0.3595926109375 0.467740646875 0.38430972343750003 0.4926971375 0.38788792031249997 0.4929452625 0.4278644734375 0.4925082859375 0.4405129453125 0.49101750468749994 0.4477744171875 0.4895270421875
1 0.4502822109375 0.4505999125 0.39944161718750004 0.43576475156249994 0.39533897812499996 0.436944603125 0.39354236249999996 0.445450284375 0.39810186875000003 0.4610953078125 0.43320178125000003 0.4679845921875 0.44931023750000004 0.4689769828125 0.4539898546875 0.465375803125 0.45531456875 0.4573047375 0.4502822109375 0.4505999125
1 0.4517279875 0.41477707343750003 0.4259610421875 0.40118210625 0.40560641718749996 0.395595715625 0.3843070359375 0.3993841421875 0.3813705421875 0.40397856875000004 0.392470059375 0.42328618437500004 0.44986474843749996 0.43303002656249995 0.45471511875 0.4262004421875 0.45470293437500003 0.4179432046875 0.4517279875 0.41477707343750003
1 0.41830932499999995 0.3761004265625 0.38638043125 0.37715776875 0.380835815625 0.3801381546875 0.3863269421875 0.38665669999999996 0.4082408078125 0.39671307968749997 0.44469075468749997 0.4035402 0.45294857187500004 0.40018714375000003 0.4554919703125 0.394537303125 0.45078703124999997 0.39012958593749997 0.41830932499999995 0.3761004265625
1 0.439203428125 0.36299935156249996 0.43506233437499997 0.3564186421875 0.4277098671875 0.3511418984375 0.41630730156249995 0.34605164843749997 0.40431462187499995 0.34363106875 0.374666428125 0.3440053453125 0.3748756375 0.348537503125 0.3955698671875 0.3646782375 0.40705124374999996 0.3682784515625 0.432858540625 0.372622828125 0.43694804375 0.371691315625 0.4397925921875 0.3688352578125 0.439203428125 0.36299935156249996
1 0.46241858437500005 0.33996461718750004 0.46058446406250003 0.332204165625 0.451344390625 0.3286659 0.4411211046875 0.3267418890625 0.4156674953125 0.32419794375 0.40759356718750006 0.3240742578125 0.3889417125 0.3287317078125 0.3883384640625 0.331649715625 0.3947471265625 0.3377956984375 0.40752599375000004 0.34232710312500003 0.42398813750000003 0.34511992187499996 0.4441598265625 0.34567748125 0.46131716406249995 0.343813921875 0.46241858437500005 0.33996461718750004
1 0.45456051249999996 0.2848340546875 0.435660996875 0.2771987890625 0.42012952343750004 0.27378506874999997 0.39236894218749996 0.2724208671875 0.3887119375 0.27366277499999997 0.3897983234375 0.2870729609375 0.42293181874999997 0.29719075625 0.43711325937499995 0.3006666421875 0.4411896296875 0.2999834703125 0.45132192031249996 0.295140275 0.45973735312499997 0.288807153125 0.45456051249999996 0.2848340546875
1 0.4461901828125 0.239388703125 0.40988471718749997 0.22982985625 0.4043513390625 0.24957305624999998 0.444181509375 0.268878959375 0.449529103125 0.2696236546875 0.46474724062500006 0.261986353125 0.45799897500000003 0.24528602500000002 0.4461901828125 0.239388703125
1 0.42971490156250003 0.23684422187499998 0.40988471718749997 0.22982985625 0.390957034375 0.239702421875 0.390288109375 0.24386212187499998 0.40478383593749995 0.249883453125 0.42842864374999995 0.25267584374999996 0.43812843749999997 0.24752225156250002 0.438443671875 0.241562121875 0.42971490156250003 0.23684422187499998
1 0.4355260125 0.19487475625 0.4125632640625 0.187674325 0.3810809515625 0.18028814843750002 0.3778039046875 0.182833809375 0.4059931859375 0.2185307109375 0.43096175781249996 0.2217576140625 0.451671021875 0.22063885781249998 0.4538879515625 0.20418633437499997 0.4355260125 0.19487475625
1 0.46549228749999993 0.163023621875 0.46366940312500005 0.17202598125 0.4637472609375 0.17904152499999998 0.46552979375000003 0.1792897578125 0.46926560625 0.176557815625 0.47104908749999996 0.168300471875 0.46549228749999993 0.163023621875
1 0.4473920953125 0.15725084375 0.41990734375 0.1506715265625 0.378567621875 0.1514190078125 0.3774915203125 0.1632772109375 0.38138400156249996 0.16607078125000002 0.4155532453125 0.173580965625 0.45665654062499994 0.1773035828125 0.45435146875 0.1614721734375 0.45310651249999995 0.1595476296875 0.4473920953125 0.15725084375
1 0.29986231874999997 0.128700778125 0.272535184375 0.119141396875 0.24115795156250003 0.109768509375 0.23756661874999999 0.1097687234375 0.235022271875 0.12392414062499998 0.23730202500000003 0.1317466546875 0.2846160109375 0.1538459109375 0.2991652265625 0.150368309375 0.31236535781249997 0.1384473 0.29986231874999997 0.128700778125
1 0.28826731875 0.20363745781249998 0.2554077546875 0.20531570000000002 0.2404654453125 0.2077378859375 0.233871946875 0.213574221875 0.241997465625 0.22121012968749998 0.2480655734375 0.2253073453125 0.2551037546875 0.22803864375 0.3174135375 0.23821678125 0.3187898390625 0.2376579390625 0.31871293125 0.22213682031249998 0.3076518703125 0.2105897640625 0.28826731875 0.20363745781249998
1 0.277960475 0.24573136093749998 0.2458617796875 0.24151153125000002 0.2413135078125 0.24262932343750002 0.2446937328125 0.25510810625 0.2494512125 0.2585224671875 0.280500075 0.2741038234375 0.3145117 0.2845940734375 0.3211455515625 0.26950714531250003 0.313414078125 0.254421075 0.277960475 0.24573136093749998
1 0.2878000015625 0.280373921875 0.2833436734375 0.27975334375 0.234807203125 0.28925516562500003 0.233273284375 0.292794075 0.23931512187499998 0.2973879671875 0.259105903125 0.3051473484375 0.3142592890625 0.3148292375 0.31972604531250004 0.3048333078125 0.31574257031249997 0.2952725328125 0.2878000015625 0.280373921875
1 0.2987118328125 0.337180584375 0.28666756250000003 0.3272477828125 0.2699962109375 0.3199228078125 0.246325134375 0.31762709375 0.22716197343750003 0.3234641796875 0.2710281609375 0.351337503125 0.27636261875 0.3523305359375 0.29273376875 0.34835615 0.296954621875 0.344941253125 0.2987118328125 0.337180584375
1 0.294265790625 0.3618283953125 0.27225998125 0.3535103859375 0.252665271875 0.3505314984375 0.2463213359375 0.3516493984375 0.24077671875 0.35462978437500003 0.2401997390625 0.3570511140625 0.25591320156249997 0.3739992453125 0.302455084375 0.3852337609375 0.310935240625 0.386164521875 0.3182370671875 0.37542346875 0.3109108703125 0.3696500484375 0.294265790625 0.3618283953125
1 0.326583028125 0.40435434531250003 0.30199536562499996 0.39392561875 0.298430303125 0.3934291546875 0.247744478125 0.40113065625 0.24466350312500001 0.40845681093749997 0.2844805390625 0.42801105 0.28847809999999996 0.4288179109375 0.3241690765625 0.42453195 0.327341046875 0.423973 0.3301602765625 0.41310804531249995 0.326583028125 0.40435434531250003
1 0.2672697125 0.439373540625 0.23337630156250003 0.42664824218749997 0.23024373593749997 0.42646217656249996 0.22541963437499998 0.4327950828125 0.2251700734375 0.43751352031249996 0.239258621875 0.45123335156250005 0.2708975984375 0.4641450390625 0.281972746875 0.4669381796875 0.2928396359375 0.45669359062500003 0.291726028125 0.45228565625000006 0.279537275 0.44508458281249996 0.2672697125 0.439373540625
1 0.3207409 0.48934836875 0.3053407734375 0.4834512609375 0.25763179375 0.47730774374999996 0.23790573906249998 0.4768122453125 0.220223959375 0.4801037765625 0.2262001234375 0.4859393640625 0.2371964609375 0.49022253750000006 0.2869628515625 0.4999047484375 0.301236234375 0.5016422625 0.318734128125 0.501827471875 0.32450203437499997 0.494625328125 0.3207409 0.48934836875
1 0.287288371875 0.5192130078125 0.25192576093749997 0.5172904968750001 0.2350958453125 0.5214511640625 0.23691683125 0.52945995625 0.24175311718749998 0.5313842875 0.302267234375 0.5415625328125 0.3122156390625 0.54019608125 0.32048659062499996 0.5365946859374999 0.3189151640625 0.5238674578125 0.287288371875 0.5192130078125
1 0.16592291875 0.1148018453125 0.1171922765625 0.10251202343750002 0.0947126640625 0.11163978593749999 0.121593215625 0.12964268437499998 0.12864453125 0.13212564375 0.1611100515625 0.1378975640625 0.17286725625 0.136282665625 0.1764979921875 0.1355374359375 0.1753722 0.1228722671875 0.16592291875 0.1148018453125
1 0.155761509375 0.1456584453125 0.1536252890625 0.143609784375 0.1368094546875 0.13901653593750002 0.12389923750000001 0.1369685171875 0.10638821093749999 0.137031646875 0.095037234375 0.1394536203125 0.08326594375 0.14982243281250002 0.087590925 0.1529264 0.1100817734375 0.16056145156249998 0.1503726109375 0.16266991875 0.15534024531249999 0.1621108625 0.161016209375 0.1566470875 0.155761509375 0.1456584453125
1 0.15356989999999998 0.17011986875000001 0.1500573765625 0.1686300484375 0.09158753593749999 0.1622388359375 0.0898171890625 0.170247840625 0.09809937656249999 0.1834092609375 0.1217038296875 0.19545224218749999 0.144247215625 0.2020939390625 0.14828417968750002 0.20215578281250002 0.1611306234375 0.18843434375 0.1609476859375 0.183405509375 0.15356989999999998 0.17011986875000001
1 0.1370373328125 0.21109662031249998 0.12503151562499998 0.2089243796875 0.081175615625 0.20631945 0.0757098078125 0.20780980312500003 0.0857876609375 0.220971115625 0.12245899843750001 0.24058762812499998 0.1587654125 0.24164089687499998 0.1681912734375 0.22469126875 0.151166234375 0.2155658625 0.1370373328125 0.21109662031249998
1 0.1306886453125 0.2547424015625 0.11490856093749999 0.24754154062499997 0.10302095781250001 0.2431342515625 0.0918801390625 0.2415828046875 0.069452115625 0.2582227875 0.09348811875 0.27908174375 0.133201975 0.283611540625 0.1496660203125 0.269393209375 0.1467698828125 0.26473704531250003 0.1306886453125 0.2547424015625
1 0.17164270937499998 0.3037246234375 0.16339897812499998 0.2983237640625 0.156819565625 0.2954061875 0.12050096562499998 0.28609567812500003 0.0813490546875 0.2964040421875 0.0789370046875 0.29957049375 0.0778871703125 0.310932021875 0.1383346640625 0.3308575375 0.14242416875 0.329926025 0.1708940265625 0.31787993281250004 0.1723491390625 0.3158310578125 0.17164270937499998 0.3037246234375
1 0.0948718578125 0.32930801718749997 0.08683733125000001 0.328439315625 0.07778019375 0.3299298828125 0.067581278125 0.344520346875 0.06842000468750001 0.3456378203125 0.08532683125 0.356998271875 0.1280146875 0.3731997796875 0.133375415625 0.373696134375 0.1615966640625 0.35786290468750004 0.1587540140625 0.343707809375 0.0948718578125 0.32930801718749997
1 0.13964054374999998 0.37406826875 0.10469824999999999 0.3641989171875 0.09712249218749999 0.363143934375 0.0595044984375 0.36991338749999997 0.06013306875 0.375004278125 0.0831211390625 0.390213609375 0.11768347500000001 0.39877920625 0.12750053125 0.399896140625 0.1405693140625 0.39045851875 0.14209105 0.3786623734375 0.13964054374999998 0.37406826875
1 0.1338163 0.4162860734375 0.1105129953125 0.4070368734375 0.1060566671875 0.40641629375 0.075975028125 0.41498575000000004 0.07475539375 0.4210701046875 0.0910983765625 0.43460354843750004 0.1176008671875 0.4342915453125 0.1384020765625 0.43143441562499996 0.13803620156250002 0.42137675 0.1338163 0.4162860734375
1 0.1445724125 0.4590616484375 0.1158821109375 0.4498127703125 0.0651456453125 0.4414964765625 0.06354604999999999 0.44627707812499995 0.0795869328125 0.4655223140625 0.0869656671875 0.470302378125 0.1064684328125 0.4750196375 0.11496172499999999 0.4757020609375 0.1473756578125 0.473961759375 0.14754735937500002 0.4622277796875 0.1445724125 0.4590616484375
1 0.11041345312499999 0.47681985156250006 0.0953932875 0.47222649531250005 0.0645264109375 0.47017955 0.0647750203125 0.4739666890625 0.086372703125 0.49848877500000005 0.1341210875 0.503887278125 0.1385389609375 0.496747296875 0.1380811421875 0.48842800156250005 0.11041345312499999 0.47681985156250006
1 0.1294264328125 0.52474795 0.12514085625 0.520898965625 0.097039721875 0.517485996875 0.052894854687500006 0.5203445171875 0.04871340625 0.5230143984375 0.0733142046875 0.5331947890625 0.093262603125 0.5379741046875 0.103984059375 0.538966815625 0.1288616375 0.535426515625 0.1318244 0.5303354109375 0.1294264328125 0.52474795
1 0.099486428125 0.55610240625 0.0580425765625 0.5503310203125 0.052603040625 0.551324696875 0.049508929687499995 0.5588991890624999 0.0546463671875 0.5636173062500001 0.0859053875 0.5752252421875 0.11037578750000002 0.5793834421875 0.1168116671875 0.576527171875 0.119447959375 0.5606333828125 0.099486428125 0.55610240625
1 0.14507880625 0.61923961875 0.1396270859375 0.61197605625 0.0692959125 0.600680875 0.0563847453125 0.607138434375 0.054431460937499995 0.61011860625 0.08340977968749999 0.6224096078125 0.1207115875 0.6301058578125 0.138550034375 0.6323398359375 0.1432296515625 0.62873865625 0.1453274171875 0.62302675625 0.14507880625 0.61923961875
1 0.0919226921875 0.6821343828125 0.055104971875 0.68226075 0.052352367187500005 0.683378434375 0.05071336875 0.6889040515625 0.07319013125 0.7052930203125001 0.11810709999999999 0.7132992390624999 0.12396599999999999 0.7128642984375 0.131149615625 0.7043582921875 0.1274804234375 0.6973429624999999 0.0919226921875 0.6821343828125
1 0.14056519218750002 0.6621402734374999 0.1247325671875 0.65593276875 0.098231025 0.647739196875 0.055226034375 0.6545089734375 0.050638359375 0.6563717812500001 0.058370784375 0.6629522765625 0.090206784375 0.67213888125 0.1298418359375 0.6781587124999999 0.13994785625 0.6738121953125 0.1421769703125 0.665616909375 0.14056519218750002 0.6621402734374999
1 0.10418360625 0.7473844578125 0.0667363671875 0.7509255078125 0.063236028125 0.7576929265625 0.0674822 0.7622869265625 0.13120769062499998 0.7711612062500001 0.14675324843749998 0.7658210125 0.1473039578125 0.763896359375 0.1358104015625 0.7520389078124999 0.10418360625 0.7473844578125
1 0.12115040937499999 0.8085366734375 0.07467515 0.7875548875 0.047423025 0.8105277765625001 0.055666756250000005 0.8159286359375001 0.09177614843750001 0.8207069875 0.1123803359375 0.8215749406249999 0.11981256093749999 0.8168560765624999 0.12115040937499999 0.8085366734375
1 0.0976969234375 0.85305265625 0.094774515625 0.8488931687499999 0.0863337609375 0.8472173921874999 0.04429411875 0.8451821453124999 0.045393262499999996 0.86615505625 0.0672212421875 0.8690722734375 0.08600349375 0.8704370125 0.10061838125 0.86571771875 0.0976969234375 0.85305265625
1 0.09651289375 0.892414296875 0.0467343171875 0.8917438843750001 0.047963553125 0.9151991109375001 0.0880430203125 0.916751925 0.111950525 0.9145775421875 0.1138925734375 0.8948345546875001 0.09651289375 0.892414296875
1 0.2266770765625 0.9097901875 0.183831603125 0.8965687484375 0.159359303125 0.9094216968750001 0.159057203125 0.9151334906249999 0.1610883453125 0.9191688609374999 0.16585895781249999 0.9223348874999999 0.186121640625 0.929659646875 0.2182466078125 0.9333828000000001 0.2358627125 0.9313329609375 0.23959947656249997 0.9200954421875001 0.2266770765625 0.9097901875
1 0.25300042968750003 0.8704270484375 0.20973559218750001 0.8566468703125001 0.1706362203125 0.865961878125 0.1689972234375 0.8714874968749999 0.1728108953125 0.8757710984375 0.22958919687499998 0.8886812859375001 0.24993163906250002 0.8860104390625001 0.25410089999999996 0.87508331875 0.25300042968750003 0.8704270484375
1 0.2699626453125 0.8552774187500001 0.27558606874999997 0.850807 0.2744734125 0.8378934906250001 0.2155448046875 0.8316885578125 0.20007805312500002 0.83553871875 0.186301890625 0.8413754828125001 0.18668184999999998 0.8426792359374999 0.20235685781249999 0.8518668046875 0.22187275624999997 0.8563357249999999 0.2392787046875 0.8582593046874999 0.24597633124999999 0.8589418343749999 0.2581529 0.857885671875 0.2699626453125 0.8552774187500001
1 0.27323035625 0.8189577921875 0.2740043578125 0.8128113812500001 0.2642801953125 0.8014504984374999 0.256835784375 0.7979121265625 0.2328635578125 0.7928226281249999 0.197091871875 0.8156097734375001 0.20035483437499998 0.8218180281249999 0.21684324687499998 0.824114171875 0.2320604375 0.8249824453124999 0.263648775 0.821876334375 0.27323035625 0.8189577921875
1 0.278833209375 0.7639505953125 0.2722810140625 0.7520307640625 0.26789036093749996 0.750168490625 0.2239566 0.7405480156250001 0.21761266406250002 0.7416659140624999 0.1892994703125 0.759237515625 0.20021699843750002 0.765010721875 0.2099683828125 0.767369353125 0.2425389796875 0.7711545625 0.26592204375 0.7704081546875 0.2754248140625 0.7689796421875 0.278833209375 0.7639505953125
1 0.266715828125 0.7044743718750001 0.2569775796875 0.701867403125 0.21804991093749998 0.6994484296875 0.1888595359375 0.7081420015625 0.1895537796875 0.7119911984375 0.1926338046875 0.7131706203125 0.22813994843750002 0.7208669796875 0.24110270156250002 0.7219216421875 0.26495766718749997 0.7207406140625 0.281761315625 0.7170766265624999 0.266715828125 0.7044743718750001
1 0.270101753125 0.6659196984375 0.26035037031249997 0.66356106875 0.2282385390625 0.6595895765625001 0.219194534375 0.6608318078125001 0.201827040625 0.666668784375 0.229258303125 0.6827470328125 0.2470573453125 0.6857260265625 0.2709385796875 0.6840483203125001 0.2733515796875 0.672376290625 0.270101753125 0.6659196984375
1 0.29293236718750004 0.5652793671875 0.29137312656250003 0.5608093765625 0.2812680546875 0.5566503171875 0.25430679375 0.557148603125 0.24527592812500001 0.5581424937499999 0.2252346359375 0.5636071265625 0.2329670609375 0.5701876203125 0.251696771875 0.5725457125 0.2870199765625 0.5752132390625 0.290297025 0.5726675796875 0.29293236718750004 0.5652793671875
1 0.288405615625 0.6084283625 0.28752843437500003 0.59955033125 0.26769824999999997 0.5925359671875 0.224787103125 0.5805562203125 0.1819003265625 0.5850909468750001 0.1816901703125 0.5890643671875 0.1995408015625 0.59955558125 0.23319873750000003 0.608245403125 0.267525596875 0.612775521875 0.2760320265625 0.6132096046875 0.28507603125 0.6119673765625 0.288405615625 0.6084283625
1 0.29778732343750003 0.6347516265625 0.2952974140625 0.6309025375 0.289674940625 0.6268673812500001 0.245137928125 0.6201649140625001 0.2212566953125 0.6218426203125 0.21948635 0.6298516265625 0.2568397453125 0.6450600984375 0.2644417734375 0.6456184046875 0.279252734375 0.64567960625 0.29786518281249996 0.641767171875 0.29778732343750003 0.6347516265625