1 0.23802829062500003 0.15884108125000002 0.2339671890625 0.165719671875 0.21971140781249998 0.22990262968750003 0.2233443671875 0.2337989578125 0.22869418125 0.2344631375 0.2377210171875 0.21884952656249998 0.251144684375 0.1860631171875 0.2562176515625 0.161099296875 0.25588699375 0.1571207640625 0.24179265625 0.15635531875 0.23802829062500003 0.15884108125000002
1 0.2972942234375 0.1839176328125 0.29438575 0.19192369375 0.2881597609375 0.24283018125 0.2888113296875 0.252262590625 0.30173354375 0.25485125937499997 0.3066797796875 0.24906692968750002 0.311280934375 0.22798201406250002 0.3129396921875 0.206531803125 0.31151022031250003 0.1797763328125 0.30375299375 0.1788132703125 0.2972942234375 0.1839176328125
1 0.2692467046875 0.17452930312499998 0.25932030781250004 0.17772660468749998 0.255220209375 0.19050657499999998 0.2555797203125 0.217129209375 0.25742758593750004 0.2345851046875 0.2638617859375 0.246704171875 0.26709117031249996 0.2441519890625 0.2704422125 0.236693059375 0.2735940046875 0.21887350312499998 0.2728406671875 0.18432701406250002 0.270666821875 0.17568998125 0.2692467046875 0.17452930312499998
1 0.3342130015625 0.174227740625 0.3303269765625 0.1816202546875 0.325788990625 0.20665049062500002 0.32489371093749997 0.2341017109375 0.333764571875 0.242093625 0.33797150625 0.2401549921875 0.347572315625 0.21870641875 0.3486910203125 0.2114625265625 0.348064021875 0.184806684375 0.340180459375 0.175952975 0.3342130015625 0.174227740625
1 0.36675444218750003 0.178759959375 0.3634860640625 0.187213521875 0.3582524453125 0.2229854703125 0.3569828359375 0.2395621421875 0.3588162765625 0.2456959875 0.3667193375 0.2515990078125 0.36977364375 0.2485329046875 0.3778814203125 0.22345367187499998 0.3804058171875 0.20604841093749998 0.38002681250000003 0.1823764671875 0.37666134375000004 0.1785133484375 0.36675444218750003 0.178759959375
1 0.3977494296875 0.1742408484375 0.390307646875 0.22007454218750003 0.392121590625 0.22915907500000002 0.3938918640625 0.231347596875 0.39799663750000003 0.2313650203125 0.4026753828125 0.2255474828125 0.40946988125 0.21014890937500003 0.415058334375 0.1882021984375 0.417787053125 0.1668848234375 0.4095240890625 0.16142930625000002 0.400667653125 0.16475944375 0.3977494296875 0.1742408484375
1 0.4313756546875 0.163157815625 0.42698857187500006 0.1788552671875 0.42431794843750004 0.218390709375 0.42626797656250004 0.23389054687500002 0.4311752203125 0.234007596875 0.43369454531249996 0.2308750765625 0.44314952500000004 0.20448654375 0.4482029953125 0.182473415625 0.4482809828125 0.17067065312500002 0.4460778921875 0.1664596578125 0.4313756546875 0.163157815625
1 0.46846443750000005 0.16825458437500002 0.46159702343750003 0.1811831765625 0.45419890937499996 0.2339128859375 0.4557356140625 0.24443955625 0.46640599375 0.2501939546875 0.4834138765625 0.22868059999999998 0.48272878124999996 0.1838066921875 0.480554934375 0.1751696609375 0.47728187968749997 0.170825828125 0.46846443750000005 0.16825458437500002
1 0.4865118546875 0.2325105109375 0.48969717187499995 0.25013245 0.49173493593749995 0.25235418125 0.4961996125 0.2519241 0.5049394609375 0.23922797031249998 0.5149247453125 0.20010846249999997 0.5137237703124999 0.17928758281249998 0.503568875 0.17655029375 0.49714402968750004 0.1900260171875 0.4865118546875 0.2325105109375
1 0.5371120406250001 0.19154276406249998 0.5338436625 0.1999963265625 0.5285566234375 0.2303476046875 0.5281187328125 0.24259787031250002 0.5493429015625 0.2447406734375 0.5577181718750001 0.2196946515625 0.5564587046875 0.20772584218749998 0.553842290625 0.19854168125 0.543415228125 0.18297378749999998 0.5371120406250001 0.19154276406249998
1 0.5743614734375 0.185831403125 0.5704606296875 0.2089720015625 0.5694585140624999 0.2255818859375 0.5708298875 0.23411929062499998 0.575143659375 0.2430219953125 0.5924334609375 0.2328638984375 0.593970953125 0.189250296875 0.5849835046875 0.17189239218750002 0.580334003125 0.1732838953125 0.5743614734375 0.185831403125
1 0.614786875 0.17214719218750002 0.613347259375 0.17393720625 0.6101322984374999 0.1878114390625 0.601503571875 0.2512164375 0.609883121875 0.266037946875 0.614162971875 0.2665692921875 0.6256896359375 0.25077384999999996 0.626715928125 0.2440106703125 0.6291292046875 0.1758965390625 0.6239010515625 0.1703256109375 0.614786875 0.17214719218750002
1 0.649813325 0.19224566406250002 0.6356503515624999 0.2288777703125 0.62561165 0.26257661250000003 0.6264577921875001 0.269572253125 0.634399846875 0.269573890625 0.6405911234375 0.26443631875 0.6599919984375 0.23189979374999997 0.6628373046875 0.21994841250000002 0.6631149375 0.1914361390625 0.658854584375 0.1879541046875 0.649813325 0.19224566406250002
1 0.6642472781250001 0.249654571875 0.6668052046875 0.26769080624999997 0.6740079531250001 0.2715381390625 0.6868673953125 0.24311134843749999 0.6979323890625 0.2026493296875 0.6959967875 0.19847154218750002 0.685983046875 0.1878768140625 0.682836328125 0.19142363125 0.6642472781250001 0.249654571875
1 0.7175859328125 0.1858941015625 0.7079804453125 0.19454528124999998 0.7012631453125 0.2522813625 0.7085532375 0.2699207265625 0.7132027390625 0.26852922343749996 0.73482191875 0.1973854734375 0.7286454609375 0.18677496093749998 0.7241176171875 0.1832597171875 0.7175859328125 0.1858941015625
1 0.7678304984375 0.1852413890625 0.76427045625 0.1838150375 0.7592610484375 0.18565404375 0.7518489046875 0.199991565625 0.7463236203125 0.22588360000000002 0.740861109375 0.2827910921875 0.7486183375000001 0.2837541546875 0.7529274312500001 0.2798594640625 0.762260753125 0.25837767968750003 0.76997470625 0.22537459218749997 0.77081149375 0.20677544218750002 0.76932353125 0.188872046875 0.7678304984375 0.1852413890625
1 0.7974778921875 0.209101715625 0.7916562640625 0.212316440625 0.77818425 0.225409440625 0.7771774546875 0.2292219265625 0.7782228484375 0.24657819375 0.780897359375 0.2739804234375 0.7834311125 0.2821699515625 0.7971363 0.2878089359375 0.8010028281249999 0.2833671140625 0.802583596875 0.27371966406250003 0.8048163296874999 0.24643448750000002 0.7988055953125001 0.2107431046875 0.7974778921875 0.209101715625
1 0.8732701468749999 0.2180191640625 0.861276740625 0.223420771875 0.8559362828125 0.24835138125 0.8519040312499999 0.277874071875 0.8560813250000001 0.30743161093750004 0.8608961562499999 0.30802937343750003 0.8640331281250001 0.30595790312500004 0.8703460640625 0.2959135828125 0.8766738203125 0.270121175 0.8792177140625 0.2497652234375 0.8811147171875 0.23277425625 0.8797725859375 0.219810815625 0.8732701468749999 0.2180191640625
1 0.813496896875 0.296730703125 0.8143625390624999 0.300775653125 0.8177377546875 0.303163428125 0.82237750625 0.3032472703125 0.8310151953125 0.29250719687500004 0.8352174515625 0.27777116875 0.8423866734375001 0.2461770078125 0.8371245984375 0.23223471875 0.8190179000000001 0.2309711375 0.8159635921874999 0.23403723906249999 0.813496896875 0.296730703125
1 0.892047909375 0.2257644671875 0.885511153125 0.2426715921875 0.88185323125 0.28306883125 0.8836476781249999 0.29510405624999997 0.8878885328124999 0.3015367828125 0.8936274937500001 0.29732742343749996 0.8987246359375 0.282210309375 0.910772253125 0.2280891 0.898939496875 0.222682578125 0.8941149171875 0.22356016093750003 0.892047909375 0.2257644671875
1 0.9747742390624999 0.31970644843749996 0.9818214109375001 0.3200891734375 0.9880555703124999 0.30712294375 0.9906081203125 0.23402748281250002 0.9827564703125 0.2325962984375 0.9727130921875 0.2534977421875 0.9625769046875 0.301950034375 0.9747742390624999 0.31970644843749996
1 0.9738777781250001 0.4283680796875 0.98293078125 0.4538776859375 0.984833565625 0.3993891015625 0.9738777781250001 0.4283680796875
1 0.9455487343750001 0.3805543515625 0.93589450625 0.396582259375 0.9485289421875001 0.4562286796875 0.95290120625 0.45627931093749996 0.9561500859375001 0.4507764390625 0.964078109375 0.4123858921875 0.96851900625 0.3750389703125 0.9658004281249999 0.367810865625 0.9455487343750001 0.3805543515625
1 0.9164604984375 0.36660714843750003 0.8993356328125 0.40582464687500003 0.9102294375 0.43178637656249996 0.9192609515625 0.4289701609375 0.92659043125 0.4136380046875 0.9321157140624999 0.3877459734375 0.93234460625 0.366610425 0.9313865531250001 0.3630461859375 0.9268392125 0.3624816328125 0.9164604984375 0.36660714843750003
1 0.8367135843750001 0.40247976406249997 0.851658740625 0.42303825 0.8577576062500001 0.41838138750000003 0.874333065625 0.367775421875 0.873467425 0.36373047187499996 0.8512466015625 0.336854675 0.837507096875 0.349914465625 0.8367135843750001 0.40247976406249997
1 0.7859149359375001 0.3789466140625 0.7836334609375 0.4136085171875 0.784853934375 0.43147870624999995 0.7881172390625 0.43729788281250004 0.7980533859375 0.4326252359375 0.8139772781250001 0.372586859375 0.79750476875 0.367096496875 0.787938275 0.3698462953125 0.7859149359375001 0.3789466140625
1 0.750246665625 0.3479403859375 0.7347267453125 0.387357140625 0.7295418671875 0.41575236093749995 0.7304706734375 0.4237426359375 0.738660721875 0.42672817343749997 0.74072773125 0.42452386718749996 0.7523031359375 0.4013516984375 0.7626724984375 0.371631390625 0.7682609499999999 0.34968468124999996 0.762230325 0.344014125 0.7529508171875 0.3438464421875 0.750246665625 0.3479403859375
1 0.72759809375 0.3047693734375 0.7153274484375001 0.3116131171875 0.712881040625 0.3172156171875 0.7038826593749999 0.382543465625 0.7054388609375 0.3901194453125 0.7127387 0.40628346562499995 0.7164738203125001 0.4082237359375 0.7210406578125 0.4058376 0.7307147796875 0.35978886875 0.7337987265625 0.3252265921875 0.7332688171874999 0.31088743281250003 0.72759809375 0.3047693734375
1 0.6736230875 0.3162792109375 0.6657781234375 0.32859425625 0.66123974375 0.3806946296875 0.6689139109375 0.4077331953125 0.681306215625 0.39598270156250004 0.6874296484375 0.374102409375 0.6929697531250001 0.3324622921875 0.6859374046875 0.31633148125 0.6791674734375001 0.314506621875 0.6736230875 0.3162792109375
1 0.6351531828125 0.30412038125 0.6273472109375 0.3105340453125 0.62511955 0.3235464796875 0.6219186234375 0.3758128984375 0.6347577765625 0.40447707031249996 0.6369074515625 0.4032673953125 0.640083415625 0.39529454531249997 0.6475201265625 0.36373359375000003 0.6460423093750001 0.31728471406250003 0.6412130515625 0.3053649015625 0.6351531828125 0.30412038125
1 0.6011038859375 0.3117055953125 0.5967265515625 0.3259277015625 0.5906807125 0.36307536875 0.590534484375 0.3852055484375 0.592635415625 0.3913726015625 0.5945905140625001 0.39259969843750003 0.598982275 0.3896996390625 0.6076102140625 0.3804349125 0.6115208062499999 0.35581896875 0.6129413171875 0.3299095125 0.6109086265625 0.3134150421875 0.6011038859375 0.3117055953125
1 0.5610138234375001 0.34216573281249996 0.5602452718750001 0.350437465625 0.559121496875 0.37195409687500003 0.5618400734375 0.37918220156250004 0.5675595390625 0.3779235328125 0.5779043296874999 0.365426659375 0.59006853125 0.3206714390625 0.59403254375 0.301476165625 0.5844906187500001 0.2870025328125 0.5648464265625 0.3293525515625 0.5610138234375001 0.34216573281249996
1 0.5525375765625 0.287957403125 0.5336861093749999 0.33188239531249997 0.5326598171875 0.3386455734375 0.5365454453125 0.3583232 0.5397260875 0.36314774375000003 0.5546911375 0.3536853984375 0.5589663093749999 0.3414193484375 0.561933275 0.324561215625 0.5658926109375 0.2925685484375 0.558247290625 0.2881740828125 0.5525375765625 0.287957403125
1 0.5081922296875 0.300662765625 0.50380943125 0.3562277515625 0.5047624125 0.37406473125 0.5063576046875 0.37573933125000003 0.511717165625 0.374928165625 0.5239831359375 0.355287028125 0.5354762734375 0.3040500875 0.5328598578125 0.2948659265625 0.5316245656249999 0.29274382499999996 0.5180652078125 0.292044796875 0.5081922296875 0.300662765625
1 0.49065483125 0.28076682656249996 0.48331560468749996 0.297574325 0.47520743125 0.3497236921875 0.47563050156250003 0.3532215125 0.4853623265625 0.3524609828125 0.4959016921875 0.3375273359375 0.4979881984375 0.332372340625 0.5015291390625001 0.3096792453125 0.5042968531249999 0.28246048749999997 0.4995015171875 0.2789120328125 0.49065483125 0.28076682656249996
1 0.45667377656249997 0.278024621875 0.44866348125 0.28835040156249997 0.4439164953125 0.3044953578125 0.440759634375 0.3365876546875 0.44035566406250004 0.357209278125 0.44858938437500007 0.3670908296875 0.4638901625 0.347334278125 0.464094484375 0.34342216406250003 0.464625184375 0.3036210515625 0.461940921875 0.2776941703125 0.45667377656249997 0.278024621875
1 0.39389028593750003 0.3396281421875 0.39315098125 0.3434738390625 0.394502859375 0.354961934375 0.40435127031249996 0.3635673953125 0.4098859078125 0.3632701515625 0.41544979218750006 0.358546871875 0.41925315156250004 0.350159728125 0.43065387499999996 0.2994035015625 0.41834463125 0.285078490625 0.4116573640625 0.2842482625 0.39389028593750003 0.3396281421875
1 0.37014250625 0.300750328125 0.363537509375 0.3279848703125 0.3608329640625 0.3591489546875 0.36213142343750004 0.36521638125 0.37383277187499997 0.3770049953125 0.3789248421875 0.37616062031249997 0.391483265625 0.312259125 0.384358503125 0.2966090265625 0.37453426562500003 0.2978502703125 0.37014250625 0.300750328125
1 0.33353956875 0.33016683750000003 0.3274110640625 0.3663198734375 0.34541559843749997 0.36953951093750004 0.34953012031249997 0.368081590625 0.3584403703125 0.343101984375 0.36217627812500003 0.2909019859375 0.3447893875 0.288743396875 0.33923993124999996 0.304788725 0.33353956875 0.33016683750000003
1 0.3205838265625 0.29213667656250003 0.3189691359375 0.2934127671875 0.3126561984375 0.3034570875 0.3051902421875 0.33944407656250003 0.3015276421875 0.3670439171875 0.31373004843749996 0.37052759218750003 0.3227518125 0.3691867203125 0.3308888359375 0.339681453125 0.3336807234375 0.3223094015625 0.33531998281250003 0.303809878125 0.32894895156250004 0.2956361328125 0.3205838265625 0.29213667656250003
1 0.2705529390625 0.314472065625 0.26396236875 0.353028659375 0.271126125 0.36277737499999996 0.27629111093750003 0.36440298125 0.28220515 0.36070754374999997 0.2858966 0.35575180156249997 0.2991990046875 0.300802003125 0.29742873125 0.2986134796875 0.2809464734375 0.2945984625 0.2748573578125 0.2977799796875 0.2705529390625 0.314472065625
1 0.2331873125 0.28374729374999996 0.23176212343749997 0.2968593578125 0.23184439375000002 0.32492412656249997 0.2348207125 0.3336607875 0.2413863203125 0.33939776093749996 0.245972653125 0.334060934375 0.26261127968750003 0.2874002890625 0.2567510546875 0.269446259375 0.23873677187500003 0.26770196562500004 0.2351182375 0.2751276859375 0.2331873125 0.28374729374999996
1 0.196511853125 0.2836236921875 0.1951451546875 0.28788368124999997 0.1913121546875 0.3277669984375 0.194949790625 0.3444607234375 0.20226445 0.3448766546875 0.22935470625 0.2965604765625 0.230483159375 0.287841240625 0.224048959375 0.2757221734375 0.2114963984375 0.2712106578125 0.196511853125 0.2836236921875
1 0.15330701875 0.4613526859375 0.16138515625 0.46776962656250004 0.19285703125 0.44509887031249995 0.1980902546875 0.43639705781250004 0.20593561249999998 0.39701187656250003 0.192561084375 0.395351425 0.1784374984375 0.39901201406250003 0.15330701875 0.4613526859375
1 0.22959177031250003 0.38223012968750003 0.22300159375 0.3937165875 0.21429059687500002 0.4290568171875 0.20897431093750002 0.46383413281249997 0.212188875 0.4770300359375 0.2151117765625 0.4803460265625 0.220203846875 0.479501653125 0.2360446765625 0.445538778125 0.24475099843749998 0.3974011546875 0.24561196093749998 0.3886487078125 0.24279122343749998 0.3833766609375 0.22959177031250003 0.38223012968750003
1 0.2519096828125 0.421422609375 0.2453432859375 0.4698259078125 0.24816870156249998 0.48789534999999995 0.2520789 0.4903495453125 0.26146056875 0.4885611703125 0.2840132328125 0.4382050921875 0.278984725 0.4159246515625 0.2722635375 0.40672306718750006 0.2578724640625 0.410350446875 0.2519096828125 0.421422609375
1 0.2958658796875 0.4135907875 0.292689915625 0.4215636375 0.2871646296875 0.44745567187499996 0.287261325 0.48684249062499996 0.2910888578125 0.48830205156249995 0.298175021875 0.48278339218750005 0.306540540625 0.459212715625 0.3110590296875 0.4371331703125 0.31189581875 0.41853402031250003 0.3106071078125 0.4109912484375 0.2958658796875 0.4135907875
1 0.328762153125 0.431948240625 0.3199782390625 0.4648184921875 0.326178871875 0.48527570937500003 0.3347385703125 0.4863384 0.3359106953125 0.484515178125 0.3489210390625 0.44675560000000003 0.3469565859375 0.41993371562500004 0.34341604062500003 0.415556671875 0.3344671921875 0.41936752187500004 0.328762153125 0.431948240625
1 0.3776645875 0.4183320859375 0.3730880015625 0.4221935671875 0.36131294999999997 0.462075246875 0.3603400765625 0.4742590953125 0.36696377812500003 0.49821413281250004 0.3711609640625 0.4977508453125 0.37689992499999997 0.49354148750000004 0.384681721875 0.47728111875 0.386077665625 0.46859509218750006 0.3912773640625 0.42445178281249996 0.3903095609375 0.422362890625 0.3776645875 0.4183320859375
1 0.41490427343749997 0.4140960734375 0.4110085 0.422963928125 0.40537130625 0.452287365625 0.4121942609375 0.48660303125000004 0.4195432390625 0.4683201859375 0.432310659375 0.4133039703125 0.4309927046875 0.4101872328125 0.42226767499999995 0.407135278125 0.41490427343749997 0.4140960734375
1 0.45076751093749995 0.41559539375 0.44583570000000006 0.43270177500000007 0.443850959375 0.46297085156250006 0.44433680625000005 0.49748413124999996 0.4472792015625 0.49784943125 0.454365365625 0.492330771875 0.46724430312500004 0.4609532890625 0.4685478328125 0.452747975 0.4722591734375 0.41777140625 0.45650647343750006 0.4113860359375 0.45076751093749995 0.41559539375
1 0.490108128125 0.4175264328125 0.4866939203125 0.421040040625 0.4815043640625 0.43663786718750003 0.48025892812500004 0.46306124375 0.48425139687499996 0.49358020781249995 0.49117223125000004 0.48607228437499994 0.49889593125 0.4515938515625 0.502578025 0.42104331562499997 0.49867757656249995 0.41711377812499995 0.490108128125 0.4175264328125
1 0.52030025 0.43997783437500004 0.5217492203125 0.4637826125 0.523684821875 0.46796039843750004 0.528314825 0.4695195859375 0.5334166437500001 0.46719986718750006 0.5370885984375 0.465194815625 0.5406049703125 0.45972515156249993 0.5484600765625001 0.418864625 0.5447105296875 0.40560230312499995 0.5324691296874999 0.4080200109375 0.52242575 0.42892145625 0.52030025 0.43997783437500004
1 0.5462074515625 0.47617062812500005 0.545190909375 0.4814584609375 0.564158175 0.501039734375 0.56711031875 0.49992968906249996 0.590878778125 0.45464640312500004 0.592347640625 0.44843035468750003 0.5747275765625 0.42753978125 0.5692756015625 0.42883165781250004 0.5462074515625 0.47617062812500005
1 0.6049345171875 0.43424309531249994 0.5937626859375 0.4638637734375 0.5904595953125 0.51808625 0.591767803125 0.5226783328125 0.598279990625 0.5229946359375 0.6138626859375 0.5145933453125 0.6156719515625 0.510880484375 0.62615829375 0.46345603437499994 0.6219615046875 0.4368491875 0.61346029375 0.4269344234375 0.6075462546875 0.43062985937500003 0.6049345171875 0.43424309531249994
1 0.695624221875 0.4842555609375 0.7008402312500001 0.4771252921875 0.692048146875 0.48035478437499995 0.6788247000000001 0.4744242515625 0.668970428125 0.534231803125 0.6788137671875 0.5571100062500001 0.6875485453125 0.5586866171875 0.7040943640624999 0.5395768234375 0.708885021875 0.5303278812500001 0.714400953125 0.47884105468750005 0.69305638125 0.47010947343750004 0.7066360125 0.4769806140625 0.695624221875 0.4842555609375
1 0.7356399421875001 0.46523577187500004 0.71289738125 0.530826015625 0.7112339453125001 0.5394788328125 0.7118418421875 0.5420152296875 0.7236936984375 0.5715411984375 0.749874253125 0.539354190625 0.7515474359375001 0.5292260265625 0.7519373734375 0.470212215625 0.7401970312499999 0.46432498125 0.7356399421875001 0.46523577187500004
1 0.8191067609375 0.4741216515625 0.8174433265625 0.48277446875 0.8175010281249999 0.52806266875 0.8180648609375 0.5507731875 0.8199178 0.553956340625 0.8257004296874999 0.5566429953124999 0.8284872468750001 0.5535436859375 0.8368625140624999 0.5284976625 0.8406611984374999 0.507313121875 0.842825690625 0.4903553625 0.840588675 0.47777300624999997 0.8191067609375 0.4741216515625
1 0.762753584375 0.48090657031250006 0.7590718828125 0.48438696718749996 0.7602623203125 0.5608234640624999 0.7680729687500001 0.5672071953125 0.7726398046875 0.5648210578125 0.7782231859375 0.5571470890625 0.7874059984375 0.5179279515624999 0.7896629046875 0.5004894828124999 0.7876543859375 0.493841715625 0.762753584375 0.48090657031250006
1 0.878903396875 0.4593970890625 0.8710732531250001 0.45596404843749994 0.8593715109375 0.47124556875 0.8542540828125 0.543453646875 0.85391328125 0.5680205953125 0.8655612093749999 0.574388540625 0.880400315625 0.5299654140625 0.8826279765624999 0.516952978125 0.8846127171875 0.48668390468749995 0.8833922453125 0.4688137140625 0.878903396875 0.4593970890625
1 0.9085507890625 0.48325741562499996 0.8947188703125001 0.49679791875 0.8931568078125001 0.55763495 0.894022446875 0.561679903125 0.9014002734375 0.5660411578125 0.9099599734374999 0.567103846875 0.911667078125 0.56534704375 0.9179363437499999 0.548406709375 0.921774021875 0.5213207875 0.9244688171875 0.4916320515625 0.9172855656250001 0.48483402656249996 0.9085507890625 0.48325741562499996
1 0.9321383109375001 0.5058732218750001 0.9252513984374999 0.52175250625 0.9114335125 0.5736851953125 0.9117641687500001 0.5776637296875 0.9228915421874999 0.59528730625 0.930381278125 0.5962171609375 0.93623215 0.5885764 0.9429100625 0.563811834375 0.9489364046875 0.5296148578125 0.9500309375 0.5125242640625001 0.9479397531249999 0.5048818640625 0.9321383109375001 0.5058732218750001
1 0.952301478125 0.560548115625 0.9641143140624999 0.5931263328124999 0.9761922468750001 0.5302996 0.9561875015625001 0.553155603125 0.952301478125 0.560548115625
1 0.90295996875 0.6676249421875 0.901923928125 0.6758634671875 0.909554034375 0.723076153125 0.91854655 0.72616131875 0.9306666874999999 0.7015802234375 0.945637203125 0.6507750015625 0.930069328125 0.6434282078125 0.9210573109375 0.643293734375 0.90295996875 0.6676249421875
1 0.8764351218750001 0.630371096875 0.8711484765625 0.633652240625 0.8695969531250001 0.638873653125 0.8645380171875001 0.7022296609375 0.8647224484375 0.728338371875 0.8658750749999999 0.729465840625 0.8985338921875 0.6892237765625 0.9000807406250001 0.6712049671875 0.9011998390624999 0.6368909406250001 0.8983888500000001 0.6301435484375 0.8764351218750001 0.630371096875
1 0.845985259375 0.60641114375 0.8585378203125 0.610922659375 0.8626718375 0.6065140453125 0.8610232234374999 0.599418778125 0.851116321875 0.5996653890625 0.8440399062499999 0.6037087015625 0.845985259375 0.60641114375
1 0.8367880218750001 0.6343082296875 0.83810479375 0.7186353734375001 0.8446996453125 0.7199463125000001 0.8567761125000001 0.6884692015625 0.861523096875 0.6723242468749999 0.8644366437500001 0.6500454453125 0.86244801875 0.6133768515625 0.8452362062500001 0.611732184375 0.8367880218750001 0.6343082296875
1 0.8162645546875 0.6071509749999999 0.7949479687500001 0.6054888828125 0.790813953125 0.6098974953125 0.7874574437499999 0.6586993031249999 0.7866346859375 0.7156906375000001 0.801886721875 0.7033108125 0.8086324781249999 0.69528896875 0.8205681828125 0.6445991609374999 0.8221540234375 0.6206789703125 0.8188372984375001 0.6094391234375001 0.8162645546875 0.6071509749999999
1 0.7552419828125 0.645348225 0.74145880625 0.651512003125 0.7328156546875 0.7035949515625 0.7432524640625 0.7176875 0.7465352671875001 0.7205559859374999 0.755732109375 0.7197290375 0.7622688656250001 0.7028219109375 0.76590221875 0.679648103125 0.7665105109375 0.6551143640625 0.7646041546875 0.646510540625 0.7552419828125 0.645348225
1 0.6907521765625 0.6545682734375 0.6906983624999999 0.6762177421875 0.6973559875 0.7085441390625 0.7010813609375 0.71195975625 0.7325633765624999 0.66074351875 0.7230023484375 0.6221504390625 0.7191018984374999 0.618220903125 0.710727025 0.6161967875000001 0.6907521765625 0.6545682734375
1 0.6784530765625 0.61169778125 0.67496595 0.612741409375 0.66194625 0.6249061953124999 0.6530944921875 0.6410337265625 0.6522627734374999 0.6453601359375 0.65193679375 0.6541789984374999 0.657855115625 0.6903510921875 0.6652426890625 0.6932370031249999 0.6692647968750001 0.6922597953125 0.6869827390625 0.671326778125 0.690455440625 0.6589611015625 0.691846709375 0.6374776796875 0.6911027265625 0.6285259812499999 0.6868911171875001 0.6176672171875001 0.6784530765625 0.61169778125
1 0.619147753125 0.619592746875 0.6144202625 0.6327870124999999 0.6154991859375001 0.6855847749999999 0.6341993546875 0.6780627046875 0.6414364203125 0.6632112640625001 0.6482504140625001 0.644862 0.6567379890625 0.5893144375 0.6576086984375 0.57908665 0.644788646875 0.5745419234375 0.619147753125 0.619592746875
1 0.591519021875 0.5738347046875 0.5750702921874999 0.6052611828125001 0.5742385734375001 0.609587590625 0.578644365625 0.64507971875 0.588264278125 0.6477505890625 0.593375846875 0.643955525 0.6110937890625 0.6230225109374999 0.616750478125 0.590748384375 0.6094798859375 0.5701583296875 0.599417403125 0.5669403265625 0.591519021875 0.5738347046875
1 0.5570614734375 0.5621740109375 0.5407102296875 0.5788470359375 0.5331861765625 0.5966159578125 0.5419884046875 0.6420054234375 0.5721278953125 0.6048958828125001 0.5753962734375 0.59644231875 0.5741173109375 0.587424203125 0.56995444375 0.569188715625 0.5659713281250001 0.5642645421875 0.5570614734375 0.5621740109375
1 0.5315188531249999 0.5383311078124999 0.52480234375 0.5419269171875001 0.509389259375 0.5921850078124999 0.5081391484375 0.6058109921875 0.5144758640625 0.6326835109375 0.5208761421875 0.6364312171875001 0.5243730156249999 0.633912246875 0.5326948671875 0.6034455546874999 0.5368437046875 0.58328885625 0.5399615703125 0.5570979406250001 0.539762321875 0.5467373140625 0.53791913125 0.542078815625 0.5315188531249999 0.5383311078124999
1 0.49861711406250003 0.5613165296875 0.48945926406250007 0.5562420984374999 0.4863125453125 0.5597889140625 0.475539609375 0.5830607109375 0.465646346875 0.64876964375 0.46579217812499996 0.6537096 0.470062278125 0.6557162890625 0.49842642656249997 0.63069096875 0.498898240625 0.6268120609375 0.500703225 0.5832316718749999 0.4998134109375 0.569340015625 0.49861711406250003 0.5613165296875
1 0.4567135015625 0.5556219984374999 0.43779379374999994 0.6098744078125 0.4388345109375 0.6144332796875001 0.44791944375000003 0.61703773125 0.46507783593749996 0.6132617296875 0.474518390625 0.575551146875 0.47650780625 0.55807946875 0.4728845953125 0.5527077921875 0.46424223124999997 0.5506504703124999 0.4567135015625 0.5556219984374999
1 0.4181024390625 0.55132060625 0.40195044687500003 0.5783542578125 0.39475705156249996 0.6001017140625 0.3976358859375 0.6235918265625 0.40243122031249995 0.6271402796875 0.4239182046875 0.6165188953125 0.43771191875 0.5547395015625 0.4306113296875 0.5489361078125 0.421691728125 0.548320921875 0.4181024390625 0.55132060625
1 0.3744230875 0.58478043125 0.37374655625000003 0.6196415875 0.376649959375 0.62590826875 0.38400361250000004 0.6204228203125 0.3961140015625 0.59731706875 0.40556430312499997 0.558131140625 0.40241290625000004 0.5488805609375 0.3964551953125 0.5456799828125 0.39142629375000004 0.5504696796874999 0.3744230875 0.58478043125
1 0.361462275 0.5610230078125 0.35411836874999997 0.5650331125 0.34800000781249996 0.5726406625 0.3418524 0.5846742500000001 0.3385547765625 0.5975538499999999 0.33727034843750003 0.6298786093750001 0.34217759375 0.6299956609375 0.36079042031249997 0.6086815609375 0.365333084375 0.5964487187499999 0.3714955109375 0.5686670453125 0.37072228281249997 0.56414138125 0.367799384375 0.5608253921874999 0.361462275 0.5610230078125
1 0.33790399843749996 0.533981165625 0.3294172140625 0.53538845625 0.3250691234375 0.545184528125 0.3224086453125 0.5561744859375 0.3182110640625 0.5837079109375 0.31761759375 0.592493565625 0.3215858859375 0.613165821875 0.32470336093749996 0.61404504375 0.331706859375 0.6075317515624999 0.3373292359375 0.5939564015625 0.3412834953125 0.5762364734375 0.34303466718750003 0.5543055484375 0.34199902187500003 0.535473934375 0.33790399843749996 0.533981165625
1 0.27790811249999997 0.5383451 0.268584540625 0.5583515390625 0.2640126328125 0.5750104171875 0.26095793125 0.60514665625 0.2620910609375 0.6092248171875 0.276637715625 0.6090620484375 0.28945348593750003 0.5737392406249999 0.29401564687500004 0.558555709375 0.2935099109375 0.5540632546875 0.28885573125 0.5426573625 0.282494446875 0.5330082734375 0.27790811249999997 0.5383451
1 0.22834436249999998 0.5440041890625 0.21595166406250002 0.5828248171875 0.2369617640625 0.5903550796875 0.26008333281249996 0.5484367781249999 0.2611922875 0.542668234375 0.253809784375 0.5255095812499999 0.23538685468749998 0.531589515625 0.22834436249999998 0.5440041890625
1 0.2246575890625 0.561757328125 0.21595166406250002 0.5828248171875 0.2255372609375 0.6041944625 0.2299921875 0.60523973125 0.23732166718749997 0.5899075765624999 0.24168457656250003 0.56436341875 0.23667049375000002 0.5534050296874999 0.23025071874999997 0.5526080125 0.2246575890625 0.561757328125
1 0.1796559984375 0.5522328828124999 0.170570671875 0.576698565625 0.1607994609375 0.610430615625 0.16336245625 0.6141941078125 0.20352543750000002 0.58620395 0.208433075 0.5592508625 0.208404225 0.5366067625000001 0.1907595921875 0.5329396203125001 0.1796559984375 0.5522328828124999
1 0.1469593703125 0.5171659203125001 0.156579284375 0.519836790625 0.164161434375 0.52028593125 0.16453108593750002 0.5183630828125 0.1617930140625 0.5140856671875 0.1529755703125 0.511514425 0.1469593703125 0.5171659203125001
1 0.139693059375 0.536443396875 0.13102105625 0.565882246875 0.1294738140625 0.6109711921875001 0.14222094999999998 0.6130459390625 0.1454600828125 0.6090184109375001 0.1555182828125 0.5723688796874999 0.1618803546875 0.5278776984375 0.1446490453125 0.529183721875 0.14249937343750002 0.5303933953125 0.139693059375 0.536443396875
1 0.10045223750000001 0.694977115625 0.08857034531249999 0.7240174578125 0.07665920937500001 0.7574838359375 0.0764548859375 0.7613959484375 0.0915996890625 0.765244921875 0.100178884375 0.7633569203125 0.12674391093749998 0.7134989765624999 0.12381633437499999 0.6973855921875 0.11169191406250001 0.68209915625 0.10045223750000001 0.694977115625
1 0.18073334218749998 0.713311190625 0.1806744578125 0.7492333999999999 0.1824396609375 0.7656946609374999 0.1883681234375 0.773321275 0.197078725 0.7650511812499999 0.20184988750000002 0.7587529296875 0.20520092812500002 0.7512939984375 0.219743696875 0.6841935625 0.21921846406249998 0.682651796875 0.20244921875 0.6815542609375 0.18934685625 0.6927244140625 0.18073334218749998 0.713311190625
1 0.2256132765625 0.7277423828125 0.219227028125 0.7623868625 0.22017533125000002 0.7674264453124999 0.2338465984375 0.7646940718749999 0.237805540625 0.7597715375 0.256403940625 0.7271353890625 0.2696720265625 0.690884365625 0.253753996875 0.6825097296875 0.23701867656250003 0.6897835531250001 0.2256132765625 0.7277423828125
1 0.263592265625 0.7196606734375 0.2626681359375 0.7244677937499999 0.27016683124999996 0.7780625734375 0.27390195156249997 0.7800028453125 0.27920809375 0.7737710109375 0.2887164921875 0.75280315 0.30231563125 0.693460525 0.291830078125 0.6867447046875 0.2812762859375 0.690356296875 0.263592265625 0.7196606734375
1 0.32557249375 0.7120977984375 0.3141577390625 0.7244618375 0.30529623125 0.7420647171875 0.3014683046875 0.7676752921875 0.3066816390625 0.7889943078125 0.3392870375 0.743331575 0.340663484375 0.7375962390625 0.3373030859375 0.719460378125 0.3338549546875 0.7146026234375 0.32557249375 0.7120977984375
1 0.3519421546875 0.7188168953125 0.3417042015625 0.7421551109375 0.3373705375 0.7632732328125 0.3382166796875 0.770268875 0.3411200828125 0.77653555625 0.34370257656250003 0.77734835625 0.3629038046875 0.7615213453125 0.37768949375 0.7116775484375 0.37917785 0.702510809375 0.367991984375 0.693739303125 0.36133864375 0.7012804359375 0.3519421546875 0.7188168953125
1 0.39971653125 0.68684984375 0.3870516640625 0.712839865625 0.386312359375 0.7166855625 0.3917440484375 0.77248465 0.399481778125 0.776398403125 0.4228708390625 0.734513309375 0.4239700453125 0.730220109375 0.4213735234375 0.6910151203125 0.42095045000000003 0.6875173 0.40937543749999994 0.6836193328125 0.39971653125 0.68684984375
1 0.4341635390625 0.754126153125 0.41848803749999997 0.7900782937499999 0.41810863749999994 0.7934764875 0.42467424375 0.7992134625 0.429756565625 0.799844434375 0.445378253125 0.7855417609375 0.46112667343749997 0.7520595984375 0.46477445156249997 0.7402078421875 0.4543278921875 0.7275906390625 0.4495033109375 0.728468221875 0.44103095468750003 0.741197559375 0.4341635390625 0.754126153125
1 0.491188571875 0.6996826828125 0.48394175625 0.7160094703125 0.4745885453125 0.7675120796875 0.4729297859375 0.7889622921874999 0.47547796406250004 0.808473871875 0.4821215578125 0.8024080843749999 0.48737428125 0.79075558125 0.500666934375 0.7372811265625 0.5033566625 0.7218651328125001 0.504553353125 0.70281848125 0.49710261093749997 0.6959872453125 0.491188571875 0.6996826828125
1 0.5215409515625 0.7383960875 0.5174502109375 0.776770853125 0.520985684375 0.795420634375 0.5297399578124999 0.7940465546875 0.5320939546875 0.7889247671875 0.5465345593750001 0.7237803859375 0.54562525 0.7128394218749999 0.5422063625 0.70355563125 0.528369765625 0.7042987421875 0.5215409515625 0.7383960875
1 0.07781065312499999 0.8398217125 0.061760426562500005 0.891969440625 0.070339228125 0.9171515781249999 0.09131580156249999 0.88924034375 0.094399353125 0.8817482046875 0.10248295624999999 0.8468222703125001 0.10140831718750001 0.8338920375000001 0.10081016875 0.8298802953125 0.0870659859375 0.830142690625 0.07781065312499999 0.8398217125
1 0.11056109375 0.8532392078125 0.10822659375000002 0.8554103062499999 0.102307484375 0.8733784828125 0.09936001562499999 0.8872859249999999 0.09843081406250001 0.9063657859375001 0.10040033749999999 0.9189149343749999 0.1109295625 0.9325267687500001 0.11452860000000001 0.9280517390625 0.12405649375000001 0.9041331859374999 0.1286287984375 0.8604041718750001 0.1283078875 0.8549502953125 0.122729578125 0.8483515234375 0.11056109375 0.8532392078125
1 0.1368578375 0.8574883296875001 0.135048571875 0.861201190625 0.12481489999999999 0.9244069343750001 0.133364853125 0.92694496875 0.1480526609375 0.9189247625 0.1624051359375 0.8941286281249999 0.17086306874999999 0.8700772375 0.1711598046875 0.8656844125 0.1570705390625 0.8506462234375001 0.1516283125 0.8504627546875 0.1368578375 0.8574883296875001
1 0.18017649687499998 0.87861628125 0.177146365625 0.891529090625 0.1718347578125 0.9391038 0.173133215625 0.9451712265625 0.1879231875 0.9351949609375 0.2112003375 0.896741271875 0.21440594375000002 0.8572722484374999 0.196634975 0.845714459375 0.185808621875 0.863565584375 0.18017649687499998 0.87861628125
1 0.22695811093749998 0.8888539 0.218281428125 0.9054953546875 0.2128438796875 0.9181092812499999 0.2105335546875 0.9301270828125 0.2272294890625 0.955824778125 0.251128959375 0.931229534375 0.25828375625 0.8883133234375 0.24386383281250001 0.8692966046875 0.2386696015625 0.8720970343750001 0.22695811093749998 0.8888539
1 0.2821980484375 0.8479699953125 0.2758948609375 0.8565389703124999 0.27236874218749996 0.8634839781249999 0.260243534375 0.902337815625 0.26914792187500003 0.9457712234375 0.27243072343749997 0.9486397125 0.2846428796875 0.9506480390625001 0.30960803124999997 0.8863181015625001 0.3088348046875 0.8817924375 0.2974450125 0.8498629109375001 0.2953148375 0.8481218921875 0.2821980484375 0.8479699953125
1 0.3054587984375 0.9335449359375 0.30406285624999996 0.9422309625 0.30515699218750003 0.952210503125 0.3203357171875 0.9644308359375 0.32159050625 0.963602246875 0.334824275 0.9460500015625 0.35475545468749997 0.9007825031250001 0.355596921875 0.8949807484375001 0.34010235624999996 0.8630337953125 0.32465106875 0.865052996875 0.3054587984375 0.9335449359375
1 0.35635572187500003 0.8881843609375 0.34370527968750003 0.9254964343750001 0.34213425937499997 0.933668540625 0.34717896718749996 0.9741618421875 0.3528381671875 0.9748644328125 0.3705756046875 0.950980728125 0.38179618125000003 0.9139833203125001 0.3835617765625 0.9033744468749999 0.3741122640625 0.8884201015625001 0.361457540625 0.8858646421874999 0.35635572187500003 0.8881843609375
1 0.401624803125 0.8977420125 0.3903071375 0.9224227375 0.3893830078125 0.9272298578125 0.39692576874999996 0.960650515625 0.4034282078125 0.9624421671875 0.4189769796875 0.9456695156249999 0.42014949843749994 0.9167761578125001 0.4182482140625 0.8938995937499999 0.4073637625 0.89353265625 0.401624803125 0.8977420125
1 0.44844073125 0.8892808578125001 0.4368165796875 0.9198297515625 0.42494404374999994 0.9744648843749999 0.43001661718750006 0.9765712000000001 0.4517176734375 0.96056235625 0.45730105468750004 0.9528883859375 0.463507153125 0.9320027281250001 0.46472801874999997 0.9228027796875 0.4646944921875 0.887361284375 0.4520300203125 0.8862811734375 0.44844073125 0.8892808578125001
1 0.465676321875 0.927842365625 0.4598593734375 0.9438544859375 0.455890290625 0.9773225015625 0.4599950640625 0.9773399234375001 0.48771232031249995 0.9556795859375 0.49626305937500004 0.9040773468750001 0.48880256875 0.898721459375 0.47979055312499996 0.8985869843750001 0.465676321875 0.927842365625
1 0.5300300453125 0.9122070125 0.524699728125 0.9085921406249999 0.51852795 0.910779021875 0.514126440625 0.9151544265625 0.5088394 0.9455057046875 0.509260534375 0.9809967703125 0.52061861875 0.9806001375 0.5244556234375 0.9725459078125 0.530754134375 0.9511795390625 0.532437065625 0.9395760296875 0.5300300453125 0.9122070125
1 0.5567206171875 0.9243799875 0.5506895953125001 0.9457795687500001 0.54415361875 0.9797782765624999 0.563195903125 0.97911330625 0.5705712421875 0.9620290671875 0.5764564296875 0.9356895312500001 0.5737378546875 0.9284614250000001 0.5567206171875 0.9243799875
1 0.631637878125 0.9036576953125 0.6255877562500001 0.9009378296874999 0.6214829828124999 0.9009204078125 0.6133268578125 0.906306228125 0.598011040625 0.977897534375 0.6170606703125 0.97723230625 0.6213944578125 0.9683387859374999 0.631832059375 0.9282910640625 0.6352610890625 0.9090293703125001 0.631637878125 0.9036576953125
1 0.70484256875 0.9260350828125 0.6863900000000001 0.9636111890624999 0.6858416875 0.9748304203125 0.71309745 0.973878628125 0.7215435734375 0.9374600359375 0.7214074921875 0.9310447343750001 0.71262904375 0.9225721109375 0.70484256875 0.9260350828125
1 0.6714113140625 0.9076112125 0.6675642859375001 0.9091023421875001 0.659957565625 0.9258766312500001 0.6495979546874999 0.95412159375 0.6518461078125 0.976017571875 0.6718348078124999 0.9753195515625 0.6754958 0.9647195984374999 0.6842555406249999 0.9220026421874999 0.68013634375 0.9106631671875001 0.6714113140625 0.9076112125
1 0.7643958859375 0.9211240171874999 0.7575670718749999 0.9552213671875001 0.758270825 0.9723011390625 0.7763147406249999 0.97167103125 0.7847883421875 0.9275932296875 0.7799056656250001 0.9102527468750001 0.7778581531250001 0.9095063624999999 0.7643958859375 0.9211240171874999
1 0.809555096875 0.970510253125 0.8365063609375 0.96956909375 0.8381694828124999 0.95193918125 0.83349580625 0.94348398125 0.8245859515625 0.94139345 0.809555096875 0.970510253125
1 0.8989456390624999 0.8024774875 0.8815969515625 0.848557790625 0.8894313796875 0.8918583640625 0.8953064234375001 0.8940643078124999 0.9001505 0.8902360343750001 0.917329178125 0.8293690703125 0.9156029718750001 0.8070064265625 0.9040377062499999 0.8016331140625 0.8989456390624999 0.8024774875
1 0.8835481640625 0.7828472203125 0.8790398156249999 0.776381284375 0.8650281421875 0.776610471875 0.8549695500000001 0.8403301375 0.85824728125 0.8574713671874999 0.8637670999999999 0.872922209375 0.8651969656249999 0.8726075421875 0.8760135703125 0.8562317609375001 0.8819521781249999 0.8353128921874999 0.8850213046875 0.8164987046875 0.8861400109375 0.8092548140625 0.8856927656250001 0.7959102875 0.8835481640625 0.7828472203125
1 0.8445042828125 0.776523353125 0.8379094296874999 0.775212415625 0.82508430625 0.78494043125 0.8208383781249999 0.7927804453125 0.8139756421875 0.8185064343749999 0.836551296875 0.85920746875 0.843442884375 0.8561255796875 0.8468621671875001 0.838339234375 0.8486667562499999 0.8218289765625 0.84711095 0.7871828609375 0.8445042828125 0.776523353125
1 0.785408353125 0.7662334640624999 0.772160159375 0.7724636578124999 0.7698985734375 0.777104734375 0.7570048171875 0.824230303125 0.7578509609374999 0.83122594375 0.775217959375 0.863405359375 0.7820756234374999 0.8519521125 0.7851786734374999 0.8415092812499999 0.79112235 0.8063176734375 0.791647978125 0.7807892984375 0.79064625625 0.7703290468749999 0.785408353125 0.7662334640624999
1 0.720475978125 0.774906384375 0.7171054406249999 0.7853160031249999 0.7122753953125 0.8275364625 0.7200029828125001 0.8599956984375 0.7242001671875 0.859532409375 0.72564953125 0.856267053125 0.73598496875 0.818175384375 0.7378624734375 0.8041351078125001 0.7379455328125 0.778059603125 0.7349450421875 0.7594762390625001 0.720475978125 0.774906384375
1 0.6790246828125001 0.7682836359375 0.6759216343750001 0.7787264640625 0.669802878125 0.8134041515625 0.6706295234375 0.8233504843749999 0.67594501875 0.8427134421875 0.6948740796874999 0.8140558234374999 0.69910558125 0.7948937593750001 0.698653659375 0.7687518375 0.6861837625 0.76523495625 0.6790246828125001 0.7682836359375
1 0.5716201859375001 0.735754109375 0.56670319375 0.737112403125 0.5616352984375 0.74780348125 0.5606378578125 0.7772107593750001 0.5611970109375 0.7871238828125 0.5659580296875 0.8093711125 0.5735062578125001 0.80144889375 0.5771201140625 0.7812257796875001 0.5820133265625 0.7429506421875 0.5794503296875 0.73918715 0.5716201859375001 0.735754109375
1 0.6179689796875001 0.7439692546875001 0.60832956875 0.7442490734375 0.59962364375 0.7653165625 0.5842398046875 0.8111486171875001 0.5866951734375 0.8582110437500001 0.5909750234375 0.8587423890625001 0.60332365625 0.840095884375 0.6146268953125 0.804093109375 0.6214752078125 0.7670450718749999 0.6224285828125 0.7578119140624999 0.6216019390625 0.7478655828125 0.6179689796875001 0.7439692546875001
1 0.6469359531250001 0.7357530671875 0.6426366046875 0.7381724125 0.6379578578125 0.743989953125 0.6281815749999999 0.7919947421875 0.6286334984375 0.8181366640625001 0.6371834484375001 0.8206746984375 0.6557381796875 0.7811425359374999 0.6567742203125 0.7729040109375 0.6576839234375 0.756774840625 0.654518103125 0.736202209375 0.6469359531250001 0.7357530671875