1 0.19980067343750002 0.22184178124999998 0.1954735890625 0.217951575 0.1312294984375 0.22944943125 0.12458484843749999 0.233265546875 0.12240166718750001 0.23698724218749997 0.1245220015625 0.25139930312500003 0.1286196046875 0.2519251671875 0.15365199062499998 0.24793430625 0.185886603125 0.23579682968750001 0.2009873671875 0.227329903125 0.19980067343750002 0.22184178124999998
1 0.22488619999999998 0.289491259375 0.215184059375 0.2883795390625 0.1637467375 0.292316634375 0.15584034687499998 0.2949036609375 0.15123664375 0.301249425 0.15295735 0.30920720625000003 0.1804381671875 0.311933559375 0.2022036328125 0.3112585234375 0.22331642031249999 0.3075650203125 0.22875866406249998 0.3027942203125 0.22488619999999998 0.289491259375
1 0.21683674218750001 0.26378002500000003 0.203839775 0.25664284375 0.1858237578125 0.2539305859375 0.1585802796875 0.25230185625 0.1459078921875 0.2558779890625 0.14358247500000001 0.26585103125 0.144903546875 0.2673545296875 0.1539372953125 0.26998121875000003 0.189316646875 0.27238726875 0.20722970468750002 0.2700172765625 0.21453489062500003 0.26695290781250003 0.21683674218750001 0.26378002500000003
1 0.209750503125 0.325433225 0.1817792953125 0.325045059375 0.1566282421875 0.3284871078125 0.1494417234375 0.3321002875 0.1517714875 0.3382686875 0.1615687296875 0.346729378125 0.18887154374999998 0.348632515625 0.196168875 0.3478348671875 0.21717870156250002 0.3390591125 0.2187606828125 0.33486007500000003 0.209750503125 0.325433225
1 0.23160404843750002 0.368923484375 0.2248206734375 0.3605827828125 0.2183775953125 0.358421959375 0.201556128125 0.3589311046875 0.165492671875 0.3625734671875 0.15716308437499998 0.36550636875000003 0.157851534375 0.37559939999999997 0.1621192859375 0.37921520000000003 0.186348896875 0.380723940625 0.203898090625 0.3789742296875 0.228760328125 0.37189343125 0.23160404843750002 0.368923484375
1 0.2083918125 0.40436253593749993 0.2138933921875 0.39986614375 0.21348590625 0.39567858125 0.21108109531250002 0.3937692109375 0.20162415 0.391488396875 0.15548683593749998 0.3969060390625 0.1460735140625 0.39943306875 0.14351075468750002 0.4083084859375 0.14987093125 0.41699506406250003 0.1713990578125 0.41522240312500003 0.1932989046875 0.410562740625 0.2083918125 0.40436253593749993
1 0.219158465625 0.42882173124999995 0.203131915625 0.4260979984375 0.1629787125 0.426947778125 0.14735179375000002 0.43067832656249994 0.152122134375 0.445830659375 0.15663508125 0.448277365625 0.16869055156249999 0.44875732968750004 0.19070906875 0.44464647968750004 0.216781565625 0.4362536453125 0.21974395625 0.4338325125 0.219158465625 0.42882173124999995
1 0.16864341562500001 0.46235764843749994 0.15608184375 0.46874931249999996 0.159546821875 0.4778647109375 0.1642971046875 0.481409040625 0.1733308546875 0.484035734375 0.2192587421875 0.4868617515625 0.23963160156250002 0.47053408750000003 0.2327374125 0.4593778546875 0.22183286875000002 0.45731145 0.16864341562500001 0.46235764843749994
1 0.241779846875 0.494287434375 0.223467159375 0.49020314374999996 0.18105572812499998 0.49903365156249996 0.16789295312500002 0.5049479765625 0.171654603125 0.5154354062500001 0.1930483515625 0.517647371875 0.2320820515625 0.5093171562500001 0.2442282796875 0.501004646875 0.2442439921875 0.496471209375 0.241779846875 0.494287434375
1 0.19472977656249998 0.5369387484375 0.186400190625 0.53987165 0.17824074843749999 0.5458944890625 0.19514160625000002 0.5572677546875 0.20477655781249998 0.5603717875 0.2171287015625 0.5622237812499999 0.241931603125 0.554868578125 0.2377266984375 0.5331190218749999 0.2252480296875 0.5329849359375001 0.19472977656249998 0.5369387484375
1 0.20737942656250002 0.5747123796875 0.18409916875000001 0.5775941390625 0.1718421265625 0.583091115625 0.1708613484375 0.58776749375 0.18945499999999998 0.5977572546875 0.23388380937500003 0.59825655625 0.24262439531250002 0.5811030546875 0.2331159703125 0.5762811140624999 0.224260228125 0.574477640625 0.20737942656250002 0.5747123796875
1 0.2535018609375 0.6083777796875001 0.18951867656250002 0.614173103125 0.1756438890625 0.6167945546875 0.17395109375 0.618178059375 0.17295460468749999 0.627387878125 0.17914463281249998 0.6329845171875 0.24853078125 0.6337519921875 0.2553455796875 0.633025815625 0.2703948625 0.622017765625 0.2694455078125 0.6176272671875 0.2535018609375 0.6083777796875001
1 0.27463119062499997 0.6347004453125 0.26740105000000003 0.633505778125 0.233912553125 0.6421474468749999 0.197817675 0.6548566859375 0.1942898484375 0.66387504375 0.19825307187500002 0.668385534375 0.2273673484375 0.6694539749999999 0.23931200625 0.66711840625 0.2707237921875 0.6488725234375 0.2753868296875 0.6428011640625 0.27463119062499997 0.6347004453125
1 0.2001125015625 0.688500128125 0.1967862484375 0.6915415453125 0.2085651015625 0.7022574828125 0.21301871249999998 0.70442978125 0.253322009375 0.6950619375 0.2811544890625 0.683293284375 0.27653858750000004 0.6757643265625 0.2578620328125 0.672300321875 0.2001125015625 0.688500128125
1 0.19568763281249998 0.7302187171875001 0.199710190625 0.7350036140625 0.211140890625 0.74180639375 0.281800146875 0.723128078125 0.2827809265625 0.718451696875 0.2640607484375 0.7101798453125 0.20568995937499998 0.7142943078124999 0.1977600015625 0.723681490625 0.19568763281249998 0.7302187171875001
1 0.297151278125 0.7641831078125 0.3007227265625 0.7599725937499999 0.2990020203125 0.752014815625 0.241358959375 0.7548887125 0.215420840625 0.7592969171874999 0.20147100624999997 0.7661774 0.2000670296875 0.7711996546875 0.20186277968750002 0.7748984015625 0.20571518906250003 0.776593359375 0.224154403125 0.7789597406250001 0.2430840078125 0.7789879328125 0.276082115625 0.7726844546875 0.297151278125 0.7641831078125
1 0.30947283125 0.8096515859375 0.302408496875 0.7954054140625 0.29379794531250003 0.7924328453125 0.26553792187499997 0.7884059296875 0.247699909375 0.7865168890625001 0.24389897968750002 0.7873630578124999 0.231796375 0.8004834125 0.22906346875 0.8062688921875001 0.230867075 0.8077009171875 0.267915653125 0.8155236218749999 0.29559018593749997 0.8145397531249999 0.30530018281250004 0.8133847546874999 0.30947283125 0.8096515859375
1 0.32470612656250003 0.8847074078125001 0.3343725 0.8787445625 0.3361918171875 0.8756431499999999 0.33512379375 0.870703840625 0.30451829531249996 0.8650419625 0.27472776875 0.8677552109375 0.24975472031249998 0.8720204765625 0.2453726421875 0.8839973062500001 0.247821075 0.8907145203125 0.26119761874999997 0.8926979796875001 0.27838295 0.8915685515625 0.29894601249999997 0.88993883125 0.32470612656250003 0.8847074078125001
1 0.3276476265625 0.8361286625 0.327121471875 0.8313922874999999 0.324360653125 0.8278364843749999 0.3201443828125 0.8267618078125001 0.2563034359375 0.8263057843749999 0.25345971562499997 0.8292757312499999 0.25647007187500004 0.847803884375 0.2712191703125 0.8538319671875 0.3028290125 0.8480173046875 0.3174908640625 0.844429696875 0.3276476265625 0.8361286625
1 0.325141525 0.8982362546875 0.3126707109375 0.8958354484375001 0.2717304453125 0.8976513859375 0.255071271875 0.9035171890625 0.2530146125 0.905520978125 0.252575703125 0.9104002921875001 0.259224696875 0.9227256203125 0.3133949265625 0.9130030453125 0.3283613046875 0.908520746875 0.3321186140625 0.902866734375 0.325141525 0.8982362546875
1 0.3590158390625 1 0.3599972125 0.9995547453125001 0.3589370453125 0.9923487140624999 0.3396313796875 0.97906608125 0.29107354218750003 0.9871077953125 0.2706649171875 0.996360890625 0.27165987343750003 1 0.3590158390625 1
1 0.40724968749999996 0.9854760953125 0.41489516875000004 0.9885916031249999 0.45264356406250006 0.98583245625 0.49112753906249995 0.9795660234374999 0.496443259375 0.9765131312499999 0.49597643593749996 0.9720511609375 0.43381608437499997 0.9563369109375 0.4183514609375 0.9654241171875 0.40724968749999996 0.9854760953125
1 0.4397915109375 0.919486159375 0.40133544531250004 0.9350938781250001 0.39810429375 0.945484265625 0.399112984375 0.9501491703125 0.40284672343750005 0.9512953171874999 0.42442633125 0.9520637796875 0.450364446875 0.947655575 0.4653386828125 0.940906559375 0.46735957343749995 0.9318282046874999 0.4397915109375 0.919486159375
1 0.3943139 0.891105946875 0.3985301734375 0.8921806203125 0.4486778453125 0.8776731515625 0.452858353125 0.8716732609375001 0.430428003125 0.8554551046875 0.3767795875 0.8537726125 0.364736315625 0.8671673734375 0.3943139 0.891105946875
1 0.39244495156250003 0.804158859375 0.39054273125 0.813786025 0.3977178796875 0.8308477265624999 0.45756769375 0.8174519765625 0.46140004687499997 0.8075389312500001 0.45514282812499995 0.8039346046875 0.43676295 0.8018426296875001 0.401553746875 0.80252651875 0.39244495156250003 0.804158859375
1 0.4438456765625 0.7585975921875 0.44590233437500004 0.7565938046875 0.4420734921875 0.7480986875 0.43381895156250005 0.7467725578125 0.40529016718750005 0.750714896875 0.3664780921875 0.7646761765625001 0.3625506375 0.7672402515625001 0.36360295 0.776713 0.36997098125 0.7831328578125001 0.39187083125 0.7784731953125 0.4212617234375 0.7693056671875 0.4438456765625 0.7585975921875
1 0.4225461984375 0.7291849921875 0.4053329578125 0.7209731359375 0.3974422796875 0.7190267218749999 0.3315289640625 0.7251079265625 0.3260352421875 0.7273376 0.3202055640625 0.739528840625 0.32699679375 0.745602821875 0.3417022703125 0.7468230578124999 0.37673346875 0.7453159484375 0.422878640625 0.7376315875 0.42488381718749996 0.733086675 0.4225461984375 0.7291849921875
1 0.338686740625 0.67760385625 0.32684504062499997 0.6850216765625 0.32555973125 0.69059274375 0.3280674984375 0.6975843640625 0.3452214078125 0.7055218140624999 0.3872532625 0.7018450281249999 0.409034440625 0.6966365531250001 0.4198674515625 0.684553828125 0.391504471875 0.6754446625 0.338686740625 0.67760385625
1 0.3827822765625 0.6351069546875 0.329667871875 0.6358941203125 0.31658014375 0.6375494109375001 0.3107661796875 0.6452072109375 0.3126134109375 0.6514470828125 0.325254371875 0.656937828125 0.3728671984375 0.6606470578125 0.40441770625 0.6545579906250001 0.412264759375 0.651696559375 0.4132970171875 0.6495613062500001 0.3827822765625 0.6351069546875
1 0.3973446828125 0.6080289343749999 0.3959049390625 0.6059766265625 0.389402528125 0.60354139375 0.36679851874999997 0.6026414625000001 0.329406134375 0.6070470484375 0.31528615000000004 0.6108375921875 0.3179640640625 0.62091915 0.3350150140625 0.6237743499999999 0.36136061875 0.62355370625 0.38614780937500004 0.6207319421874999 0.3947976359375 0.6123709125000001 0.3973446828125 0.6080289343749999
1 0.38052238437499997 0.5739884734375 0.37287690156250003 0.5708729640625 0.350992765625 0.5709991890625 0.3426116984375 0.5713909640625 0.3298799796875 0.574692690625 0.288461525 0.5927215421875001 0.3041599765625 0.6031401234375 0.323401965625 0.6000069078125 0.367988725 0.5897214234375 0.37977894375 0.5797624781249999 0.38052238437499997 0.5739884734375
1 0.3568023859375 0.54719994375 0.3363222265625 0.542303909375 0.329507428125 0.5430300875 0.2864040359375 0.5601757265625 0.28716753125 0.566009725 0.2923846375 0.5740160249999999 0.32470649687500003 0.5714942375 0.3416544890625 0.5692671859375 0.35378500625 0.5654881140625 0.362035203125 0.550672803125 0.3568023859375 0.54719994375
1 0.37173651093750004 0.51723491875 0.36987356875 0.5155284859375 0.3515530265625 0.51371091875 0.2951795578125 0.5155471828125 0.2873089359375 0.5252087734375 0.2893106015625 0.5390720234375 0.29159674375 0.540432578125 0.30123169375000003 0.5435366125 0.352506725 0.534242859375 0.3714162703125 0.522663046875 0.37173651093750004 0.51723491875
1 0.34580541875000004 0.4848267984375 0.3421903484375 0.4842294671875 0.2896614359375 0.4900274109375 0.27318026406249996 0.49671643125 0.2721244390625 0.5056518453125001 0.27620633125 0.5107111468750001 0.3037621953125 0.50917846875 0.326619253125 0.5066425859375 0.3316897796875 0.5047587874999999 0.345952 0.49471689531249996 0.34580541875000004 0.4848267984375
1 0.3254945765625 0.4484711 0.2929947125 0.45016966875 0.2769445953125 0.45424609374999997 0.267151696875 0.46192684375 0.2673139890625 0.467283503125 0.2940670796875 0.47125042187500005 0.334694959375 0.47259589375 0.33867389375 0.4725729421875 0.3574132921875 0.45790319375 0.34653231562500003 0.4490366296875 0.3254945765625 0.4484711
1 0.34961254375 0.41261469999999995 0.33988249062500003 0.40216169687500003 0.32801287968750004 0.40023823125 0.3241526140625 0.4008099921875 0.26923894531250003 0.416306575 0.2707223109375 0.4231667265625 0.2865315796875 0.4364008390625 0.33732407656249996 0.42717855625 0.3455349953125 0.4236968421875 0.34983416875 0.41824576406249997 0.34961254375 0.41261469999999995
1 0.3093712625 0.369299184375 0.28216355000000004 0.37474501875 0.279616503125 0.379086996875 0.2792805515625 0.3890485640625 0.295951925 0.397057484375 0.36006948906249997 0.3872775359375 0.360449065625 0.38212381406249996 0.347289803125 0.369629975 0.34096539375 0.3680179625 0.3093712625 0.369299184375
1 0.2833572671875 0.3434168171875 0.2674851546875 0.34831646250000003 0.2713419078125 0.3661528625 0.32433764374999996 0.3648168875 0.349021875 0.3569128703125 0.3501213234375 0.352785303125 0.34512149999999997 0.3342686265625 0.3087535171875 0.3388056765625 0.2833572671875 0.3434168171875
1 0.34812316875 0.32051389218750004 0.34340430781250003 0.307902684375 0.3155439140625 0.3103300515625 0.279472603125 0.31623913125 0.2698062296875 0.3222019765625 0.2686553046875 0.32378841875000003 0.2730260140625 0.33248647187499997 0.2819847140625 0.33937219375 0.3007363125 0.33857716875 0.3182261734375 0.336553053125 0.3476092125 0.329652240625 0.34812316875 0.32051389218750004
1 0.338309384375 0.282037034375 0.336157625 0.2766918515625 0.32551398593749997 0.2689229125 0.286733334375 0.273817315625 0.270082015625 0.2774163984375 0.267408446875 0.283476284375 0.2730766609375 0.300477990625 0.27548146875 0.302387359375 0.330379428125 0.29142421875 0.33509394375 0.2878939828125 0.338309384375 0.282037034375
1 0.30295276875 0.23828122187499998 0.29374101874999997 0.23483131093749998 0.26504993906249996 0.2334169921875 0.2517842078125 0.23424906406249998 0.24315794687499998 0.23580993437500003 0.23591209531250001 0.2391487078125 0.2394049828125 0.2576053921875 0.2583110203125 0.2644337421875 0.3044204234375 0.24967481406249997 0.30943947031249996 0.24524989062500002 0.30295276875 0.23828122187499998
1 0.2524002890625 0.1956433625 0.2481761625 0.1968354078125 0.2369120953125 0.2115307265625 0.24271469375 0.2245478078125 0.2557116640625 0.2316849875 0.2645159265625 0.2309473359375 0.31132514843750003 0.205606559375 0.3102056453125 0.1981261234375 0.29279868593749997 0.1936244875 0.2524002890625 0.1956433625
1 0.3649578515625 0.2118224921875 0.4044662296875 0.205687525 0.4128630078125 0.200762309375 0.4330456640625 0.16973670624999998 0.4257204203125 0.16119306875 0.3643915859375 0.1838701078125 0.36199111875 0.1981021828125 0.3649578515625 0.2118224921875
1 0.4509996625 0.22513232656249998 0.44733311562500006 0.22199386875 0.433541228125 0.21808956406250002 0.3985021734375 0.2218633921875 0.36321006875 0.22907303437499998 0.352096096875 0.23525028906249998 0.3545209609375 0.24876765937499998 0.3601769765625 0.25189464375 0.3690405765625 0.2514313984375 0.417412553125 0.2448331859375 0.4506200890625 0.230286046875 0.4509996625 0.22513232656249998
1 0.44311767343749997 0.25546879843750003 0.39427102187499996 0.2598717625 0.3835209109375 0.2654287359375 0.3811797796875 0.2799352140625 0.39122221874999996 0.28722681250000004 0.41447105000000006 0.2934119296875 0.46379589374999997 0.272796053125 0.46473304843749996 0.2633118296875 0.4618535625 0.2592072109375 0.44311767343749997 0.25546879843750003
1 0.46448868593750003 0.299030528125 0.4242246703125 0.29706477656249997 0.3982865515625 0.3014729828125 0.39043949843750003 0.3043344125 0.3891821015625 0.3192467671875 0.3970134453125 0.32091877343749997 0.415943046875 0.3209469671875 0.4380802359375 0.31738492812499997 0.46137620312500005 0.30996973125 0.466343771875 0.3030036796875 0.46448868593750003 0.299030528125
1 0.4450852375 0.33135669375 0.4123244671875 0.338757796875 0.4000080890625 0.343980365625 0.39696279843750004 0.3529272546875 0.40177241874999997 0.356745990625 0.42937190468750003 0.3600211578125 0.466728521875 0.348541009375 0.46848065156249996 0.3474319078125 0.4665819421875 0.3386509109375 0.4450852375 0.33135669375
1 0.4836023 0.3851225921875 0.48367734531249995 0.3808635609375 0.458565571875 0.372972009375 0.44620557187500004 0.3733867359375 0.4065628125 0.3835063296875 0.4030506984375 0.3879912484375 0.40837076406249995 0.40107979687500006 0.41059756875 0.402165946875 0.4552200953125 0.3989550296875 0.463965025 0.39794297031250003 0.4798449921875 0.39077660625 0.4836023 0.3851225921875
1 0.395841446875 0.432954190625 0.3997889578125 0.44199811875000006 0.4030994984375 0.443490140625 0.458116125 0.4330758140625 0.47610423125 0.4264467859375 0.44038458125 0.4178608625 0.4109500640625 0.42222054687500005 0.4022566140625 0.42577373124999995 0.395841446875 0.432954190625
1 0.4902765234375 0.459746975 0.454956509375 0.45761533125 0.42420877343749996 0.45820480156250004 0.4071935890625 0.46242416718749996 0.40343628125000003 0.46807817968750004 0.411457828125 0.4844481296875 0.4468528921875 0.4823207390625 0.45511528749999997 0.48138015 0.48596163593749997 0.46973149062499997 0.49092920468749995 0.46276544062499997 0.4902765234375 0.459746975
1 0.41616883437499996 0.49932605781249995 0.4129019171875 0.50264188125 0.41329369062500004 0.511362884375 0.4176801125 0.515527496875 0.4485543734375 0.5132201203125 0.483059415625 0.5069766375 0.490075784375 0.5002735203124999 0.45850521874999994 0.49475458281250007 0.43161774687500004 0.494772290625 0.41616883437499996 0.49932605781249995
1 0.46608082968750003 0.5528201734375 0.46778148125 0.5491699484375 0.469667990625 0.5440762203125 0.4676349 0.5392798515624999 0.46318128906249995 0.5371075515625 0.4387143375 0.5345011890625 0.42761607812499997 0.5361450046875 0.407207453125 0.5453981015625 0.40589857656249995 0.557769328125 0.419809134375 0.5622224421875 0.4608244453125 0.556147471875 0.46608082968750003 0.5528201734375
1 0.43197190625 0.5839261 0.43116913281249997 0.5894256999999999 0.45419282812499995 0.6083879171875 0.46040642343749993 0.6071843968749999 0.5044312578125 0.5850879734375 0.5052855109375 0.5821295 0.483472078125 0.5618552484375 0.47816421406250004 0.562641421875 0.43197190625 0.5839261
1 0.5238564265625001 0.633469025 0.530963553125 0.617973434375 0.530022053125 0.6113162156249999 0.5252045812499999 0.6097642 0.4701007078125 0.6105628359375 0.440887815625 0.6205535859375 0.43744289375 0.6230461921875 0.43422745625000003 0.6289031406250001 0.4451677671875 0.638044109375 0.4727593984375 0.6435859953125 0.5202335 0.635138409375 0.5238564265625001 0.633469025
1 0.557956478125 0.7266867953125 0.5759166687499999 0.7107164859374999 0.57347609375 0.701732553125 0.5491592359374999 0.690608121875 0.48896912812500004 0.697823996875 0.49628570156249996 0.711592628125 0.49381969843749995 0.720407178125 0.5006119328125 0.7154250249999999 0.49422204374999995 0.72631183125 0.485910315625 0.7121353140625 0.4968606359375 0.734320015625 0.5489584953125 0.7311346671875001 0.557956478125 0.7266867953125
1 0.549848515625 0.7352507609375001 0.4849718015625 0.7553381531250001 0.48447355625000005 0.7599430625 0.491605084375 0.7721969203125 0.5518824375 0.7745967359375 0.562074965625 0.7733702671875 0.59248591875 0.748192759375 0.5611841140625 0.73470456875 0.5585341109375 0.7339642953125 0.549848515625 0.7352507609375001
1 0.5869432109375 0.851530125 0.58364838125 0.8455046625 0.5802191703124999 0.8434638296875001 0.5569546265625 0.84181215 0.510662875 0.839606415625 0.501977278125 0.84089288125 0.5077484531249999 0.8629768390624999 0.5208204671875001 0.8658549875 0.5379464640625 0.864451153125 0.5592372546875 0.86158086875 0.58404015625 0.854225665625 0.5869432109375 0.851530125
1 0.5067695234375 0.780145846875 0.5035619390625 0.783736075 0.519146065625 0.8097472859374999 0.5261310109374999 0.812111046875 0.5437395406250001 0.8106357421875 0.5829512453125 0.80312874375 0.5902642890625 0.797797659375 0.5922694671875 0.79325274375 0.5850035578125 0.7849835140625 0.5067695234375 0.780145846875
1 0.5761738796875 0.8800286984374999 0.502860275 0.881825296875 0.48835285937500006 0.893036284375 0.4926048984375 0.9011855234375 0.502655190625 0.9062104 0.5210350703125 0.9083023765625 0.55178280625 0.9077129062499999 0.564870534375 0.9060576156250001 0.6088639453125 0.893028071875 0.6012498875000001 0.8808456843749999 0.5761738796875 0.8800286984374999
1 0.6056336265625 0.937968065625 0.6037349171875 0.9291870671875 0.5985771468750001 0.921455175 0.594360875 0.9203804999999999 0.532331390625 0.9190897828125 0.5198055874999999 0.9325560140625001 0.5222461625 0.941539946875 0.5298759328125 0.9491888953125001 0.5599631328125 0.9478476765625 0.5872816578125 0.945217375 0.6040001687500001 0.9396259765625 0.6056336265625 0.937968065625
1 0.6373272046875 0.9601772578125001 0.6356658328125 0.952493884375 0.61659750625 0.9403088765625001 0.612499903125 0.9397830140625001 0.5607344828125 0.95141495625 0.54515904375 0.95768663125 0.545645921875 0.9737566046874999 0.5536552671875 0.9762518312499999 0.571018603125 0.9759456203125 0.60539711875 0.971420046875 0.6300734968749999 0.96578275 0.6373272046875 0.9601772578125001
1 0.6399662187499999 1 0.64221415 0.9996670484375001 0.639978040625 0.9954671359375 0.6029530296875001 0.9808442765625 0.5957665125 0.98445745625 0.57850254375 1 0.6399662187499999 1
1 0.6845561124999999 0.9528987656250001 0.6855490875 0.9620971109375 0.6945357 0.97832411875 0.74503938125 0.9654630859375001 0.769011596875 0.9542661953125 0.765004753125 0.9449478609374999 0.7160272296875 0.9349272890625 0.7077055 0.935593471875 0.6845561124999999 0.9528987656250001
1 0.7394253234375 0.8980447359375001 0.6751533234375 0.9002013078125 0.66996413125 0.9015362921875001 0.6671125531250001 0.906772959375 0.6689641281250001 0.9291542749999999 0.6761270781250001 0.9323412546875 0.7110910875 0.9328264578125 0.7293601515625 0.9321029031249999 0.7673886750000001 0.90069961875 0.766126934375 0.8994705281250001 0.7394253234375 0.8980447359375001
1 0.6455364593749999 0.8875963328124999 0.6397338625 0.8745792515625 0.6367871859374999 0.8724669484375 0.6333265515625001 0.8794929921874999 0.6340150015625 0.8895860250000001 0.6414231453125 0.8916039078125 0.6455364593749999 0.8875963328124999
1 0.6451010609375001 0.874067484375 0.6484159453125 0.89170095 0.6860814375000001 0.8954675546875001 0.7085746312500001 0.893551953125 0.7246247484375 0.889475528125 0.7556491015625 0.8786500859374999 0.7536832015625 0.8718614015625 0.667372628125 0.8665208203124999 0.6451010609375001 0.874067484375
1 0.68761813125 0.8173614609375001 0.6380594625 0.8184715499999999 0.633946146875 0.8224791250000001 0.63766851875 0.844300153125 0.64025133125 0.847032740625 0.6520537515625 0.8509485187499999 0.6763505546874999 0.8504649437499999 0.72702438125 0.840693846875 0.73458261875 0.8341936656250001 0.74578735 0.8192239390625 0.68761813125 0.8173614609375001
1 0.7437098046874999 0.7750701171875 0.72831588125 0.7637568484374999 0.6759056375 0.7701036046875 0.6709145015625 0.7838698125 0.6729912140625001 0.7934740265625 0.6819656281250001 0.7958263140625 0.7069823000000001 0.79636889375 0.730321890625 0.7937615390625 0.7469810671875 0.7878957375 0.7469531546875 0.7785544546875001 0.7437098046874999 0.7750701171875
1 0.636894671875 0.7370840578125 0.6397584484375 0.7457221140625 0.6441448671875001 0.749886725 0.6844961296875 0.76146816875 0.7338523953125 0.731785415625 0.7300078421875 0.7278237375 0.6963369984375001 0.7195007437500001 0.6742155234375 0.7185293421875001 0.636894671875 0.7370840578125
1 0.6568521890625 0.7188355515625 0.678676990625 0.718434921875 0.6909855125 0.715479071875 0.7106978328125 0.6983996609374999 0.7113147484375 0.694343565625 0.7076639109375 0.6866716671875001 0.6701328015625 0.6789204359375 0.6611505328125 0.6788348703125 0.6568077359375 0.679478103125 0.6411651046875 0.6877420890625 0.62996823125 0.700445096875 0.6292326453125 0.7039523828124999 0.6361346906249999 0.7128418937500001 0.64763258125 0.7176523609375 0.6568521890625 0.7188355515625
1 0.644707809375 0.6396406859375 0.6316715609375 0.643837103125 0.5880620671875 0.6678543703125001 0.5939239984375 0.68114585625 0.60429453125 0.68074260625 0.6602605109375 0.6747187765625 0.6783672859375 0.6686385625 0.692858990625 0.6619610171875 0.6987715671875 0.643244021875 0.644707809375 0.6396406859375
1 0.6538751046875 0.603733146875 0.6171825359375 0.597556884375 0.6128397375 0.5982001140625 0.58228220625 0.613487525 0.575985709375 0.621216796875 0.5802298921875 0.6316327578125 0.6019639359375 0.6400246 0.634412321875 0.63578490625 0.65412464375 0.6187054937500001 0.6575180859375 0.613671765625 0.6538751046875 0.603733146875
1 0.582581559375 0.5619017875 0.567093365625 0.5777891546875 0.5700758109375 0.5869760234375 0.5754866328125 0.5912721015625 0.59451919375 0.5963825453125 0.6038574703124999 0.5981145484375 0.6121870578124999 0.5951816484375 0.6472531921875 0.5661994984375001 0.600027796875 0.5550698265625 0.582581559375 0.5619017875
1 0.6069612640625001 0.5548924625 0.63730936875 0.547848709375 0.6395518859375 0.5444014203124999 0.6351139875 0.5376956828125 0.607047678125 0.5299585453125 0.5932400796875 0.53058768125 0.5433376 0.543926059375 0.5403001671875 0.5506062265625 0.5447380671875 0.5573119640625 0.549674209375 0.5594127953125 0.56028208125 0.56010716875 0.586754209375 0.55816861875 0.6069612640625001 0.5548924625
1 0.6519817578125 0.48903661249999997 0.6469190874999999 0.4886536921875 0.58070124375 0.49562958437500004 0.5579392890625 0.5055144390625 0.554613034375 0.50855585625 0.5606686812499999 0.5181371203125 0.56898255625 0.5197376593749999 0.5832648328125 0.521303771875 0.6276343093750001 0.5215286671875 0.6315539078125 0.5212313125 0.6544380453125 0.49348710625000003 0.6519817578125 0.48903661249999997
1 0.6045225359375 0.45840115312499996 0.5508706078125 0.4751268234375 0.5465042421875 0.48257021718750004 0.5494273515625 0.49148267968750003 0.555261371875 0.49543288125 0.572929234375 0.49423198125 0.6105746703125 0.48639058281249997 0.6128049875 0.46906857031250004 0.6092806765625001 0.459678765625 0.6045225359375 0.45840115312499996
1 0.5689050156250001 0.42034787656250006 0.5428089515625001 0.43554086718749996 0.5400839000000001 0.439059628125 0.5415594125000001 0.4481865 0.5481647796875 0.4557039828125 0.6099962046875 0.4445634765625 0.6188118359375 0.4231509421875 0.6147299453125 0.418091640625 0.5904488546875 0.414041775 0.5689050156250001 0.42034787656250006
1 0.6084247609375 0.39353802656250003 0.5728595515625 0.3925754796875 0.5394068203125 0.40829171249999996 0.534988975 0.4131939765625 0.5388256734375 0.4194223734375 0.5485792921875 0.4230752203125 0.5877316609375 0.415293815625 0.6101969453125 0.40403693125 0.615105178125 0.3967964765625 0.6084247609375 0.39353802656250003
1 0.595993225 0.379803621875 0.6160100765625 0.361829525 0.6154245859375 0.3568187421875 0.58250938125 0.3565964703125 0.5696589921874999 0.359349384375 0.5579438156250001 0.3650492953125 0.5507494421875 0.37092919687500003 0.5473481453125 0.3782296453125 0.547747775 0.3846839296875 0.5514143234375 0.38782238593749996 0.5561131296874999 0.3888255921875 0.5839220421875 0.3838570984375 0.595993225 0.379803621875
1 0.57871630625 0.3551759171875 0.592057084375 0.3500848125 0.5980490515625 0.3432502296875 0.596854503125 0.340028825 0.5753499421875 0.335001328125 0.5664270078125 0.3351901671875 0.538685284375 0.3381663453125 0.52770569375 0.3403589734375 0.5181065109375 0.34432950625 0.5174738859375 0.352919040625 0.5193883046875001 0.3571666 0.5387332515625001 0.359115634375 0.5609812515625 0.3583691296875 0.57871630625 0.3551759171875
1 0.588393215625 0.2939885859375 0.5871786109375 0.279159178125 0.5829030046875 0.277810096875 0.5523926078125 0.279497190625 0.535800621875 0.28337068125 0.5162383937499999 0.29193202500000004 0.511219346875 0.29635694687499997 0.52168498125 0.3033026671875 0.533784075 0.3085904765625 0.538423546875 0.309319275 0.553508596875 0.30538578906249997 0.588393215625 0.2939885859375
1 0.5190699140625 0.2750873546875 0.5248603109375 0.2742297109375 0.5655074140624999 0.252633578125 0.5558166421874999 0.230846975 0.5173169546875 0.2416468484375 0.50529725 0.24824145 0.5008322703125 0.26674403281250003 0.5190699140625 0.2750873546875
1 0.526291365625 0.243999134375 0.527715396875 0.25058488125 0.53939129375 0.256218565625 0.565084215625 0.25297945624999996 0.580058453125 0.2462304390625 0.57856723125 0.2416370046875 0.5558166421874999 0.230846975 0.5351113421875 0.2387280421875 0.526291365625 0.243999134375
1 0.5024405 0.2027870671875 0.5078635203124999 0.22095786875 0.5310093953125 0.22206073750000002 0.5580905828125 0.21833280937500002 0.5828847968749999 0.17869471875 0.57879505 0.1759021375 0.5452472187499999 0.1842694 0.5211048515625001 0.19237635 0.5024405 0.2027870671875
1 0.48580405937500004 0.16730310625 0.48216107968750005 0.1573644890625 0.4769561734375 0.1632329140625 0.48042115 0.1723483125 0.485052765625 0.1753438296875 0.486982896875 0.1750579484375 0.48580405937500004 0.16730310625
1 0.5304379531250001 0.1434173046875 0.501173584375 0.150866928125 0.4952566640625 0.153442478125 0.49422440625 0.15557773125000002 0.49452542343749994 0.17309120625000002 0.53939314375 0.1687111921875 0.5758955078125 0.160189515625 0.57970429375 0.157076628125 0.576373696875 0.143976603125 0.5304379531250001 0.1434173046875
1 0.688028209375 0.10761531093750001 0.6594758546875 0.11835780781250001 0.6473811046875 0.1292114421875 0.6641554375000001 0.142302615625 0.6809018578125 0.1460525 0.7293366812500001 0.12132053125 0.730451840625 0.1126595265625 0.7250802984375 0.0970298484375 0.7211013640624999 0.0970527984375 0.688028209375 0.10761531093750001
1 0.7342831765625 0.224803459375 0.7402672875 0.2202355953125 0.747892715625 0.2117431 0.7395352171875 0.20533471718750002 0.722543603125 0.20275392499999997 0.685835321875 0.20111109843750002 0.6656125562499999 0.20892069375000002 0.65544008125 0.2217551671875 0.6581537625 0.238911290625 0.6597793671875001 0.23952009843750002 0.7269779890625 0.2278678265625 0.7342831765625 0.224803459375
1 0.7396468640625 0.24269985468750002 0.7048451453125 0.2475713078125 0.6671325218749999 0.25740501875 0.661287134375 0.2741297 0.67135748125 0.2907625796875 0.7071478296875 0.2789480296875 0.73873761875 0.26152536406250004 0.7433928015625 0.25772072343749997 0.744887534375 0.243905996875 0.7396468640625 0.24269985468750002
1 0.7050161265625 0.2852108515625 0.7001907953125001 0.285925553125 0.671919403125 0.30257351875 0.6692301203125 0.31316684375000003 0.677089375 0.3241801359375 0.7364487984375 0.313122578125 0.7569760921875 0.30441829062500003 0.7628415359375 0.2993016140625 0.76050391875 0.295399934375 0.7050161265625 0.2852108515625
1 0.7098981109375 0.33772832343750003 0.698345228125 0.3487848921875 0.7016915375 0.357351478125 0.7069836890625 0.36109874531249997 0.7258382453125 0.36538597031250003 0.7315693078125001 0.36425392031250003 0.7751430328125 0.3331620890625 0.7528592656249999 0.32683402968749997 0.727047675 0.329524328125 0.7098981109375 0.33772832343750003
1 0.76675494375 0.370370190625 0.7656790640625 0.36769759999999996 0.7589986468750001 0.36443915 0.7517685078125 0.363244484375 0.7305963859375 0.36666358125 0.707715759375 0.375999621875 0.690684865625 0.384752428125 0.6836091609375 0.3911811390625 0.6936358859375 0.4030061765625 0.7028633484375 0.401922646875 0.7524019625 0.389204553125 0.76675494375 0.370370190625
1 0.7663447765625 0.41914039531249997 0.7088003265625 0.41095509999999996 0.7049400625 0.41152686093749996 0.67957958125 0.42321256875 0.677194828125 0.43291120625 0.68227755 0.44490212968750004 0.6858926203125 0.44549946250000005 0.7262081171875 0.450006340625 0.730491578125 0.44908870156249997 0.7710793484375 0.427218165625 0.7663447765625 0.41914039531249997
1 0.7847813109375 0.4744645453125 0.7979161734375 0.45920893749999997 0.7967888140625 0.4539952203125 0.7903021140625001 0.4470265515625 0.786865046875 0.44725243593749997 0.751608709375 0.46153664375 0.7390471390625 0.46792830937499996 0.726841575 0.4759664109375 0.726402665625 0.4808457265625 0.740289653125 0.49209899999999995 0.7520563078125 0.4889402140625 0.7847813109375 0.4744645453125
1 0.8055074953125001 0.512741090625 0.8110762656249999 0.50625238125 0.790892778125 0.5027283812500001 0.7691273125 0.503403415625 0.7173776046875 0.5105019203125 0.701378965625 0.5171194734375 0.698163528125 0.5229764218749999 0.7058526328125 0.530899775 0.7252054343750001 0.5305820906250001 0.7407058265625001 0.52856945 0.7940968500000001 0.5175463125 0.8055074953125001 0.512741090625
1 0.782659125 0.5475598578125 0.743826996875 0.549913134375 0.7096264828125001 0.555261928125 0.71018055 0.5693395890625 0.7199935046875 0.5732668390625 0.7312619125 0.5747129625 0.7964710687500001 0.5630721656250001 0.8014822578125 0.5609139609375 0.8020555500000001 0.5520500187499999 0.782659125 0.5475598578125
1 0.8571364109375 0.0882317859375 0.8053631343750001 0.10213045000000001 0.7963494453125 0.1111117609375 0.79738604375 0.12511795 0.8015429828125 0.1259182203125 0.8148601921875 0.127627271875 0.849788434375 0.1210379125 0.8571529546875001 0.118247953125 0.8836879296875001 0.0981756453125 0.8571364109375 0.0882317859375
1 0.89902335 0.1437641140625 0.9032553343749999 0.14030535 0.88834394375 0.1289206109375 0.8753312624999999 0.1263168703125 0.8559191265624999 0.126360146875 0.8419850015625 0.128707190625 0.8241827562499999 0.133892715625 0.8221854343749999 0.13617090781250002 0.8183452265625 0.14835067500000002 0.8256189890625001 0.1543531875 0.8312235250000001 0.1549390453125 0.8754821875 0.1523484078125 0.89902335 0.1437641140625
1 0.899680375 0.162924025 0.8962747312499999 0.1540830328125 0.8326475562500001 0.1615247921875 0.82902463125 0.1631941796875 0.8232464343749999 0.17792654531250002 0.82395059375 0.1834861390625 0.8406577343749999 0.198569625 0.8451192031250001 0.198475203125 0.8688977031249999 0.1909885359375 0.892877778125 0.17752492656250002 0.899680375 0.162924025
1 0.8676403078125 0.2059008875 0.8547305859375 0.20837939687499998 0.839882871875 0.21341050625000002 0.82266611875 0.2236068140625 0.8361656765625 0.242280528125 0.8762002078125001 0.24088193593749999 0.9132915781250001 0.218962878125 0.92208364375 0.204350503125 0.9157592328125 0.2027384890625 0.8676403078125 0.2059008875
1 0.8858194484374999 0.2485194078125 0.86963495 0.2565804625 0.8536206 0.2677314515625 0.8512515593750001 0.27289664999999996 0.8720563046875001 0.2885059953125 0.9152390859375 0.28324276875 0.9381075125 0.2600320046875 0.9102584874999999 0.2417844875 0.898195159375 0.24357124375 0.8858194484374999 0.2485194078125
1 0.935055196875 0.30579521718749997 0.9318118453125 0.30231088125 0.88657591875 0.29116973437500004 0.848016896875 0.3016952 0.8412535765625 0.304962503125 0.8330941390625 0.310985340625 0.8344946015625 0.3243712484375 0.8364762140625001 0.3266264921875 0.8701906812500001 0.33975733125 0.8748894859374999 0.3407605359375 0.9382671234375 0.318346428125 0.935055196875 0.30579521718749997
1 0.9557421015625 0.35540535625 0.9418114890625 0.3393442375 0.9315081484375 0.33775517499999996 0.9227632171875 0.3387672328125 0.8545838171875 0.355095884375 0.853986959375 0.37075998593750004 0.888108915625 0.3880783875 0.893958646875 0.38749515 0.9383316328125 0.3693118828125 0.9550143765625 0.356645921875 0.9557421015625 0.35540535625
1 0.9692695718750001 0.38342035625 0.9263712625 0.37618089062500004 0.9181682015625 0.377395884375 0.8812347828125 0.388530159375 0.8793482734375001 0.393623884375 0.8831614015625 0.406652440625 0.8993423875 0.41699955 0.91001745 0.4157016109375 0.9467650093750001 0.40601083750000005 0.9694912 0.3890514203125 0.9692695718750001 0.38342035625
1 0.919450828125 0.4247825859375 0.89530060625 0.43515625625 0.8915433015625001 0.44081027031250003 0.8929516203125001 0.4519294578125 0.9165128390625 0.4549531671875 0.9459316453125 0.4551269203125 0.9615978421875001 0.440062775 0.959149409375 0.4333455609375 0.924276159375 0.42406788281249996 0.919450828125 0.4247825859375
1 0.9785623765624999 0.4678518875 0.975928084375 0.462578175 0.9212159874999999 0.47209781562500003 0.8910973656250001 0.48250590937500004 0.888372315625 0.4860246703125 0.8906785125000001 0.4989932296875 0.9269042578125 0.5007075265625 0.9361910546875001 0.499898403125 0.956947834375 0.4945584625 0.9642608765625 0.489227378125 0.9785623765624999 0.4678518875
1 0.9035847218749999 0.514922884375 0.9045776999999999 0.5241212265625 0.910759871875 0.5319845859375001 0.9626875828125 0.5257093 0.982193990625 0.4984653875 0.9817865046875 0.494277825 0.947957709375 0.496739615625 0.9321449328125 0.501913665625 0.9035847218749999 0.514922884375
1 1 0.549434171875 0.9542951499999999 0.546775959375 0.923776896875 0.550729771875 0.9197229171875 0.555011753125 0.918073746875 0.5612031046875 0.9222743078125 0.5668112187500001 0.9504749968749999 0.570563728125 0.962174459375 0.569397253125 0.983413771875 0.5639858421875 1 0.556540059375 1 0.549434171875
1 1 0.58333515625 0.9585480203125 0.5894748046875 0.937249375 0.5946118078125 0.9430362593750001 0.6121623281249999 0.9506817421875 0.6152778375 0.9770430578125 0.6105237546875 1 0.6013293281250001 1 0.58333515625
1 1 0.6385588734375001 0.9241511109375 0.6514915859375 0.91942088125 0.659555259375 0.91982836875 0.6637428234375 0.923182534375 0.6700426890625 0.9290165531250001 0.673992890625 0.9483772109374999 0.6714084859375 0.988316640625 0.662660925 1 0.65727741875 1 0.6385588734375001
1 1 0.7287053453125 0.9896550921875 0.7287301921875 0.9530026328125001 0.7457699359375 0.9502025359375 0.753547728125 0.9596952484375001 0.762903109375 0.9662648515625 0.7633460265625 1 0.7569653609375 1 0.7287053453125
1 1 0.6942239 0.976463575 0.6907536265625 0.9485796140625 0.699981153125 0.9321577781249999 0.7069445812499999 0.9309989968749999 0.710797740625 0.93494650625 0.71984166875 0.9469269312499999 0.7245806671875 0.9897537046875 0.7176710015625 1 0.71451326875 1 0.6942239
1 1 0.8019910203125 0.9878374359375 0.800930815625 0.953636921875 0.806279609375 0.9430412499999999 0.819459959375 0.9439984609375 0.821583740625 0.9621846234375001 0.8273859359375001 1 0.8217849218750001 1 0.8019910203125
1 0.8447692890624999 0.943045365625 0.8513589484375 0.9550962875 0.8743782984375 0.9579170625 0.934955840625 0.9432807453125 0.9384086171874999 0.9385214218750001 0.9355963218750001 0.932424490625 0.8905977328124999 0.92238096875 0.8451488656249999 0.9378916437499999 0.8447692890624999 0.943045365625
1 0.897910775 0.9170498828125 0.9136205953125 0.90679358125 0.91380645625 0.9053500781249999 0.8974910890625001 0.8989875968750001 0.8796609328124999 0.8948318359374999 0.8154918906249999 0.9020706593750001 0.816587825 0.9163512546874999 0.8236242484374999 0.92125614375 0.8371787984375001 0.9240628187500001 0.8508598718749999 0.9251515906250001 0.858157203125 0.9243539437500001 0.8770946625 0.9221154171875 0.897910775 0.9170498828125
1 0.827823146875 0.8577650453125001 0.82021343125 0.8617241015625 0.8114885578125 0.8743441625000001 0.81345445625 0.881132846875 0.8245963406250001 0.8842968765625001 0.8601536937500001 0.88752614375 0.8768564921875001 0.8864681859375001 0.8947102171875001 0.8838237859375001 0.8972057843749999 0.8769406828124999 0.853464590625 0.8519848078125 0.827823146875 0.8577650453125001
1 0.8956736187500001 0.8145816343750001 0.8611363203125 0.7953423890625 0.85390618125 0.794147725 0.8069660921875 0.805064965625 0.802437434375 0.8071516984375 0.7973276296875 0.8203690953124999 0.802010725 0.8259057375 0.8127966000000001 0.8274233296875 0.8388376750000001 0.8280973765624999 0.8742405921874999 0.823703265625 0.88461898125 0.8210332953125 0.8956736187500001 0.8145816343750001
1 0.88694708125 0.7581024859375 0.853038896875 0.74868186875 0.810346503125 0.7516069062499999 0.8000274484375 0.75455128125 0.785630846875 0.7685778 0.8049086031250001 0.7725191484375 0.8315508796875 0.7736705359375 0.8457223421875 0.7724211171875 0.8836723078125001 0.7636850296875 0.8868720343750001 0.7623615187499999 0.88694708125 0.7581024859375
1 0.799702034375 0.7092883609375 0.7893236453125 0.71195833125 0.7868874109374999 0.719115840625 0.79166560625 0.73200145625 0.8184265546875 0.73370165625 0.8376092078124999 0.730294034375 0.8651013937500001 0.7123455062499999 0.8448070921875 0.706005971875 0.8345630828124999 0.704691315625 0.799702034375 0.7092883609375
1 0.7872086703125001 0.5916307359374999 0.757247996875 0.59125404375 0.7468024171875001 0.5959163281250001 0.745880971875 0.6008671156250001 0.7501330140625 0.6090163546875 0.7542227609375 0.6118089343750001 0.792876884375 0.6086324421875 0.8132026078125 0.605905096875 0.8205828421874999 0.598581696875 0.79739334375 0.5926709859375 0.7872086703125001 0.5916307359374999
1 0.8734171187499999 0.6264386703125 0.8724677625 0.622048171875 0.824135065625 0.6173127875 0.7787533890625 0.6308311468750001 0.7580480890625 0.6387122140625 0.7586772046875 0.6485308421875 0.7630042890625 0.6524210484374999 0.7732482968750001 0.653735703125 0.7825944296875 0.6532009875 0.8198088109375 0.6479721859375001 0.8555319703125001 0.638149946875 0.8734171187499999 0.6264386703125
1 0.8087306062499999 0.6612240046875 0.7605959671875 0.6689198421875 0.7550943875 0.6734162359375 0.753029875 0.6776867453125 0.7542087109375 0.6854415859375 0.77553526875 0.6896458671875 0.7919335375000001 0.6894825984375 0.80025526875 0.6888164156250001 0.8388971953125001 0.6717651984375 0.8354915515625001 0.66292420625 0.8087306062499999 0.6612240046875