1 0.6699849812500001 0.8409938546875001 0.6731199625000001 0.8449483656250001 0.7322276640625 0.8428663015625 0.738817578125 0.8403449765625 0.7414304390625001 0.8373502046875 0.7421627640625 0.8244344781249999 0.7386211859375 0.8234619015625 0.7156789125 0.8238437125000001 0.6848662875 0.8304787609375 0.66992721875 0.8360282421875 0.6699849812500001 0.8409938546875001
1 0.6599908578125 0.778481084375 0.668400659375 0.7806668171875 0.7147697828124999 0.7836248328125001 0.7222566453125 0.782339778125 0.7274939203125 0.7773433515625 0.727410165625 0.770143215625 0.7035131812500001 0.76432315 0.6840720515625 0.7622016125 0.6646626906249999 0.7628111640624999 0.6589668343749999 0.7663204734375 0.6599908578125 0.778481084375
1 0.6624714953125 0.8020548968749999 0.6727127375 0.8099408109375 0.6882114703125 0.8145682640624999 0.7120968999999999 0.81939520625 0.72399340625 0.8178361890625 0.7278664874999999 0.809371540625 0.7269666531250001 0.8078869937500001 0.7194249171875 0.8044547203124999 0.68845921875 0.7979308984375 0.672129965625 0.79777763125 0.665090134375 0.7995566828125 0.6624714953125 0.8020548968749999
1 0.6799448140625 0.7488175765625 0.7047011984375 0.7526462609375 0.72764925 0.7527610109375 0.73468330625 0.7504853984375 0.733734371875 0.7447800828125 0.7265732375 0.73613135 0.7026849187499999 0.7310561265625 0.6960632343750001 0.7308463640625 0.6758233546875 0.7359301 0.6736575218749999 0.7394188671874999 0.6799448140625 0.7488175765625
1 0.6684369453125 0.7079154859375001 0.6729447859375 0.7160830640625 0.6782715921875 0.7187833359375 0.6932944156249999 0.7204339890625 0.7259644749999999 0.721733646875 0.7338897015625 0.7201977421875 0.7351094875 0.7112519390625 0.73197739375 0.7075457046875 0.7107452578125 0.7031999156250001 0.69485148125 0.70254751875 0.671499725 0.705662984375 0.6684369453125 0.7079154859375001
1 0.6954682796875 0.679700575 0.6897695374999999 0.6829616046875 0.6893716046875 0.6866883796875001 0.691159721875 0.6886643546875 0.6991398249999999 0.691845778125 0.741073309375 0.6928432265625 0.7498868203125 0.6917987484375 0.7537714531249999 0.6843272203125 0.74970198125 0.67590879375 0.7302724015625001 0.6747803796875 0.7099892 0.67613990625 0.6954682796875 0.679700575
1 0.6903487890625 0.6568870125 0.704079621875 0.66127645625 0.7398731093750001 0.6655375046875001 0.754420021875 0.6642113609375 0.7529345281250001 0.6503153546875 0.749372734375 0.6476048109375 0.738759553125 0.6456801984375 0.718470575 0.6465431640625 0.6938066109375 0.6506594546875 0.6907380562500001 0.65241539375 0.6903487890625 0.6568870125
1 0.74126844375 0.6337473250000001 0.7535773203125 0.629702934375 0.752155365625 0.6212691 0.7485820171875 0.617565434375 0.7410402796875 0.6141331609375 0.7007880515625 0.6059253046874999 0.67974364375 0.61771775 0.6838391109375 0.6283707015625 0.693142971875 0.6315444234375 0.74126844375 0.6337473250000001
1 0.6821456718750001 0.596598496875 0.697658846875 0.6024673515625001 0.7369043796875 0.6000042828125001 0.7496602859375 0.5964538859374999 0.748223890625 0.5867786484375 0.7296363859375 0.5821691718750001 0.693479621875 0.5846142640624999 0.6811909625 0.5903966203125 0.680354665625 0.5943742421875 0.6821456718750001 0.596598496875
1 0.7316433703125 0.5650249734375 0.739568596875 0.56348906875 0.7479033078125 0.5592195078125 0.73496545 0.5471282328125 0.7269766828125 0.5432019671874999 0.7163490640625 0.54003595 0.69300019375 0.543399696875 0.6927871015625 0.563016425 0.703838646875 0.5646901921875 0.7316433703125 0.5650249734375
1 0.727267753125 0.530288809375 0.74845368125 0.5306621125000001 0.7603299671875 0.5273651312500001 0.762048771875 0.5233823703125 0.7473574515625 0.5122944875 0.7080137234375 0.50631601875 0.6971441296875 0.5202839265625 0.7047089703125 0.52570244375 0.7122420421875 0.528389875 0.727267753125 0.530288809375
1 0.6924370093750001 0.4949849921875 0.7502787140625 0.49787624218750004 0.7630692765625 0.49730521093749996 0.7648227359375 0.49630181718750005 0.7673778375 0.48834143281250003 0.762898878125 0.482656659375 0.7014520578125001 0.473330659375 0.6952716265625 0.4731183296875 0.6799173 0.480904903125 0.679963509375 0.484877390625 0.6924370093750001 0.4949849921875
1 0.678457796875 0.4692434203125 0.684658446875 0.47119371250000003 0.715949871875 0.4677837453125 0.750292525 0.46112815312500005 0.7550596640625 0.453651490625 0.752360159375 0.4491978484375 0.7267126046875 0.44462945937500004 0.715687053125 0.4451902171875 0.6844967109375 0.4572900046875 0.6792565484375 0.46203815 0.678457796875 0.4692434203125
1 0.7543584796875 0.43130880937500005 0.7578625125 0.42905374375000005 0.7493516265625 0.41817818906250004 0.7457927171875001 0.4157159265625 0.7083208609375 0.41891356718750006 0.6814823999999999 0.4257737828125 0.684213675 0.43295851250000006 0.7001623265625 0.4383282390625 0.7543584796875 0.43130880937500005
1 0.7658535359374999 0.3952387984375 0.76315114375 0.3905368765625 0.7542394359375 0.3831398171875 0.688135225 0.39072514062499997 0.6864164234375 0.394707903125 0.7015316640625 0.404303534375 0.7540869953125 0.4079704390625 0.7628283015624999 0.400718946875 0.7658535359374999 0.3952387984375
1 0.6819570500000001 0.352771603125 0.6780233203125 0.35602236249999997 0.678107075 0.3632224953125 0.7297914515625 0.3678876609375 0.75361334375 0.36725243125 0.7672430921875 0.362952059375 0.769400259375 0.3587184484375 0.76847731875 0.3552476578125 0.7653654421875 0.3532793890625 0.74942834375 0.348902784375 0.73263184375 0.346517559375 0.7021998203125001 0.3479361484375 0.6819570500000001 0.352771603125
1 0.6792684703125 0.31132159375 0.682954453125 0.3247082 0.690057825 0.32839131875 0.7144105015625 0.3354502203125 0.7299005703125 0.33933283125 0.73342770625 0.33906400625 0.7465497765625 0.32905574843749996 0.7500249250000001 0.32431787500000003 0.7486838390624999 0.3228358953125 0.7172191234375 0.31134903125 0.69247718125 0.30876175 0.6836492296875 0.3085648265625 0.6792684703125 0.31132159375
1 0.6793625171875 0.24353587031249999 0.6697011578125001 0.24756485156250002 0.6675237734375 0.2500604984375 0.667575759375 0.2545295484375 0.6937136671874999 0.26331614062500003 0.7206474359375 0.26464918125 0.7435868203125 0.2640190875 0.7496488390625 0.25405191562499996 0.7486941296875 0.24785003749999998 0.737181115625 0.2444408765625 0.7217228171875 0.24328935000000002 0.7031757453124999 0.2421558 0.6793625171875 0.24353587031249999
1 0.667939665625 0.285812896875 0.6675475093750001 0.2900362328125 0.6693529546875 0.29350188906249997 0.6729003078125 0.294971028125 0.72948179375 0.3033321515625 0.7325445703125 0.3010796546875 0.7332335718749999 0.28443972031250003 0.721235984375 0.2773089203125 0.6921248296875 0.27847152343750003 0.678460425 0.2797925328125 0.667939665625 0.285812896875
1 0.6814301515625 0.23160556406250002 0.6920635484375001 0.23526814375 0.7287308796875 0.23877921406249997 0.7445813343750001 0.235707403125 0.746770271875 0.234204878125 0.74804493125 0.22997640625 0.7443791656250001 0.2183277640625 0.69453489375 0.22010762343749998 0.680437896875 0.22217604062500002 0.676077353125 0.22667076874999997 0.6814301515625 0.23160556406250002
1 0.646819903125 0.101450878125 0.6645653359375 0.10954141875000001 0.6950435703125 0.11209531875 0.707837021875 0.11177256875 0.7144298265625 0.109499525 0.7178183328125 0.09731323593749999 0.7067176890625 0.09141869999999999 0.6617069828125001 0.0914323484375 0.645400834375 0.0932653234375 0.6436531515625 0.09476527812499999 0.646819903125 0.101450878125
1 0.7277893515625 0.15783975781249998 0.7475822015625 0.1522620328125 0.747048528125 0.144319621875 0.7430368171875 0.14086680625 0.698813309375 0.132682059375 0.6895441046874999 0.13248770625 0.6688716375 0.13831885 0.6685054765625 0.1447767109375 0.68323145 0.1588439609375 0.7277893515625 0.15783975781249998
1 0.621856203125 0.11773548281249999 0.621795553125 0.11252159218749999 0.6172819359374999 0.1038574515625 0.6053016765625 0.0982163359375 0.5876313359374999 0.0965810890625 0.53465496875 0.0946547125 0.5343032484375 0.1023539765625 0.539682040625 0.1095232984375 0.5707777046875 0.1272197421875 0.621856203125 0.11773548281249999
1 0.624377275 0.1447852234375 0.6181564093749999 0.14109696562500001 0.5841510390625 0.1388118890625 0.548856565625 0.139513884375 0.5435846343749999 0.14153094375 0.543189590625 0.145506 0.5955116125 0.1670516734375 0.61088615625 0.1610030640625 0.624377275 0.1447852234375
1 0.58352331875 0.198655203125 0.6204874953124999 0.18974967812500002 0.6252401953125 0.18103161406249998 0.625191096875 0.17681084375 0.622084996875 0.1753391359375 0.603070678125 0.17197362968750002 0.5792487875 0.1726088578125 0.56473364375 0.1766660890625 0.56129315 0.184383328125 0.58352331875 0.198655203125
1 0.618740440625 0.22923912500000002 0.6151930875 0.22776998437499998 0.56805120625 0.234251765625 0.5632522984375 0.23899734218750002 0.580219196875 0.25603111875 0.6275314765625 0.26419788906249997 0.64065065625 0.25394135 0.618740440625 0.22923912500000002
1 0.604627378125 0.30579683750000003 0.6080620953125 0.2975830359375 0.6047884828125001 0.2817110578125 0.5492368015625 0.28600710625 0.5440370703124999 0.2942311765625 0.548937065625 0.29817541875 0.5648712765624999 0.3023037421875 0.5962464562500001 0.30609390937500003 0.604627378125 0.30579683750000003
1 0.5507402546875 0.339382284375 0.5485513171874999 0.34088480625 0.5504087484375 0.3488195125 0.5574947921875 0.35101295 0.5835316140625 0.351109721875 0.62051311875 0.3436938828125 0.62446418125 0.341932809375 0.625248490625 0.3334861328125 0.6207608687499999 0.32705651874999997 0.6004776671875 0.32841604687500003 0.57272781875 0.33279859375 0.5507402546875 0.339382284375
1 0.56430998125 0.36785750781250004 0.5780985750000001 0.3772125625 0.5847491437500001 0.3799051296875 0.644355859375 0.382786109375 0.6496364546875 0.381513890625 0.6570222328125 0.37153901562499997 0.6520962453125 0.3653602484375 0.6392652484375 0.3624553515625 0.6078987312499999 0.3594100265625 0.5655470984375001 0.3604013875 0.5629429 0.364141003125 0.56430998125 0.36785750781250004
1 0.629385653125 0.42359399218749993 0.6412417234375 0.4185590484375 0.6433931140625 0.4138288796875 0.6424355171875 0.4073787203125 0.6286498109374999 0.398271946875 0.59067605 0.3962582609375 0.570398621875 0.39811435 0.55859165 0.4073700640625 0.58211380625 0.41890314999999995 0.629385653125 0.42359399218749993
1 0.5825383609375 0.4554003890625 0.6298246484375001 0.461332634375 0.64174136875 0.46151158125 0.64829085 0.45551432968750005 0.6477831703125 0.4498064453125 0.6375592578125 0.4434102140625 0.5959717171875 0.4342169375 0.5668634515625001 0.435627821875 0.559379478125 0.437161159375 0.5580759343749999 0.4389068265625 0.5825383609375 0.4554003890625
1 0.5647011375 0.47735435937500004 0.5656067499999999 0.47933546875 0.57093644375 0.48228402031249995 0.59083615625 0.48589267343750003 0.6248242 0.48668806406250004 0.6380444640625 0.48512134375000004 0.6374963499999999 0.47593753124999993 0.622880121875 0.47130494218749996 0.5994561625 0.46821339531249995 0.5769435890625 0.4675995171875 0.5677494765625 0.47386045781249997 0.5647011375 0.47735435937500004
1 0.573457515625 0.5093337578125 0.5796783796875 0.513022015625 0.5991252874999999 0.5156401140625 0.6066352546875 0.5163413015625 0.6185346484375 0.5150305640624999 0.6585673796875 0.5043691015625 0.64652358125 0.493265809375 0.62887634375 0.4936168078125 0.5874360953125 0.49708584062499994 0.5751647656250001 0.5043578765625 0.573457515625 0.5093337578125
1 0.5896516562499999 0.5358073296875 0.6069413953125 0.5426590375 0.6131218281249999 0.5428713671875001 0.654489871875 0.533195321875 0.654870475 0.5279788640625 0.6516921703125 0.5203001421875 0.622546359375 0.5184833796875 0.6070996125 0.5183249765625 0.5956472500000001 0.52012970625 0.5856370578125001 0.532106234375 0.5896516562499999 0.5358073296875
1 0.570960809375 0.56024924375 0.5723047859375 0.561979503125 0.58823610625 0.5658595484375 0.638605390625 0.5712772578124999 0.6473438093749999 0.5637774828125 0.6480819078125 0.5513583203125 0.6462995671875 0.5498789093750001 0.6383108015625 0.5459526421875001 0.5911140453125 0.5477170921875001 0.57222969375 0.5555242109375 0.570960809375 0.56024924375
1 0.588098109375 0.591931571875 0.5911984328125001 0.59290671875 0.6388739859375 0.594367346875 0.6547157765625 0.59055069375 0.6572737609375 0.582838590625 0.65456848125 0.5778883875 0.6298323140625001 0.575797665625 0.609084753125 0.5751735171875 0.604242521875 0.576194884375 0.5897620359375 0.5832314828125 0.588098109375 0.591931571875
1 0.599530884375 0.62637836875 0.6286853609375 0.6289399703125 0.6436706359375 0.6273629796875 0.6537559203125001 0.6218417453125 0.6545835515625 0.61711928125 0.6315575234375 0.6103009562499999 0.5957409296875 0.6040536640624999 0.592205128125 0.6035776453125 0.572911290625 0.6141184156249999 0.5809607078125001 0.6232585734375 0.599530884375 0.62637836875
1 0.5716199328125 0.6548466953125 0.5783600296875 0.665235959375 0.5885463984375 0.66840454375 0.592076421875 0.6683840015625 0.6436279453125 0.6616282625000001 0.6435557421875 0.6554212484375 0.631924315625 0.641832584375 0.5851688140625 0.643594465625 0.5772493625 0.6456269328124999 0.5724446750000001 0.6498759484375001 0.5716199328125 0.6548466953125
1 0.599480159375 0.6978882984375 0.6246171453125 0.696500525 0.627665484375 0.6930066218750001 0.629770665625 0.6843039625 0.6164262109374999 0.675194621875 0.5577424359375 0.675784434375 0.5564706609375001 0.6802611875 0.565884271875 0.69286956875 0.571205303125 0.695073278125 0.599480159375 0.6978882984375
1 0.6178747890625 0.7238524703125 0.6328514046875 0.721530634375 0.632663675 0.7053924015625 0.5853831640625 0.6999567171875001 0.5620400703125 0.7038170234375001 0.5603154921875 0.7073032234375 0.5613943921875 0.7241811640625 0.5944970390625001 0.7247334109375 0.6178747890625 0.7238524703125
1 0.5562350953124999 0.7358811640625 0.55813585 0.7475400765625 0.58330460625 0.7488833890625 0.6163928140625 0.748194234375 0.626054171875 0.7441652515625 0.627363490625 0.7429161453125 0.625061915625 0.734735728125 0.618359365625 0.7275741109375 0.6015715296875 0.725933728125 0.5856806421874999 0.7255296109375 0.5583489421875 0.727923346875 0.5562350953124999 0.7358811640625
1 0.5579660796875 0.7708810171875 0.5589063484375 0.775841490625 0.5669442124999999 0.783988525 0.6022531265625 0.784527934375 0.6176854328125 0.7834449343750001 0.6211576953125 0.77845878125 0.61921073125 0.7628273796875 0.6174226125 0.7608514046875 0.5667073874999999 0.763629521875 0.561882484375 0.766140575 0.5579660796875 0.7708810171875
1 0.5814108890624999 0.8137000171875 0.588961290625 0.8178771312500001 0.6141704796874999 0.822696371875 0.626095865625 0.823620159375 0.6340355343749999 0.8233256546875 0.641072478125 0.8212983250000001 0.641320228125 0.8046609609375001 0.6257781703124999 0.7963093 0.58217498125 0.8035153796875001 0.5769174890625 0.8067738406249999 0.5814108890624999 0.8137000171875
1 0.61854609375 0.8574325343750001 0.622511596875 0.8569128609375 0.6351750828125 0.8454174890624999 0.632386046875 0.8332671484375 0.6221448046875 0.8253812343750001 0.6141964734375 0.8249308953125001 0.5680526234375 0.8413387625000001 0.56768935 0.848044903125 0.58232290625 0.8541671765625001 0.61854609375 0.8574325343750001
1 0.521576640625 0.8291943671875 0.4853967734375 0.829653215625 0.47705051093749995 0.832929653125 0.453508765625 0.8576480953125 0.458460746875 0.8660613859374999 0.5170087796875 0.8538023859375 0.5217210484375 0.84160839375 0.521576640625 0.8291943671875
1 0.4476216625 0.8067813984375001 0.450306728125 0.8099936375000001 0.4618399578125 0.815140765625 0.4936246234375 0.8161972765625001 0.5262571375 0.8142692859375 0.5372422546875 0.8102326015625 0.5375419906250001 0.7980642859375 0.5330890234375001 0.7946140390624999 0.5251378046874999 0.7939154187499999 0.4810067171875 0.7936756500000001 0.44889343593750003 0.8023046453125 0.4476216625 0.8067813984375001
1 0.4601205265625 0.7811340343750001 0.50427471875 0.7833600484375001 0.5148243609375001 0.7798224890625 0.5195337390625 0.767380215625 0.511942903125 0.759727175 0.4924295703125 0.751398625 0.444909975 0.7633451453125 0.442357765625 0.7715538109375 0.4441689859375 0.7755160265625001 0.4601205265625 0.7811340343750001
1 0.44905391093749997 0.7402293765625 0.48443502812499994 0.7469757968749999 0.5082569203125 0.7463405703125 0.51574089375 0.74480723125 0.5195619890625001 0.73187353125 0.5129143109375 0.7294292453125 0.4961178109375 0.7270440203125 0.47582305625 0.727410425 0.45380083437499996 0.73101475 0.44812808281249994 0.736510303125 0.44905391093749997 0.7402293765625
1 0.4721399609375 0.7142721015625 0.5025604343750001 0.7118603890624999 0.514439609375 0.7088116906249999 0.5187654968750001 0.70133759375 0.5151892625000001 0.6973856484375001 0.4912865015625 0.691069021875 0.45604690468750003 0.696488346875 0.45429055468749996 0.6972434609375 0.45438297656250004 0.7051884359375 0.4721399609375 0.7142721015625
1 0.4477057875 0.6622718562500001 0.446866603125 0.6660011984375 0.4677239125 0.6760600109375 0.4787696796875 0.6772372140625 0.5157916203124999 0.6732973015625 0.519722465625 0.6697982625 0.51737468125 0.65764535625 0.5155952265625 0.6564142234375 0.47540653749999995 0.6536685375 0.46746109375 0.6534664796875 0.4520663296875 0.657777128125 0.4477057875 0.6622718562500001
1 0.534277409375 0.6312274703125 0.5324142015625 0.622796203125 0.5297464656249999 0.6210736484375 0.4790254640625 0.6233552015625 0.46185702500000003 0.626931278125 0.49200375625000003 0.6389224062500001 0.518920196875 0.6387657625000001 0.5272808999999999 0.636730728125 0.534277409375 0.6312274703125
1 0.455318465625 0.5959321625 0.48628127499999996 0.6022077 0.5136794015625 0.60552441875 0.5295471843749999 0.6039422906249999 0.53390773125 0.5994475609375 0.5297573890625 0.5840772796875 0.49795539531250005 0.581531084375 0.49045120468750003 0.5813264578124999 0.46095944843750003 0.587705521875 0.455286696875 0.5932010765625 0.455318465625 0.5959321625
1 0.52827478125 0.570429553125 0.531775925 0.5679262046875 0.5330101546875 0.5602218046874999 0.5298722828125 0.5560190109375001 0.5020502312499999 0.5541945453125 0.4702915609375 0.5553725578125001 0.4628480203125 0.5603818234375 0.48986843281250003 0.5691632796875 0.513736534375 0.572500540625 0.52827478125 0.570429553125
1 0.4936773453125 0.5172469671875 0.4915057390625 0.5202391734375 0.4889073171875 0.52447535 0.489841809375 0.528939265625 0.493400715625 0.5314015265625 0.5146444046875 0.5367404390625 0.5247932265624999 0.5366813765625 0.5445860765625 0.531103646875 0.5479919125 0.520407040625 0.536452903125 0.5147633546875 0.498946390625 0.5149816296874999 0.4936773453125 0.5172469671875
1 0.52959439375 0.4941945890625 0.53130453125 0.4894669875 0.5143087515625 0.4699504046875 0.5085753484375 0.47023207031250003 0.4654913921875 0.48413915625000004 0.46419651249999994 0.48662966562500004 0.4798800859375 0.507147071875 0.4847338703125 0.5071188234374999 0.52959439375 0.4941945890625
1 0.4570260859375 0.4392466 0.4479070640625 0.4519628328125 0.4475351265625 0.45792413437499996 0.4515295078125 0.4598872671875 0.5005836953125 0.466057521875 0.5283248781250001 0.46093013281250006 0.5318346875 0.459171625 0.535751090625 0.454431184375 0.5276987859375 0.445042746875 0.5042141734375 0.43673730937500005 0.46054455625 0.4382329359375 0.4570260859375 0.4392466
1 0.44366881718749995 0.35316515625 0.42483067500000005 0.3649447625 0.4253672359375 0.3731354515625 0.44493255625000006 0.38593305 0.4996652703125 0.3871043125 0.4956687796875 0.3741054515625 0.49945649531249997 0.3666752890625 0.49252407031249995 0.37020179375 0.500170465625 0.36144184375 0.5049762484375 0.37492285000000003 0.49928115 0.3540830015625 0.45246211093750005 0.3503827109375 0.44366881718749995 0.35316515625
1 0.4524187890625 0.346658503125 0.5136461109375 0.33711518281249997 0.5149236609375001 0.3331349921875 0.5108166390625 0.3214889171875 0.457750740625 0.311865846875 0.4484815375 0.3116714921875 0.416922146875 0.329980859375 0.4422584140625 0.3457244421875 0.4444762328125 0.3467047265625 0.4524187890625 0.346658503125
1 0.44058681875000005 0.239959503125 0.442418259375 0.2456596828125 0.44509177187500004 0.24787880156250003 0.4654414 0.2522297265625 0.5061291078125 0.25993845625 0.5140716640624999 0.259892234375 0.5129552187499999 0.2397866453125 0.50187479375 0.2356300734375 0.48641938125 0.23472683125 0.46700135625000005 0.2345915359375 0.44365248749999997 0.2379552828125 0.44058681875000005 0.239959503125
1 0.4987988328125 0.31262015 0.5022970890625 0.3098685234375 0.49318321562499995 0.285091828125 0.487412265625 0.28214584375 0.47151560156250005 0.281245165625 0.43535017500000006 0.28294541875 0.4278921953125 0.28671328281249997 0.425287996875 0.29045289687500003 0.4302370890625 0.2986179078125 0.4987988328125 0.31262015
1 0.455315053125 0.21628554375000003 0.5207129359375 0.22385046874999998 0.5356231203124999 0.2158181828125 0.5333273234375 0.208134325 0.5253183390625 0.2024700953125 0.5093841296875 0.1983417703125 0.481986003125 0.1950250546875 0.4700692828125 0.1948461078125 0.428657915625 0.20079794374999999 0.4332061875 0.21244144999999998 0.455315053125 0.21628554375000003
1 0.43967706093750003 0.16175113593749998 0.4397694796875 0.1696961125 0.442944896875 0.177126553125 0.44649225000000003 0.17859569375 0.5013144953124999 0.18746365 0.5148749296874999 0.17720454218749998 0.51433836875 0.16901385468750002 0.5089537984375 0.161347971875 0.48200559062500004 0.158773528125 0.45728097500000003 0.157675928125 0.4414276328125 0.16049945937500001 0.43967706093750003 0.16175113593749998
1 0.4155750203125 0.1383031515625 0.4156558875 0.14525500625 0.4303703109375 0.158329134375 0.43391188906249994 0.1593017125 0.4819680453125 0.15554588125 0.49693021562500006 0.1519826453125 0.4994131125 0.137815246875 0.4927567703125 0.13462611875 0.47728980625000006 0.1327297515625 0.44595505781250006 0.1324155125 0.4230301140625 0.1342870078125 0.4155750203125 0.1383031515625
1 0.43751863281250003 0.09000576406250001 0.4260662703125 0.09181049375 0.4203704109375 0.095319803125 0.418247903125 0.1025327796875 0.41962364843750005 0.10699412500000001 0.4498339171875 0.1244474234375 0.4568679734375 0.1221718125 0.481399084375 0.10663461562500001 0.4812806703125 0.0964551140625 0.476369125 0.0915177515625 0.469297521875 0.0905657140625 0.45516298125 0.08940648749999999 0.43751863281250003 0.09000576406250001
1 0.37196253437500004 0.106774896875 0.3860595296875 0.10470648125 0.39835107812500004 0.0991724078125 0.3987374578125 0.0944525109375 0.37878575937500003 0.0863748078125 0.3456080203125 0.0793672671875 0.3376625765625 0.079165209375 0.2847093125 0.079225078125 0.27060365468750003 0.08054865312500001 0.309267046875 0.1039118953125 0.37196253437500004 0.106774896875
1 0.3723351046875 0.1388030890625 0.3731223015625 0.13060469531250002 0.36808945312499997 0.11523954843749999 0.32093024375 0.12023164687500001 0.297621809375 0.12707131875 0.2994879046875 0.1357508671875 0.34114187500000004 0.1506545953125 0.348648953125 0.15110750312500001 0.3723351046875 0.1388030890625
1 0.313683728125 0.180113478125 0.3711217234375 0.1862349421875 0.37596973125 0.185710134375 0.3794506578125 0.181468821875 0.3818671265625 0.1615909703125 0.3760875140625 0.15790014531250002 0.3451420328125 0.15311429062499998 0.3287954515625 0.15147133906250002 0.2893454921875 0.1742959796875 0.2902424375 0.175532246875 0.313683728125 0.180113478125
1 0.395122678125 0.20099310625000003 0.397911715625 0.21314344531249999 0.4001439734375 0.21536513125 0.404490078125 0.209629 0.4057098640625 0.20068319531249998 0.3995005515625 0.19798806093750002 0.395122678125 0.20099310625000003
1 0.39305504375 0.2129234109375 0.39331145625 0.1970308890625 0.36056341718749996 0.1890276578125 0.340251334375 0.1879043796875 0.32526605625 0.189481371875 0.2957656375 0.1951155953125 0.29627909375 0.20132003906249998 0.371918215625 0.2167708796875 0.39305504375 0.2129234109375
1 0.3450312859375 0.25739981875 0.3892201359375 0.2626051984375 0.3935980109375 0.259600153125 0.39425235625 0.23998085468750002 0.39245557343750004 0.237260040625 0.3826902421875 0.2323509234375 0.3610370703125 0.229745665625 0.3142873453125 0.232004109375 0.3063996640625 0.2367676609375 0.29373906562499996 0.24851131718750002 0.3450312859375 0.25739981875
1 0.2875737046875 0.2875298796875 0.299184915625 0.2993805796875 0.3468546921875 0.300344646875 0.3537818875 0.28888265625 0.353680803125 0.2801928375 0.34614195468750003 0.27700884531250003 0.324035978125 0.2734130328125 0.3028471625 0.27279145 0.286996709375 0.27586326250000004 0.28532700312500003 0.284066790625 0.2875737046875 0.2875298796875
1 0.37549056406250003 0.33419473437499997 0.3745156390625 0.32625489218750003 0.3713777671875 0.3220520984375 0.3376634671875 0.30685386718749996 0.28847128125 0.3267556359375 0.291165009375 0.3307127171875 0.31954095 0.34221755625 0.338999409375 0.34582877500000003 0.37549056406250003 0.33419473437499997
1 0.3544663734375 0.3477251421875 0.33502235625 0.3453553265625 0.323561328125 0.3464152125 0.3029668375 0.3589499328125 0.3016835109375 0.3624335640625 0.3035322796875 0.36962342812500004 0.3354382453125 0.3811077234375 0.34339524374999997 0.382302903125 0.3473665203125 0.382279790625 0.36274972656250004 0.37697602343750003 0.3749921796875 0.36722118125000003 0.37628128125 0.3642341109375 0.371767665625 0.35556997031250004 0.362434921875 0.3499134453125 0.3544663734375 0.3477251421875
1 0.35087984687499996 0.41875905625 0.36321182812499997 0.4167009078125 0.40627556875000004 0.4010558609375 0.4034836453125 0.388657240625 0.394205778125 0.3877180453125 0.3434385640625 0.3860271125 0.32626435 0.389106628125 0.3121904609375 0.3931612875 0.30354735 0.4088543203125 0.35087984687499996 0.41875905625
1 0.3362295921875 0.4491365890625 0.367676975 0.4591337703125 0.371648253125 0.459110659375 0.4015437171875 0.4495013796875 0.40853445156249996 0.44350156093750004 0.4066568015625 0.4338288921875 0.3888882640625 0.42375210625 0.3593185296875 0.42342759531249996 0.33872403906250004 0.435962315625 0.334798971875 0.43995791406249996 0.3362295921875 0.4491365890625
1 0.39192053437499996 0.4947474984375 0.40854952187500004 0.482732453125 0.40756881875 0.47429604999999997 0.40354555468750003 0.4698501125 0.3875795765625 0.4629907015625 0.3796052515625 0.4603058390625 0.371680021875 0.46184174375 0.3352986171875 0.48291044687499995 0.37519623750000003 0.4985692890625 0.39192053437499996 0.4947474984375
1 0.36901002968749996 0.497860396875 0.34079582343750003 0.5002592703125 0.3381800734375 0.5030057625000001 0.340902684375 0.50944565 0.3644104 0.51973733125 0.376779928125 0.52090683125 0.42349210781249996 0.5154207421875 0.42739984687500004 0.5099354578125 0.4246772359375 0.503495571875 0.42067707812500005 0.501035878125 0.4113876578125 0.4991035609375 0.3875397734375 0.49750426406250003 0.36901002968749996 0.497860396875
1 0.317104528125 0.5500566124999999 0.3215286109375 0.5510240546875 0.381567915625 0.5531576234375 0.40356414531249996 0.547318775 0.40706817500000003 0.5450637078125 0.40343129062500005 0.5358978703124999 0.39634236093749997 0.5334561515625 0.383949728125 0.5303004062500001 0.34460888437500004 0.5245702171875 0.341075971875 0.5243424812499999 0.31573166874999997 0.545843546875 0.317104528125 0.5500566124999999
1 0.35367140468749997 0.5828673546875 0.40432597968749995 0.5748753468750001 0.4095517015625 0.5688858 0.40857388749999995 0.5606976765625 0.4041122578125 0.5565025875 0.38821270625 0.5553536296875 0.353376815625 0.5575427375 0.3482550640625 0.5724703859375 0.3496799078125 0.5811525015625 0.35367140468749997 0.5828673546875
1 0.3783822078125 0.620713040625 0.4043006171875 0.6106303125 0.40735761875 0.6078812515625 0.40770356249999995 0.599685425 0.4032043890625 0.5922626875 0.34630295625 0.5943319125000001 0.3345941765625 0.6120291640625 0.337299459375 0.6169793671875 0.3581163328125 0.62356225 0.3783822078125 0.620713040625
1 0.338441896875 0.63931948125 0.3698344046875 0.6445993296875 0.4023773859375 0.63497464375 0.40718785 0.6312221890624999 0.4049122703125 0.625276296875 0.3969177265625 0.62085346875 0.3607551875 0.6228020015625 0.3387734 0.629882253125 0.3331035359375 0.6356260875 0.338441896875 0.63931948125
1 0.34698455156249997 0.6529261187500001 0.32595747343750003 0.6662082484375 0.32556820625 0.6706798671875001 0.3547428984375 0.674979434375 0.366648065625 0.6741652578124999 0.37808021406250003 0.6706225640625 0.38553241875 0.666358140625 0.3898756375 0.660373728125 0.39069171406250003 0.6546581406249999 0.38800665156249997 0.6514459015625 0.38401804375 0.6499793296874999 0.35843402812499997 0.650873109375 0.34698455156249997 0.6529261187500001
1 0.3578518859375 0.676699421875 0.345087315625 0.6795049750000001 0.3385291703125 0.6847573875 0.33900508125 0.6877341859375 0.3571802125 0.6948290359375 0.3651343234375 0.6957759359375 0.390297303125 0.6966226859375 0.40044034531249995 0.6960670640625 0.40968066875 0.6937786109374999 0.411800290625 0.68631735625 0.410871575 0.6823500015625 0.3940548578125 0.678226815625 0.3741724734375 0.676107846875 0.3578518859375 0.676699421875
1 0.3381636390625 0.7292047390625 0.3365516953125 0.742373878125 0.34010193593750004 0.7440912984375 0.3674885109375 0.74641489375 0.38291793125 0.7450836125 0.40183405156249996 0.74000758125 0.40709154375 0.7367491203125 0.3990623453125 0.729346925 0.38928257187500004 0.72319640625 0.38529685156250004 0.721978115625 0.37119408125 0.7235499734374999 0.3381636390625 0.7292047390625
1 0.3962652734375 0.7544412359375 0.3909702359375 0.7544720500000001 0.3509750484375 0.7683611609375001 0.35562440781250004 0.788694484375 0.3917551765625 0.7840148671875 0.40361991093749994 0.7797247640625 0.4109392609375 0.7640394359375 0.3962652734375 0.7544412359375
1 0.384216325 0.780830875 0.3841470109375 0.7748721421875 0.3748056046875 0.7684707734375 0.3514134140625 0.7681103125 0.33689827031249997 0.77216754375 0.3373886234375 0.7763857437499999 0.35562440781250004 0.788694484375 0.375431696875 0.7843581609375 0.384216325 0.780830875
1 0.39791024375 0.8199821609375 0.3963929796875 0.8033550703125 0.3760491265625 0.7995007046875 0.3513360640625 0.799396228125 0.3221388984375 0.8310999062500001 0.3252623265625 0.8340612984375 0.356556640625 0.8308996093750001 0.37945559218749997 0.8267935890624999 0.39791024375 0.8199821609375
1 0.40623980781249996 0.8532055312500001 0.407670428125 0.8623842078124999 0.4133547328125 0.8578817750000001 0.4119327765625 0.8494479390624999 0.40836520624999995 0.8462408359375001 0.40660019375 0.8462511078125001 0.40623980781249996 0.8532055312500001
1 0.3622906734375 0.8686074359375 0.389616596875 0.8657171390625 0.3953355578125 0.864194071875 0.39663909999999997 0.8624484062500001 0.39954880937500004 0.8470370375 0.358930415625 0.8452870406249999 0.324985696875 0.8482158562500001 0.32104041250000004 0.85047349375 0.32162029531249997 0.8623883906250001 0.3622906734375 0.8686074359375
1 0.215921715625 0.880384328125 0.24321298281249998 0.874514665625 0.2559169015625 0.8664952187500001 0.24340296874999998 0.8529116906249999 0.22921932968749997 0.8475316906250001 0.1817430578125 0.8632024203125 0.1791821828125 0.87066624375 0.18111470624999998 0.88505624375 0.1846505078125 0.8855322609374999 0.215921715625 0.880384328125
1 0.19612408750000002 0.7717453062499999 0.1899840890625 0.775008903125 0.1816753703125 0.7815129875 0.18793089375 0.7881806124999999 0.2025442328125 0.7925649203125 0.23482791406249998 0.798584475 0.2541939515625 0.7942507171875001 0.26555100781249996 0.78425273125 0.26625445000000003 0.7688542015625 0.26492202656249997 0.7681170640625 0.20316391875 0.7699662546875 0.19612408750000002 0.7717453062499999
1 0.19460971093749999 0.75536649375 0.226382825 0.755429884375 0.2616397515625 0.75150024375 0.2698618265625 0.73754774375 0.26394069375 0.721691171875 0.23003063125 0.7275993546875 0.1988316265625 0.7389543 0.1940096109375 0.741713634375 0.1901769640625 0.7536542093749999 0.19460971093749999 0.75536649375
1 0.233058753125 0.7223674859375 0.2374712828125 0.72234180625 0.26558440625 0.7112531171875001 0.269892965625 0.7022893390625 0.2649149890625 0.6916415234375 0.21022270937499998 0.6939461875 0.1904240828125 0.6990273546875 0.184289859375 0.7027875156250001 0.185656940625 0.70650401875 0.233058753125 0.7223674859375
1 0.23825207499999998 0.6756573640625 0.2505118546875 0.667392203125 0.2490956765625 0.6594549296875 0.24507818593750003 0.655505553125 0.22912087187500002 0.649390984375 0.2238287234375 0.64967008125 0.179513425 0.6715298468750001 0.198144253125 0.6798635328125 0.22154221875000002 0.6807205546875 0.23825207499999998 0.6756573640625
1 0.1937079859375 0.6399134765625 0.19417812031249998 0.6423937140625 0.19951648125000002 0.64608710625 0.205717128125 0.6480374015625 0.22512937812499997 0.6476761328125 0.24713138125 0.64233384375 0.2638354609375 0.6367740921875 0.2712818890625 0.6320131078125 0.2645273515625 0.6203824390625 0.25614065468749997 0.6201829515624999 0.20986395156249998 0.6251699125 0.1937079859375 0.6399134765625
1 0.202918796875 0.5971527296875 0.25250954375 0.6115136765625 0.2560395703125 0.6114931328125001 0.2806688765625 0.6043974734375 0.284544846875 0.5961811046875 0.2822086171875 0.5850213203125 0.27910829062500003 0.5840461734375 0.244142434375 0.575062659375 0.2401740453125 0.57533405 0.20018174531250002 0.5894714421875 0.202918796875 0.5971527296875
1 0.196590440625 0.546288603125 0.18216483125 0.55804253125 0.18221970625 0.5627598593750001 0.186713103125 0.5696860359375 0.1898047640625 0.5699163421875 0.223688834375 0.5617736359375 0.235997709375 0.5577292453125 0.248289259375 0.552195171875 0.24956392031250002 0.5479666984375 0.23927935625000002 0.5363565734375 0.22826246874999997 0.537662175 0.196590440625 0.546288603125
1 0.1851374453125 0.5101038421874999 0.1790176671875 0.51510540625 0.19629296406250002 0.5207157078125 0.21573409531249998 0.5228372453125 0.262953953125 0.5230590375 0.278354490625 0.5192449546875 0.28227089375 0.5145045140625 0.2768834375 0.5065903515625 0.259648571875 0.5044559734375 0.245525584375 0.504289865625 0.19613700625 0.507308559375 0.1851374453125 0.5101038421874999
1 0.21173330468749998 0.48238806093750003 0.24662695937499998 0.48516456249999995 0.2779530421875 0.484733959375 0.2800149 0.4723070921875 0.2720174703125 0.4676359859375 0.26227813125 0.4649613921875 0.20228792499999998 0.46704859374999996 0.1974485828125 0.46831824375000003 0.1953318484375 0.4760277796875 0.21173330468749998 0.48238806093750003
1 0.062307871875 0.8763123531250001 0.1107821734375 0.8705677109375 0.1204117625 0.863807640625 0.1220323703125 0.8513833421875001 0.11848790312499999 0.850162484375 0.106977778125 0.847001603125 0.074780740625 0.8484304625 0.06773801874999999 0.8499612328125 0.04054495 0.864272434375 0.062307871875 0.8763123531250001
1 0.035203071875000005 0.822341271875 0.030819421875000003 0.8248497562500001 0.0419893796875 0.8367030234374999 0.053066918750000004 0.8406113124999999 0.0703046703125 0.8429939718749999 0.083098121875 0.8426712203125 0.0998397484375 0.8403391140625001 0.10202579687499999 0.8385883109375 0.1076436765625 0.8283754265625 0.102276434375 0.8221992296874999 0.097408209375 0.8209860718750001 0.0576549953125 0.8177412578125001 0.035203071875000005 0.822341271875
1 0.038095453125 0.8054402203125001 0.03951451875 0.8136257734375001 0.09733889375 0.8150273390624999 0.100857365625 0.8140136734375 0.10865840468750002 0.80180170625 0.10904189375 0.7968335265625 0.0969489984375 0.7815094671875 0.0929719421875 0.7810360171874999 0.07050846875 0.784642909375 0.046781884375 0.7934713953125 0.038095453125 0.8054402203125001
1 0.0743295625 0.771709209375 0.086237621875 0.7711433140625 0.10032883906250001 0.7685783359375 0.11745973125 0.7617746125 0.10886508749999999 0.743698925 0.07307737656249999 0.7399344375 0.036179628125 0.7545504140625 0.02572529375 0.766281228125 0.031046323437500002 0.7684849375 0.0743295625 0.771709209375
1 0.0659249078125 0.732030546875 0.08175225625 0.7269724906249999 0.0979890890625 0.71918078125 0.10102876406250001 0.7149420359375 0.08539428906249999 0.6986453984375001 0.0461112078125 0.6978808203125 0.0216032015625 0.7154042625 0.043011515625 0.7348951640625 0.05404284375 0.7348309656249999 0.0659249078125 0.732030546875
1 0.0326136828125 0.6756126109375 0.034860384375 0.6790756984375 0.07299010312500001 0.69449653125 0.109123759375 0.6900651921875001 0.1157194515625 0.688040428125 0.12405416250000001 0.6837708703125001 0.12523929218750002 0.6718457015625 0.1238895390625 0.6696188796875 0.0963470078125 0.6538881359375 0.0923584 0.6524215640625 0.032039578125 0.6641942734375 0.0326136828125 0.6756126109375
1 0.0232514296875 0.6294837875 0.0327025859375 0.645319815625 0.041559417187499996 0.64799954375 0.0495048625 0.6482016015625 0.112981771875 0.64236965 0.11635294843749999 0.6286936765625 0.089208346875 0.6092361578125 0.083910421875 0.6090186921875 0.041227284375 0.6194472828124999 0.024122384375 0.6284855328125001 0.0232514296875 0.6294837875
1 0.01632649375 0.6032045703125 0.053089132812499995 0.6149089 0.060590434375 0.6148652453125 0.09539166875 0.60969676875 0.0979900890625 0.6054605921875 0.0969689515625 0.5935482609375 0.0844839 0.5824475390625 0.07477344218750001 0.582255753125 0.040399021875 0.5861802593750001 0.0171512375 0.598233825 0.01632649375 0.6032045703125
1 0.06804778593750001 0.573107890625 0.091364884375 0.567013059375 0.0957254296875 0.56251833125 0.096492409375 0.5525819734375 0.0761283421875 0.5469896453125 0.05004819687499999 0.5431686640625 0.0334105453125 0.5544388687499999 0.0343652546875 0.5606407453125 0.063635253125 0.5731335703125 0.06804778593750001 0.573107890625
1 0.023393946875 0.5279293453125 0.024775468749999998 0.5328872515625 0.07506388281250001 0.5313531078125 0.103684684375 0.5259723000000001 0.10674168749999999 0.5232232406249999 0.107047196875 0.5115514875 0.0752047703125 0.5055293640625 0.0668151859375 0.5050815937500001 0.047423153125 0.5071808265625 0.0399651734375 0.5109486875 0.023393946875 0.5279293453125
1 0.0984814375 0.49595860468749997 0.0992686359375 0.4877602109375 0.095207825 0.4800866234375 0.0479793015625 0.47911998906250003 0.025723773437500003 0.5006030796875 0.025325840625000002 0.5043298546874999 0.055798298437500005 0.5063871953125 0.0707720234375 0.5038170796875 0.0984814375 0.49595860468749997
1 0.0159029359375 0.45298714218749997 0.059249715625 0.46167358593749996 0.087054434375 0.46200836718750005 0.091429421875 0.4587550421875 0.094016290625 0.45352574375000004 0.0913052328125 0.44807897968750005 0.06695544375 0.441268359375 0.056359592187499995 0.4408334296875 0.03652630625 0.44293522812499997 0.0118941125 0.44978260625 0.0159029359375 0.45298714218749997
1 0.022183821875000002 0.42389980156249996 0.0632203609375 0.423660984375 0.0830565359375 0.421807465625 0.08110379375 0.4056795 0.0748829296875 0.4019912453125 0.0506226734375 0.40287732031249995 0.01937745625 0.4102597796875 0.0141286296875 0.4142630828125 0.0168685671875 0.42219265312500004 0.022183821875000002 0.42389980156249996
1 0.022849090625 0.3672841359375 0.035299484375 0.37540549218749997 0.105000146875 0.373510078125 0.110661346875 0.3670214015625 0.11105927812500001 0.36329462343749996 0.1092249515625 0.3573461640625 0.10476332031249999 0.35315107343749996 0.0871103078125 0.353005509375 0.0500739296875 0.35570401875 0.02104653125 0.364066759375 0.022849090625 0.3672841359375
1 0.02462728125 0.2925362875 0.0608706875 0.2975396078125 0.0964937765625 0.28715210468749996 0.1003899640625 0.2806736984375 0.09366141875 0.2712775578125 0.0879106875 0.2700695390625 0.0433643390625 0.2720668625 0.02057225 0.2853592609375 0.021962434375 0.2910620109375 0.02462728125 0.2925362875
1 0.0236241046875 0.320103128125 0.0656904453125 0.332521484375 0.092113646875 0.327898359375 0.10795254843749999 0.32383342656249997 0.109680015625 0.3205955078125 0.10781680625000001 0.3121642421875 0.0980428109375 0.30651028281250003 0.0587770578125 0.30723538906250003 0.027061709375 0.3121376078125 0.0191826921875 0.3176460046875 0.0236241046875 0.320103128125
1 0.106907046875 0.23395587343750002 0.118702465625 0.22370703593750002 0.11823810937499998 0.2217233609375 0.10314885781250001 0.214362253125 0.040049664062500004 0.214729465625 0.0356833421875 0.21872763437499998 0.0388558703125 0.2259097921875 0.0755809625 0.23438647499999998 0.106907046875 0.23395587343750002
1 0.06633071562500001 0.159951103125 0.0305863265625 0.159910825 0.022251615625000002 0.1641803859375 0.048153325000000004 0.1905974640625 0.09475864375000001 0.17592499374999998 0.093777940625 0.1674885890625 0.0866514640625 0.1618192234375 0.06633071562500001 0.159951103125
1 0 0.11985824062499999 0.003285765625 0.12704615625 0.0077127359375 0.12826188125 0.0620446328125 0.13291163749999999 0.070422665625 0.1323662859375 0.0734681171875 0.128624103125 0.07685662343750001 0.1164378125 0.06265854374999999 0.1098164125 0.044111471875 0.1086828625 0 0.10869137031250001 0 0.11985824062499999
1 0 0.074123234375 0.015120990625 0.082283759375 0.07389429843749999 0.08939064218750001 0.09110316874999999 0.08929049375 0.0899896140625 0.069433184375 0.0665396578125 0.0641071140625 0.0223623609375 0.059894856249999996 0 0.060024996875 0 0.074123234375
1 0.1363905046875 0.0751222875 0.1364569328125 0.0808327390625 0.1600310734375 0.096834875 0.202748871875 0.08938565312499999 0.21588826874999997 0.080867075 0.2126637546875 0.0692158671875 0.195402896875 0.064846965625 0.1636240078125 0.06428701249999999 0.1433783515625 0.06887418749999999 0.1385534484375 0.071385240625 0.1363905046875 0.0751222875
1 0.2283450703125 0.1274744828125 0.224682190625 0.11607412187499999 0.2047622625 0.11072750625000001 0.14833962812499998 0.11602180937499999 0.1444116703125 0.11976913125 0.14580185625 0.125471878125 0.183920025 0.1398995890625 0.2270732984375 0.1319512359375 0.2283450703125 0.1274744828125
1 0.17646204375000002 0.1436674515625 0.16065779687499998 0.1507117515625 0.16023098593750001 0.151955721875 0.1735581109375 0.15957538124999998 0.18863003125 0.1654468046875 0.246898546875 0.167094084375 0.248516265625 0.1544215046875 0.243160578125 0.14923842812500002 0.23163889843750002 0.14508442500000002 0.2196932953125 0.142422675 0.2130716109375 0.1422129109375 0.1958569625 0.14181649999999998 0.17646204375000002 0.1436674515625
1 0.22791663125 0.2044491515625 0.23538905156249998 0.20192269375 0.2454223484375 0.1919324078125 0.2449088921875 0.1857279625 0.23559347968750002 0.181561121875 0.20461911718749998 0.174292459375 0.1896020703125 0.173138365625 0.1732757046875 0.17323337968750002 0.16981210625 0.178964375 0.2041091796875 0.20632578437500002 0.22791663125 0.2044491515625
1 0.1598603078125 0.233896003125 0.187025128125 0.255091484375 0.193225775 0.2570417796875 0.2368694 0.25331162812499997 0.2412674890625 0.252044546875 0.2482004625 0.24107911718750002 0.24504815156249998 0.23563491875000003 0.2357500671875 0.232957759375 0.21275869531249997 0.229118803125 0.1805385546875 0.22856141874999997 0.1708425375 0.2296110359375 0.1598603078125 0.233896003125
1 0.15736071406250002 0.2845632078125 0.1857482078125 0.2970611671875 0.2241718859375 0.299817125 0.2338650125 0.298519228125 0.24918757187499999 0.28800156875 0.232791890625 0.28213784999999997 0.209353490625 0.2778049 0.196548484375 0.277134528125 0.16128000625 0.280071046875 0.1581998984375 0.2808338640625 0.15736071406250002 0.2845632078125
1 0.225943303125 0.33829290625 0.2356393203125 0.3372432875 0.23910003125 0.33126401250000004 0.2371963875 0.31935681875 0.2137522109375 0.3145273078125 0.1961078625 0.3151265859375 0.168450434375 0.3274541109375 0.1853133609375 0.33554978750000003 0.19416730468750001 0.337981234375 0.225943303125 0.33829290625
1 0.2156895125 0.4431340578125 0.242213796875 0.44720075000000004 0.25233084843750003 0.44441060312499997 0.25404676406250004 0.4401795625 0.2517509671875 0.43249570468750004 0.2486275375 0.42953431249999996 0.2137425484375 0.42750265625 0.1952070296875 0.4273622265625 0.1873280125 0.432870621875 0.20683845625 0.4409508890625 0.2156895125 0.4431340578125
1 0.145486315625 0.4018286578125 0.1455325265625 0.405801146875 0.1875728734375 0.4159849765625 0.230305109375 0.4097771578125 0.2501124015625 0.40544083124999997 0.25133507499999996 0.3967433078125 0.2482000953125 0.392788796875 0.2393461515625 0.390357346875 0.23095367812499998 0.389661296875 0.1969743 0.3896107453125 0.163485271875 0.393778396875 0.145486315625 0.4018286578125
1 0.2092109734375 0.3793593421875 0.253330509375 0.378605990625 0.25902925312499997 0.3753449609375 0.26163633750000004 0.3718536234375 0.26199672343749997 0.3648992015625 0.24383025468750003 0.35854919218750003 0.22924579843749998 0.356647690625 0.22173871875 0.35619478125000004 0.184347728125 0.36634427812500003 0.185766796875 0.37452983125 0.2092109734375 0.3793593421875