1 0.8920768171875 0.37393246874999997 0.896648578125 0.371546665625 0.9044703546875 0.310957046875 0.9030014218750001 0.30373574375 0.9003787781250001 0.30046626718749997 0.887294146875 0.2970907 0.88570333125 0.3004976109375 0.882231384375 0.323928265625 0.8838291484375 0.3566435375 0.8869891437499999 0.3729800765625 0.8920768171875 0.37393246874999997
1 0.8264672640624999 0.3713754734375 0.830118259375 0.36326025 0.8409495671875 0.3166635625 0.8408958703125 0.3087810109375 0.8366681187499999 0.30243253281250004 0.8292909921874999 0.301051565625 0.8193161359375001 0.3241910765625 0.8138736328125 0.34354814375 0.811229353125 0.363429028125 0.8138591421875001 0.36994146250000004 0.8264672640624999 0.3713754734375
1 0.850992015625 0.37365096875 0.8607804765625 0.3648323015625 0.8681218734374999 0.3499984921875 0.877079196875 0.3266685015625 0.8774877203125 0.31424159218750003 0.869483615625 0.30857546406249997 0.8678139921874999 0.30918909375000003 0.8630343984375 0.31616687187500003 0.8511498265625 0.3463583046875 0.848244015625 0.3629486140625 0.848878140625 0.3704767296875 0.850992015625 0.37365096875
1 0.799491971875 0.34502375 0.8075750812500001 0.3206039328125 0.8115557953125 0.29726851718749997 0.8104129062500001 0.28964516093750003 0.8044187578124999 0.28944925781249997 0.794368765625 0.2949773515625 0.785157059375 0.31825972187499996 0.7838277734375 0.324957209375 0.7856190796875 0.3465945921875 0.7888221484375 0.3495096359375 0.799491971875 0.34502375
1 0.755727159375 0.34840835625 0.7648384218750001 0.345483065625 0.768496565625 0.340610796875 0.772713696875 0.325655228125 0.7795428515625 0.2926650875 0.7793064328125 0.28428524374999997 0.7703636 0.281221915625 0.766046225 0.2836553375 0.7580276296874999 0.3043825234375 0.7546847125 0.32042791875 0.7539393265625 0.3448320640625 0.755727159375 0.34840835625
1 0.7314247328125 0.31514756718750003 0.7338001390625 0.32161238124999997 0.7375442343749999 0.32277635 0.73986594375 0.3213586125 0.744462815625 0.3138835390625 0.7525424515625 0.27140263125 0.75295811875 0.262218678125 0.7459715499999999 0.25674302656250003 0.7366775640625 0.2591710234375 0.732252596875 0.2787185703125 0.730228146875 0.2996416609375 0.7314247328125 0.31514756718750003
1 0.707233171875 0.315712975 0.71403354375 0.3026302421875 0.7244169234375 0.267063821875 0.7255097921875 0.251986490625 0.7110493234375 0.2506688125 0.7076778203125 0.2537423875 0.7039229078125 0.2641536 0.7013896921875 0.2849814515625 0.7014468609375 0.31092509375 0.7027259234375001 0.3144061484375 0.707233171875 0.315712975
1 0.692142453125 0.2591698171875 0.6900787984375001 0.2458170375 0.6812147734375 0.24554699218749998 0.6768257359375001 0.2484300875 0.672046140625 0.2554078671875 0.65687601875 0.2947091109375 0.665392365625 0.31853157187500003 0.6769758046875001 0.31653215156250003 0.68178765625 0.3077080578125 0.692142453125 0.2591698171875
1 0.6441997109375001 0.31178586406250003 0.6528130265625001 0.2971901515625 0.6569013296875 0.25674061406250004 0.6554181015625 0.2430333984375 0.6452821578125 0.24252525625 0.637439140625 0.26050678125000004 0.633852459375 0.29780860468750003 0.6376967984374999 0.31149471875 0.64162361875 0.31315598125 0.6441997109375001 0.31178586406250003
1 0.6202449671875 0.254972659375 0.6200085468750001 0.2465928140625 0.6170455671874999 0.2372394796875 0.602502621875 0.24794665624999998 0.5971426 0.2552788703125 0.5921157671875 0.2654519859375 0.5916247671875 0.289903746875 0.6116494171875 0.2941153703125 0.615221609375 0.2832068671875 0.6202449671875 0.254972659375
1 0.5839863078125 0.2523529765625 0.5879347640625 0.230863878125 0.5865626015625 0.21810363124999999 0.582779103125 0.21554302343749998 0.56896705 0.22823937187499999 0.556229703125 0.267069846875 0.5686836859375 0.2809783875 0.5754983499999999 0.274381565625 0.5795147921875 0.267260928125 0.5839863078125 0.2523529765625
1 0.542019946875 0.2806179234375 0.5547144171875 0.22232971875000002 0.5562837953125 0.209193940625 0.5555529015625 0.2072047671875 0.547842584375 0.20298289687499999 0.5412751578125 0.206384384375 0.5213934296875 0.26703186875 0.520135803125 0.27327968125 0.5255135906249999 0.2904944703125 0.5295837296875 0.291256384375 0.542019946875 0.2806179234375
1 0.513342578125 0.289605371875 0.5163808890625 0.2836908953125 0.518161775 0.2511450046875 0.517137290625 0.21483234062499998 0.5102940421875 0.2084573421875 0.5052851765625 0.21029823281249999 0.496295596875 0.23547453593749998 0.4950128578125 0.24681161875000002 0.5021354015624999 0.2810241953125 0.50610876875 0.287325053125 0.513342578125 0.289605371875
1 0.48732785156249997 0.20462125156250002 0.485611678125 0.200595284375 0.473057253125 0.2070438234375 0.469940134375 0.21016501562499998 0.4669016234375 0.24895872031250002 0.46939871406250006 0.27767454687500004 0.47720580156250003 0.2763574734375 0.485382009375 0.2612168515625 0.48732785156249997 0.20462125156250002
1 0.4523770390625 0.1855752171875 0.4471137890625 0.18736848749999999 0.438049075 0.1949333734375 0.43467717656250004 0.26376540312499996 0.43846067343749995 0.26632601093749997 0.450818084375 0.2528942703125 0.46341578281249995 0.200145009375 0.457471859375 0.18977056406249998 0.4523770390625 0.1855752171875
1 0.3948248875 0.2623253609375 0.397486934375 0.266991478125 0.4048640609375 0.268372446875 0.418335975 0.2167130140625 0.4216968578125 0.1923353921875 0.4195938015625 0.177585971875 0.41562757812499995 0.17452806875 0.41192288593750004 0.17476074218749998 0.409386196875 0.177527503125 0.4022275234375 0.192858603125 0.3969606 0.20947000937500002 0.393287965625 0.24073559531250002 0.3948248875 0.2623253609375
1 0.3519845109375 0.2566212546875 0.3662945109375 0.2555953234375 0.37125683125000003 0.2491148375 0.3825752671875 0.22576374999999999 0.38915351249999997 0.21078708281249997 0.389472409375 0.20714207343750002 0.3814468671875 0.1917470765625 0.37718685937499996 0.187244915625 0.375445575 0.18830821874999998 0.35840167031250003 0.2179969328125 0.3515904796875 0.242654846875 0.349902890625 0.25160070156250003 0.3519845109375 0.2566212546875
1 0.28268108281250004 0.24272175156250003 0.2851746984375 0.2533764890625 0.287360234375 0.256101053125 0.291939140625 0.25695820625 0.30532490624999997 0.2321417609375 0.3112224765625 0.20499738125000003 0.3144400390625 0.18151910625 0.305267934375 0.173318890625 0.298765021875 0.1730277484375 0.2933404859375 0.18405259062499998 0.28956045937499997 0.1995530734375 0.2852788140625 0.2182012734375 0.28268108281250004 0.24272175156250003
1 0.32399148437499997 0.2629582765625 0.3282443484375 0.2642174859375 0.3320923609375 0.2630854640625 0.33419194375 0.259773790625 0.35226787656249997 0.2038822390625 0.3504800453125 0.200305946875 0.3335796578125 0.1962160875 0.32426770625 0.20697630781249998 0.32055566875 0.236845253125 0.31960612187500004 0.2510232375 0.32399148437499997 0.2629582765625
1 0.2708289671875 0.2381876421875 0.27636456875 0.2281097671875 0.286128115625 0.191501140625 0.2856552796875 0.1747414515625 0.2844872765625 0.172207365625 0.280377734375 0.1700488078125 0.2678484203125 0.171408078125 0.2612771234375 0.222506928125 0.2610190671875 0.2372774453125 0.264881371875 0.2426313359375 0.2708289671875 0.2381876421875
1 0.1319030171875 0.2469128765625 0.143164084375 0.23049737499999998 0.1509068578125 0.19999370156250001 0.15273061875 0.18690554374999999 0.15151606875 0.1797318625 0.13962455000000001 0.17380110937499998 0.13172783593749998 0.1839000828125 0.12416411406250001 0.2297191859375 0.12329337343749999 0.2466904515625 0.124533034375 0.2487748640625 0.1319030171875 0.2469128765625
1 0.203199034375 0.175977146875 0.2008273 0.154694196875 0.1926153625 0.15362004375 0.1884090484375 0.1570004328125 0.172593984375 0.2003487390625 0.1708347375 0.20974426875000002 0.1733175359375 0.23197418593750002 0.1798598515625 0.23366196874999998 0.1967245078125 0.221537053125 0.203199034375 0.175977146875
1 0.1443533265625 0.2756395546875 0.13901126875 0.27463954375 0.12939123749999998 0.27746959531250004 0.12160558749999999 0.28851553281250003 0.11695849375 0.3061691453125 0.10606982031250001 0.35970141875 0.1138840546875 0.3616273015625 0.12212110312499999 0.35761218437500003 0.1454529421875 0.329563634375 0.1443533265625 0.2756395546875
1 0.17243945 0.2785817234375 0.16762045 0.2841628625 0.15955878125 0.31831154375000004 0.154334734375 0.3543806828125 0.15550988125 0.3601577234375 0.1595083609375 0.3613693109375 0.1903500265625 0.31249833437499996 0.186752921875 0.295616884375 0.17243945 0.2785817234375
1 0.22065026875 0.33113689218750003 0.2177662953125 0.2916976109375 0.20965112812500003 0.2850845140625 0.20532660625000002 0.28427497968750004 0.2032986828125 0.287136978125 0.1966559234375 0.305806275 0.193295040625 0.3301838953125 0.19500039375 0.3457850453125 0.20231300624999998 0.350858640625 0.22065026875 0.33113689218750003
1 0.25785500156249996 0.30151749843750003 0.25575541875 0.3048291703125 0.254447371875 0.35413475 0.2584924 0.359985934375 0.2787679609375 0.3461840859375 0.2950846453125 0.2996880625 0.28680471875 0.28424544531249996 0.25785500156249996 0.30151749843750003
1 0.33376873281249997 0.331473246875 0.3259473515625 0.326304409375 0.3091651734375 0.32640447031250003 0.30420613125 0.3838252765625 0.31174087031250003 0.39079280625 0.31659927187500003 0.386608309375 0.3235035609375 0.37122958906250003 0.33266157343749997 0.3400646671875 0.33376873281249997 0.331473246875
1 0.3590419453125 0.39316414375000003 0.360209946875 0.39569823125000003 0.368636865625 0.3954233625 0.37207288125 0.388657159375 0.376555215625 0.362174028125 0.37519754375000003 0.32302046562500003 0.3740617984375 0.3186400640625 0.365556075 0.3161216515625 0.35822549531250003 0.31938027812500003 0.3562010453125 0.3403033671875 0.3560109765625 0.3694423484375 0.3590419453125 0.39316414375000003
1 0.390445875 0.38515018749999996 0.40233392031250004 0.37301984843749997 0.40620704375 0.36679855625 0.41918815625 0.30671165624999996 0.418776159375 0.3010774734375 0.409819034375 0.291528234375 0.40267117968750005 0.29528415625000004 0.39754043125 0.307753259375 0.3891455703125 0.339061040625 0.38302934375 0.382372578125 0.3864151390625 0.3857849140625 0.390445875 0.38515018749999996
1 0.458398975 0.330259853125 0.4552461265625 0.31716626875 0.45077113750000003 0.314013128125 0.4440138421875 0.3136743671875 0.43238017968750003 0.325852328125 0.42392794843750004 0.36409569375 0.42241226718749997 0.385114021875 0.4298896390625 0.3990171375 0.44564366250000004 0.37742255 0.458398975 0.330259853125
1 0.483038065625 0.384422634375 0.49706529687499995 0.3374980328125 0.4992545046875 0.3254044640625 0.49422419843750004 0.3175164875 0.48830171250000004 0.31687091093749997 0.480039553125 0.3259752953125 0.463636915625 0.36643508125 0.4601792640625 0.396351646875 0.46048734218750004 0.40428181875 0.46205304687500004 0.4059641765625 0.483038065625 0.384422634375
1 0.5024857640625 0.407049784375 0.5046641515625 0.40653139375 0.5085766796875 0.40170674375 0.5156171421875 0.3821857203125 0.5221525109375 0.3477513203125 0.5227760124999999 0.3339753890625 0.5132921578125 0.3326631375 0.5060940796875 0.3465975984375 0.498989103125 0.3698112515625 0.4945712828125 0.39260175468749997 0.49942601093750005 0.40323539375 0.5024857640625 0.407049784375
1 0.5366628015625 0.4046489125 0.5414818 0.399067775 0.54743306875 0.3798059453125 0.5494144421875 0.37230435 0.5500773484375 0.3599250609375 0.5459143078124999 0.317004728125 0.53253221875 0.3270030359375 0.5299201953125 0.3450376046875 0.5264911265625 0.387925990625 0.53186176875 0.4018978265625 0.5366628015625 0.4046489125
1 0.566461621875 0.39355595625 0.5763791140625 0.37735202968750003 0.5776367390625 0.37110421875 0.5747062171875 0.327025340625 0.5694358203125 0.3255756546875 0.561048303125 0.3272471625 0.5542836609374999 0.3565446734375 0.5515211718749999 0.372235634375 0.55143869375 0.3842604890625 0.5620009265625 0.396888725 0.566461621875 0.39355595625
1 0.5883098359375001 0.41755865 0.5903055046875 0.416542965625 0.596955409375 0.4011166234375 0.61097549375 0.3509490703125 0.6047771859375 0.34052700625 0.5922013234375 0.337246678125 0.5903883796875 0.33875965625000004 0.5850283578125001 0.34609186875 0.578887021875 0.3944926765625 0.5836915281249999 0.41530485625 0.5883098359375001 0.41755865
1 0.6235940359375001 0.406566359375 0.6251131921875 0.40360911875000005 0.6346331765625 0.3553776921875 0.6333971875 0.3384751453125 0.6259412546875 0.33430089375 0.6204236203125 0.33604654375 0.614121196875 0.360799696875 0.6099900171875 0.3817915046875 0.610219290625 0.38692839375 0.6149772484375 0.403100975 0.6235940359375001 0.406566359375
1 0.660744875 0.401943640625 0.668272665625 0.3727889890625 0.669182809375 0.35721436406249996 0.665234553125 0.3458242359375 0.660544584375 0.34402011718750003 0.6496955109375 0.3660698 0.6372770609375 0.40125526562499997 0.6361950109375 0.40475741562499995 0.643726078125 0.4265430828125 0.6544281578125 0.42021088281249996 0.660744875 0.401943640625
1 0.6851583625 0.43615139531249997 0.69691738125 0.43140631249999994 0.7018725546875 0.42168287187500003 0.7024458359375 0.41808548125 0.7042160984375 0.3642355453125 0.6978565062500001 0.36304505468750004 0.6820022390625 0.3721174921875 0.6759325625 0.42006862656250005 0.6766777484375 0.42854371249999995 0.6802140109375 0.43429965625 0.6851583625 0.43615139531249997
1 0.7338640562500001 0.41655743593750005 0.73667676875 0.390687934375 0.7336170171874999 0.38687354375 0.7250718890625001 0.3829584890625 0.7135098875 0.394686775 0.70423346875 0.454541003125 0.7085973937500001 0.4567471765625 0.723075825 0.44973262968750005 0.7262252 0.4447651203125 0.7338640562500001 0.41655743593750005
1 0.7635124109375 0.403120871875 0.7636594046875 0.3874033875 0.747124465625 0.3843081140625 0.733606 0.43132795156250003 0.733623765625 0.4558749546875 0.7368984968750001 0.4583403234375 0.754339909375 0.4606791109375 0.760477571875 0.427096440625 0.7635124109375 0.403120871875
1 0.7654360203125 0.46831331875000004 0.7776786953125 0.4687527453125 0.7832896265625 0.44340705937499997 0.7881553718750001 0.4095862875 0.78566175625 0.3989315515625 0.78460481875 0.397344434375 0.77585185625 0.39802135625 0.767399825 0.40338549375 0.7628960546875 0.4201397578125 0.7598075203125 0.436232771875 0.7576540421875 0.46454112187499996 0.7654360203125 0.46831331875000004
1 0.8015191015625 0.47367866249999996 0.8067500953125 0.47373170625 0.816434640625 0.4672090265625 0.8229306062499999 0.4313779859375 0.8244211781249999 0.4154489265625 0.8199067843750001 0.41089914531250005 0.803593971875 0.409697803125 0.8012722609375 0.4111155421875 0.795575178125 0.46330421875 0.7973307515625 0.4687268265625 0.8015191015625 0.47367866249999996
1 0.8492538078124999 0.45853382031249995 0.8547965546875 0.45169889999999996 0.863968859375 0.4270198890625 0.8669212171874999 0.4150691765625 0.8679567171875 0.40692742812500005 0.8670682109375001 0.3993516921875 0.8500961625000001 0.395711503125 0.8389390109375 0.40983101875 0.8389673984374999 0.45568206875 0.841414465625 0.4616972078125 0.8492538078124999 0.45853382031249995
1 0.900227515625 0.42963957031250005 0.9003636890625 0.4254972671875 0.8907401859374999 0.41026622812499997 0.877845425 0.4106309078125 0.8680569640625 0.41944957812499994 0.8662583109374999 0.42744846562500005 0.875268934375 0.4777594828125 0.8820656328125001 0.4794948875 0.8907900124999999 0.4658461421875 0.900227515625 0.42963957031250005
1 0.8550254296875 0.5225942453125 0.849403678125 0.5595151109375001 0.8513491234374999 0.56867796875 0.8726634578124999 0.597674690625 0.8821007671875 0.5943473484374999 0.8794211531249999 0.5322549984375 0.8677446156249999 0.524975225 0.8550254296875 0.5225942453125
1 0.8196548796875 0.59330875625 0.8233918296875 0.5912297671875 0.8305970515625001 0.5805382625 0.8370285015625001 0.5483998515625 0.8405506703125001 0.5147906578125 0.8382720359375 0.5027869 0.825878896875 0.500003865625 0.8216009218749999 0.5038339281249999 0.8195478875 0.511785196875 0.811873103125 0.55665733125 0.815290953125 0.5911025828125 0.8196548796875 0.59330875625
1 0.79553150625 0.575363396875 0.805241359375 0.53087221875 0.8033998328124999 0.5194133765625 0.7914689109374999 0.512085984375 0.7823647921875 0.518254228125 0.7705626984375 0.53642080625 0.7747794328125 0.5872236921875 0.782744134375 0.5914931828125 0.7871009156250001 0.5904564 0.79553150625 0.575363396875
1 0.7518383531249999 0.57829833125 0.7646939109375 0.5436577812500001 0.7680547921875001 0.5192801593749999 0.7677467124999999 0.5113499874999999 0.755163703125 0.5048267046875 0.7515449624999999 0.511095615625 0.7462780390625 0.5277070203124999 0.7432360546875 0.5484396328125001 0.7432144187499999 0.5715899953125 0.7478792750000001 0.5784833859375 0.7518383531249999 0.57829833125
1 0.7291804375 0.5495131828125001 0.7318355375000001 0.5180571171875 0.7307177578124999 0.5053444921875 0.7238028484375 0.4994191671875 0.719159428125 0.5022546421875 0.708675803125 0.5252989140625 0.708285046875 0.5622728265625 0.70876155625 0.5642143796875 0.716901834375 0.5657382078125 0.7291804375 0.5495131828125001
1 0.6718902124999999 0.563795446875 0.6755626484375 0.5654090875 0.6893604078125 0.5462268265625 0.6924238296875 0.5352230812500001 0.6946275296875 0.49673619375 0.6917111015625 0.49202245468749994 0.6788879984375 0.4919374625 0.6773294390625 0.49349805937499996 0.6677557578125 0.533846934375 0.6662114921875 0.541893440625 0.6680279078125 0.5584415578125 0.6718902124999999 0.563795446875
1 0.6547180734375 0.4693525078125 0.6457823874999999 0.46953213437499997 0.643571740625 0.47189684062500004 0.637365890625 0.523990278125 0.638132515625 0.542194228125 0.65547020625 0.513949775 0.6598414781249999 0.4865196765625 0.659167953125 0.47759491875000004 0.6547180734375 0.4693525078125
1 0.6053313109375 0.542537209375 0.6169614984375 0.51229815625 0.6249658015625 0.48508505937499996 0.6260192671875 0.46861108749999997 0.6221569625 0.46325719843749996 0.6057402296875 0.46435184375 0.597782478125 0.49620453906249995 0.5963098718750001 0.5038013718750001 0.59786823125 0.5351200015625001 0.6025330906249999 0.54201339375 0.6053313109375 0.542537209375
1 0.5915341484375001 0.4630817875 0.5895635921875 0.4590082 0.581892678125 0.45618297343750003 0.577066534375 0.4585211546875 0.5705168734375 0.48646964375 0.5663748749999999 0.5190366296875 0.570244325 0.527633478125 0.583773409375 0.5019176843750001 0.5912044328125 0.478301978125 0.5915341484375001 0.4630817875
1 0.5313238203124999 0.4874684484375 0.534018125 0.490288253125 0.5379126859375 0.493795828125 0.5426349125 0.493753634375 0.5457520312499999 0.4906324390625 0.5547881609374999 0.47009573125 0.55643634375 0.4597532359375 0.5540646109375 0.43847028593750004 0.54369939375 0.43282525156249996 0.53598540625 0.44342151875 0.5298942906249999 0.48164378750000003 0.5313238203124999 0.4874684484375
1 0.5137966546875 0.446214196875 0.50925000625 0.44351072968749994 0.48643060781249997 0.45683638125000003 0.485753409375 0.46272976093749996 0.49272181562500006 0.509416865625 0.4950506703125 0.5112420828124999 0.518672625 0.49945593125 0.5194608859375001 0.49450951875 0.5137966546875 0.446214196875
1 0.4453884828125 0.5088918437500001 0.4568571890625 0.5207635921875 0.4628907375 0.5223561359375 0.465570746875 0.5186900296875 0.480139003125 0.4700143546875 0.4795659203125 0.44073251718749995 0.4783585171875 0.436801790625 0.47417016875 0.43184995312499996 0.4632137046875 0.43813453750000003 0.45076666875000004 0.46034817656250004 0.44494422968749997 0.5051039765625001 0.4453884828125 0.5088918437500001
1 0.3551108578125 0.504958703125 0.363985503125 0.526532796875 0.372451825 0.5276545687499999 0.388832825 0.5103451437500001 0.3992449890625 0.45487131718749996 0.38527923125 0.4562922734375 0.3783186453125 0.45092369843749996 0.3807578375 0.4586983328125 0.373087 0.4491312203125 0.3876820609375 0.44698467031250005 0.365411959375 0.448537909375 0.353745840625 0.49544141249999996 0.3551108578125 0.504958703125
1 0.349930084375 0.49472711875000003 0.35047865312500004 0.4304605421875 0.3466234953125 0.42834960625 0.3340225203125 0.4301585484375 0.31524795 0.4822146140625 0.3134887046875 0.4916101421875 0.3268991796875 0.527462884375 0.34726436562499996 0.5048791359375 0.3486402015625 0.5028212453124999 0.349930084375 0.49472711875000003
1 0.238825253125 0.48504285312500006 0.24496271875 0.4843394109375 0.2476821328125 0.48206994375 0.25555740781249997 0.46224210625 0.2702904234375 0.42239595 0.27158030625 0.414301821875 0.25083190625 0.41134398125000005 0.244715878125 0.421776290625 0.2411902375 0.43732439375 0.2377828078125 0.45706241875 0.23729180625000001 0.4815141828125 0.238825253125 0.48504285312500006
1 0.3229298828125 0.440585434375 0.3207049421875 0.4364642296875 0.2938333703125 0.4406957421875 0.2898491828125 0.44597006562499997 0.28625188125 0.461967840625 0.2819020484375 0.49912680781249996 0.2844995828125 0.5074855546875 0.2878853765625 0.510897890625 0.2970683015625 0.5075229265625001 0.3229298828125 0.440585434375
1 0.21709525 0.465230084375 0.235841234375 0.400202196875 0.2301374015625 0.3833894640625 0.2218932046875 0.3841616234375 0.214752496875 0.3911605 0.20784820937499998 0.40653922187499997 0.1998439078125 0.43375232031250005 0.1976546984375 0.4458458921875 0.1967694671875 0.48921047343749996 0.20944210000000002 0.48695185781249994 0.21709525 0.465230084375
1 0.1586943921875 0.4700426765625 0.16683466875 0.47156650468750005 0.1749678015625 0.4698473765625 0.1770673859375 0.4665357046875 0.19536544218750002 0.41253808437500006 0.187157178125 0.3966457953125 0.17869085625 0.39552402343750004 0.1699450390625 0.39944389999999996 0.1627755484375 0.42635018125 0.1574906578125 0.45129381406249997 0.15770911406250002 0.468005884375 0.1586943921875 0.4700426765625
1 0.130658290625 0.48980119375 0.137781034375 0.49113454531249995 0.15362815624999998 0.47881914999999997 0.1552189734375 0.475412240625 0.15946855937499999 0.4257311265625 0.1583436328125 0.40977554375 0.144273725 0.4043631859375 0.139891834375 0.41048923593750003 0.1353486578125 0.425846859375 0.12975201875 0.45767845781250005 0.127806375 0.481394828125 0.130658290625 0.48980119375
1 0.084962525 0.45762963125 0.08488004375 0.469654484375 0.087509834375 0.4761669171875 0.0945286609375 0.47979625625000005 0.0993225484375 0.47930438750000004 0.12225668125 0.452107565625 0.12111379062500001 0.444484209375 0.1093549734375 0.4163500625 0.098925240625 0.4143976578125 0.0930493046875 0.418391678125 0.09088520781250001 0.4253959796875 0.08732016406250001 0.439547440625 0.084962525 0.45762963125
1 0.09107448124999999 0.5277739125 0.0913325375 0.5130033953125 0.08774258124999999 0.49936489999999994 0.0829809515625 0.49801045312500003 0.07136158125 0.5166743234375 0.058609939062500005 0.5490188859375 0.0570656734375 0.5570653937500001 0.048212068749999996 0.610978621875 0.0471908625 0.62560628125 0.0775917484375 0.5910085281249999 0.09107448124999999 0.5277739125
1 0.1238899765625 0.5339168437499999 0.11563863593749998 0.531446046875 0.09907858593749999 0.5334400421875001 0.0962442359375 0.5824599046875 0.09931460625 0.60757834375 0.1085046765625 0.6074463359375 0.1307581390625 0.5680818000000001 0.132485128125 0.5605325859375 0.1238899765625 0.5339168437499999
1 0.1562608234375 0.6020303593749999 0.172190621875 0.5448108828125 0.172470115625 0.5397692328125 0.168718875 0.535362309375 0.14879814062500002 0.5288546968750001 0.14405080312500002 0.5339861609375001 0.13394691718750001 0.56451093125 0.1295148046875 0.580815521875 0.14621430468750002 0.6256195453125 0.1476295421875 0.6249582953124999 0.1562608234375 0.6020303593749999
1 0.19132329374999998 0.5233856765625 0.20421805312500002 0.5230209953125 0.206865809375 0.521201203125 0.2017315859375 0.515609215625 0.192788753125 0.5125458890625 0.1889872890625 0.5183175046875 0.19132329374999998 0.5233856765625
1 0.20317540781250001 0.5279197859375 0.18696651250000001 0.524422459375 0.173268996875 0.5561268687500001 0.1687007109375 0.5765737625 0.16779056718750002 0.5921483875 0.168585775 0.623324159375 0.17501703125 0.6240649765625 0.20355147499999998 0.5502184203125 0.20317540781250001 0.5279197859375
1 0.24057308593750001 0.5858601906249999 0.2533355453125 0.541940446875 0.2509995421875 0.536872275 0.23104655156249998 0.532210978125 0.227961690625 0.5334858578125 0.2212974921875 0.5424262875 0.2149879234375 0.5639364859375 0.2094270125 0.6119828593750001 0.21297042031250002 0.6209817578125 0.222848309375 0.6362604171874999 0.24057308593750001 0.5858601906249999
1 0.2617116453125 0.650481803125 0.275785228125 0.641076028125 0.2847964453125 0.5927493609375001 0.274241359375 0.5833640796874999 0.2653379296875 0.5816973937500001 0.26081271875 0.588722790625 0.25341395312500004 0.610492184375 0.24921111406250002 0.6319336671875 0.249683953125 0.64869335625 0.257791975 0.6520634984375 0.2617116453125 0.650481803125
1 0.3242332609375 0.5704941296875 0.3159496640625 0.5698696484375 0.3111235203125 0.5722078328125 0.2899055578125 0.60343061875 0.30197592968750003 0.6575560281249999 0.30647603125 0.6556199 0.3230183140625 0.629078903125 0.3299871171875 0.6100075515625 0.3242332609375 0.5704941296875
1 0.3345302921875 0.5946499265625 0.328833409375 0.613959378125 0.32798777968750004 0.625841371875 0.3373389359375 0.64935701875 0.34068532500000004 0.651372715625 0.34834909375 0.6509549875 0.365464659375 0.6208166015625001 0.3680264625 0.612960571875 0.36867140468750004 0.6089135078125001 0.365837453125 0.592174915625 0.3579229734375 0.5777268859375 0.35508535 0.575806428125 0.3454653171875 0.5786364796875 0.3381096296875 0.586984378125 0.3345302921875 0.5946499265625
1 0.40656742812499996 0.612765875 0.4065388421875 0.599794053125 0.3977897515625 0.5527736109375 0.38464060624999996 0.5530906718749999 0.38211820625000004 0.5623433421875 0.37184221875 0.613674865625 0.372100075 0.631783575 0.3738770890625 0.64693505 0.38847005625 0.6589285609375 0.40656742812499996 0.612765875
1 0.43516579218749996 0.633864375 0.45068339531249996 0.6038899421874999 0.45132833593750005 0.5998428796875 0.4465346484375 0.56745551875 0.44157600312499995 0.55911786875 0.43136839687500006 0.5590594 0.418072259375 0.57509394375 0.4127622625 0.605126846875 0.42211341718749995 0.6286424921875 0.42553861406250004 0.6334514687499999 0.43516579218749996 0.633864375
1 0.49118429687500004 0.586464784375 0.48169696562500003 0.5670914406249999 0.4729046015625 0.566371721875 0.46768075312499996 0.5695616328125 0.45797824218749994 0.5844165375 0.453890140625 0.59198685 0.45412655781250005 0.600366696875 0.46954699218749996 0.6416896640624999 0.4922769640625 0.60426668125 0.49118429687500004 0.586464784375
1 0.49051057187499997 0.6104192562499999 0.48821377187500004 0.6396269515624999 0.49058203437500003 0.642848809375 0.4976259703125 0.641388878125 0.512108075 0.6195561921875 0.515386478125 0.607203425 0.5176404 0.5585379968749999 0.5126888984375 0.5534433015625 0.5056449625 0.554903234375 0.502456184375 0.5584741015625 0.49891625 0.56753629375 0.493265915625 0.5914853375 0.49051057187499997 0.6104192562499999
1 0.5351492015625 0.6738829296875 0.5368833375000001 0.66957666875 0.5491729609375 0.6088972375 0.5469051421875 0.5853183 0.545188971875 0.5812923328124999 0.53520349375 0.5831277984375001 0.5315130921875 0.58984638125 0.526199621875 0.601818190625 0.5137166546875 0.6406962828125 0.512888990625 0.644246053125 0.5306096984375 0.6744224171875 0.5351492015625 0.6738829296875
1 0.5748583671875 0.643343090625 0.5752133921875 0.590154403125 0.5699681062499999 0.583615446875 0.561430125 0.5829433468749999 0.556389 0.5866305515625 0.552537315625 0.6025807078125001 0.54891123125 0.6384858906249999 0.56331433125 0.646739153125 0.5724327406249999 0.6470568171875 0.5748583671875 0.643343090625
1 0.6177203812500001 0.6258968359375 0.611772984375 0.5974613015625 0.609476384375 0.59378976875 0.6011533828125 0.5917686484375 0.592805271875 0.5948367953125 0.58534179375 0.653178046875 0.6014682109375 0.6687002296875 0.606985846875 0.66695458125 0.617222234375 0.64710564375 0.6177203812500001 0.6258968359375
1 0.6300236984375001 0.6703409984375 0.6407080125 0.63946179375 0.636344284375 0.6043763906249999 0.6333167921875 0.5987156859375 0.6268532828125 0.5998211828125 0.62098449375 0.607058159375 0.6168890453125 0.6442647421875 0.6204287796875 0.668081778125 0.6253480203125 0.6750227890625 0.6300236984375001 0.6703409984375
1 0.6453763453125 0.664416275 0.6554189921875 0.6885244546875 0.6599262390625 0.68983128125 0.6692347171875 0.6610099671875 0.670406390625 0.6487259171875001 0.668708184375 0.636367725 0.6656018828125 0.6279137390625 0.6602132765625 0.62227413125 0.6545057703125 0.62027953125 0.6507688234375 0.6223585203125 0.6485975796875 0.626119865625 0.6452044406249999 0.6523437999999999 0.6453763453125 0.664416275
1 0.6715170234375 0.6581955875000001 0.6722371 0.6717599421875 0.676504253125 0.679505059375 0.67962851875 0.6796268234375 0.6899437125000001 0.6625711671875 0.69225113125 0.65466751875 0.6973532953125 0.62922659375 0.6984927109375 0.618788859375 0.6977081234375 0.6089171343750001 0.6904349125 0.6052401765625001 0.686221453125 0.605377609375 0.6791738453125 0.6216556796875 0.67365968125 0.6414624203125 0.6715170234375 0.6581955875000001
1 0.7218956140625 0.68892831875 0.735091309375 0.693250853125 0.7374452765624999 0.6899868 0.74443204375 0.662583225 0.7456682328124999 0.6466065453125001 0.7436619453125 0.62631818125 0.7412148796875 0.6203030421875 0.7322934859375 0.6269685796875 0.72435736875 0.6356709125 0.7224405109375 0.639479878125 0.7216736859374999 0.65415515625 0.7218956140625 0.68892831875
1 0.7574846171875 0.6349258796874999 0.7566246953125 0.6403219625000001 0.7640947234375 0.683861353125 0.7856707875 0.6832694234375001 0.7869680140625 0.6455390249999999 0.7845783156249999 0.6325883 0.7697703687499999 0.621943809375 0.7574846171875 0.6349258796874999
1 0.7824428046875 0.6525644234375 0.7763375953125 0.6514215515624999 0.7682187546875 0.6596265906250001 0.7639119984375 0.683364059375 0.765617353125 0.69896520625 0.7700135359375 0.6993250671875 0.7856707875 0.6832694234375001 0.784570971875 0.6622245718750001 0.7824428046875 0.6525644234375
1 0.8247852328124999 0.6465981078125 0.807526546875 0.644756615625 0.8001600375000001 0.6646796937499999 0.7958926843749999 0.6898138031250001 0.82339818125 0.7259896343750001 0.82695240625 0.7234133546875 0.8289876734374999 0.6909150828125 0.828643865625 0.6667701359375 0.8247852328124999 0.6465981078125
1 0.8601625296875 0.644885009375 0.86978970625 0.6452979125 0.8661423828125001 0.6385950031250001 0.8572783562499999 0.6383249546875 0.8533980890624999 0.641303290625 0.853111446875 0.6431019859375 0.8601625296875 0.644885009375
1 0.8685139171875 0.6927571796875001 0.870158628125 0.6643535921875 0.8695639078124999 0.6582221171875 0.8679982015625001 0.6565397578125001 0.8527280359375 0.650439625 0.84410023125 0.691428653125 0.8413806156250001 0.726577346875 0.843025128125 0.7310529859375 0.8553072046875 0.7328890546875 0.8685139171875 0.6927571796875001
1 0.8559156218749999 0.844144125 0.854507728125 0.8151691015625 0.84844559375 0.8006047374999999 0.8324480062499999 0.810576521875 0.8245584406249999 0.8239184500000001 0.832590928125 0.8754356296875001 0.8397924796874999 0.8795622609375 0.8548333749999999 0.8805255031250001 0.8559154234375 0.877023353125 0.8559156218749999 0.844144125
1 0.7414858375 0.8421730296875 0.7437895828125 0.8490875203125 0.749042015625 0.8588694312499999 0.7569136171874999 0.853859728125 0.7638573109375 0.8398776484375 0.7754480953125 0.8082419546875 0.7742766203125 0.787646775 0.7659644375 0.774050475 0.75033596875 0.7701987109374999 0.7493578375000001 0.7714048734375 0.7408517140625 0.8346449140625 0.7414858375 0.8421730296875
1 0.7244815328125 0.8403791593750001 0.72989545 0.80805026875 0.7318125078125 0.771362075 0.7189285640625 0.7601515765625 0.7017164265625 0.762949678125 0.7020494171875 0.798669809375 0.7084088109375 0.8327395265625 0.7104187703125 0.8382097546875 0.7219842453124999 0.844542559375 0.7244815328125 0.8403791593750001
1 0.6972089828125 0.7945220796875 0.6979255828125 0.79002534375 0.6913189515625 0.7591509609375 0.6828777421875001 0.7529399171875 0.6711509796875 0.7558386859375 0.6643001890625 0.8119791859375001 0.6661631546875 0.8331668953125 0.6689756671875 0.8401766234375 0.6730064015624999 0.8395418953125 0.6972089828125 0.7945220796875
1 0.6503164296875 0.779723834375 0.643928253125 0.7655615234375001 0.6355729953125 0.7653867156249999 0.6308579125 0.768671865625 0.62191855625 0.78366963125 0.621313015625 0.7891133359375 0.6362067203125 0.8386732890624999 0.64786549375 0.821406059375 0.6526810171874999 0.797763828125 0.6503164296875 0.779723834375
1 0.606264778125 0.8177863656250001 0.6088802734375001 0.8178128875 0.6135559515625 0.8131310968750001 0.6165942640625001 0.8072166218750001 0.6194929296875 0.78738335625 0.6177338796875 0.763899659375 0.614860525 0.7457644250000001 0.6112454578125 0.7372151984374999 0.598214521875 0.741722184375 0.5965985953125 0.7502183640625 0.593907565625 0.7983388796875001 0.606264778125 0.8177863656250001
1 0.56408730625 0.7997029703125 0.5871218828125 0.7521490671875 0.5876951640625 0.748551678125 0.5845853921875 0.7220366 0.576835671875 0.7164180874999999 0.5650301046874999 0.7165235734375 0.5635109484374999 0.7194808125 0.5484375984375001 0.7532431125 0.548047040625 0.7573377953125 0.5557714500000001 0.8009248046874999 0.56408730625 0.7997029703125
1 0.5110070671875 0.7957867078125 0.5205983140625 0.8128640624999999 0.525431603125 0.8137688359374999 0.53327095 0.8106054468749999 0.5340269546874999 0.8075053499999999 0.531404509375 0.7713566453125 0.5293408546875 0.758003865625 0.5257509 0.7443653703125 0.5216413578125 0.742206815625 0.508037140625 0.7503111890625 0.507517553125 0.7617911328125 0.5110070671875 0.7957867078125
1 0.47207554375000005 0.8000760874999999 0.476159975 0.8073239109375001 0.484805546875 0.7908818875 0.490248046875 0.77152481875 0.49842445468749996 0.72350496875 0.4971168046875 0.7070520921875 0.49292845625000004 0.7021002562499999 0.48392825625 0.7059725140625 0.47884405625 0.7230812140625 0.476296546875 0.7374231531250001 0.47106882812500006 0.788310428125 0.47207554375000005 0.8000760874999999
1 0.44821022499999996 0.7673602125000001 0.45692398437500004 0.7324074234375 0.46175747187500005 0.7004329671875 0.44939658906249996 0.6958036171875001 0.4432734140625 0.7029929734375 0.4388986703125 0.7123619796875 0.4309335734375 0.7738509453125 0.4314172296875 0.7790354546875 0.4389448234375 0.78276003125 0.44821022499999996 0.7673602125000001
1 0.8086068046875001 0.9371675171874999 0.8034366531250001 0.948239978125 0.799477378125 0.981304259375 0.799543675 0.98261021875 0.8266913078125 0.9819783515625 0.828176384375 0.9491664515625 0.822884546875 0.9379879000000001 0.81045200625 0.9338082249999999 0.8086068046875001 0.9371675171874999
1 0.784501196875 0.9437691593749999 0.7772816796875001 0.947974753125 0.7752215015624999 0.9526830671875001 0.7675072203125 0.983355875 0.7934431843749999 0.982752209375 0.7949880968749999 0.9716652078125 0.7954217296875 0.954149028125 0.7939993453125 0.951567321875 0.784501196875 0.9437691593749999
1 0.7524811078125 0.9359227750000001 0.73477449375 0.94511155 0.733620784375 0.9490633734375 0.7335274875 0.9726634093750001 0.7357450953125 0.9840951468749999 0.7630301953124999 0.9834600796874999 0.7691162921875 0.951540196875 0.7686720375 0.9477523281250001 0.757497121875 0.9373248390625 0.7524811078125 0.9359227750000001
1 0.7180462109375 0.9202149343749999 0.6981146578125 0.9252825031249999 0.68824004375 0.9609441625 0.6934410375 0.9850797859375 0.7164563937499999 0.9845440968749999 0.7209444765625 0.9661401250000001 0.722370534375 0.9539036953125001 0.7221198234374999 0.9390379390625 0.7180462109375 0.9202149343749999
1 0.671210828125 0.9313603328125 0.6673879265625 0.9274030812499999 0.6480904984375 0.93999876875 0.64069520625 0.979829253125 0.64379408125 0.98623533125 0.6788381984375 0.9854196703125 0.6798165984375 0.979280121875 0.6789532046875 0.9666151140625001 0.676445296875 0.9494744687500001 0.671210828125 0.9313603328125
1 0.6393879546875 0.897617921875 0.62739251875 0.8939831593750001 0.624888084375 0.894903603125 0.604164596875 0.919735721875 0.6019933546875 0.9234970671875 0.6038737671875001 0.9871644859375 0.6199826078124999 0.9867895499999999 0.6417594890625 0.9517801 0.6433111 0.9140973203125 0.642350934375 0.90697125625 0.6393879546875 0.897617921875
1 0.595186034375 0.9004576156249999 0.5817682140625 0.8942411484375 0.5573006296874999 0.917909296875 0.5561863234375 0.9232577609374999 0.5596650171875 0.96882851875 0.5660166875 0.9880456203125 0.570306590625 0.987945771875 0.5846877187499999 0.982774434375 0.5889191421875 0.974304775 0.5904634109375 0.9662582671875001 0.595186034375 0.9004576156249999
1 0.5549180796875001 0.908201528125 0.542564340625 0.9068151343749999 0.529110590625 0.9172631171875001 0.52727968125 0.92710831875 0.5255059421875 0.9628971640625 0.5338471140625 0.988794375 0.540011415625 0.9886509 0.5570209375 0.9558301765625 0.5582391609374999 0.9481857218749999 0.5588126390625 0.911709103125 0.5549180796875001 0.908201528125
1 0.5167925828125 0.9320915 0.5144853625 0.9071159218749999 0.5106230593750001 0.90176203125 0.50059103125 0.8989578968749999 0.49144383906250005 0.9185476390625 0.48314575 0.9443164749999999 0.491869928125 0.9635469593750001 0.4983728421875 0.9638381046875001 0.51607598125 0.9365882359375 0.5167925828125 0.9320915
1 0.46307435 0.968344484375 0.46837700312499997 0.96794785625 0.47527434687500003 0.9164469515624999 0.4745901984375 0.8862181453125 0.4722936015625 0.8825466140625 0.4604092265625 0.87985881875 0.44889010156250003 0.9110448375000001 0.4470197921875 0.9194934 0.4459018125 0.9396600015625 0.4484993453125 0.9480187484375 0.46307435 0.968344484375
1 0.44302151093750003 0.885402584375 0.43477016874999996 0.8829317890624999 0.42623933437500006 0.8855026453124999 0.41729977656250006 0.9333796375000001 0.4355221046875 0.9604082843749999 0.43926620156249996 0.961572253125 0.4465002046875 0.9309733390625 0.4463928140625 0.9152082375000001 0.44302151093750003 0.885402584375
1 0.38517557343750003 0.96070846875 0.40135608281249996 0.918354746875 0.40637944062500003 0.890120540625 0.40378905468750004 0.8850047484375001 0.398876959375 0.8813066953125 0.3928505578125 0.8829571046875 0.381786503125 0.9063558109375001 0.37955789218749997 0.9170527421875001 0.378368253125 0.9376690171875 0.3812236421875 0.9641364765624999 0.38517557343750003 0.96070846875
1 0.3564875828125 0.9483918656249999 0.3631519796875 0.906572209375 0.3645960015625 0.886003553125 0.3477744203125 0.8847069718749999 0.34295542343749996 0.8902881125000001 0.3397772640625 0.915163025 0.34206651718750003 0.9484708312500001 0.3452767359375 0.95462883125 0.353846975 0.9534546140625 0.3564875828125 0.9483918656249999
1 0.29870308125 0.936185575 0.3091042296875 0.9251661562500001 0.3189002359375 0.8538319874999999 0.313217840625 0.8467481187500001 0.3094737453125 0.84558415 0.303081896875 0.8462399749999999 0.298040771875 0.8499271796875 0.29491998124999996 0.867866509375 0.2914443640625 0.9061153 0.2951094515625 0.9373652140625 0.29870308125 0.936185575
1 0.22256355156250002 0.9191540296875 0.23378174375 0.8832807921875 0.2291564875 0.8449048156250001 0.223187453125 0.8396196421875001 0.21244597187499997 0.8445552031249999 0.21024246875000002 0.8501628640625001 0.20478547812499998 0.8959132500000001 0.2145414828125 0.921820121875 0.220607290625 0.921566353125 0.22256355156250002 0.9191540296875
1 0.2505851625 0.9257888265625001 0.270366446875 0.8854984218749999 0.27008715 0.85766084375 0.268596778125 0.8407106750000001 0.26557643125 0.838292925 0.25664074375 0.838472553125 0.24921339531250003 0.8472701265625 0.2433444078125 0.8873863265624999 0.2430181640625 0.9206676093749999 0.24732472187500001 0.9298093671875 0.2505851625 0.9257888265625001
1 0.17650988125 0.823472375 0.168014975 0.8093787796875 0.16590824531249998 0.8094474984375 0.1558402890625 0.823307815625 0.1455928828125 0.8876111609375 0.148946421875 0.8928698109375001 0.1568251703125 0.8911030656250001 0.17167639375 0.8554468312499999 0.17650988125 0.823472375
1 0.0939997421875 0.8497047468750001 0.0879408828125 0.8860806999999999 0.0909038625 0.8954340359374999 0.12227920781249998 0.8744482578125 0.115120934375 0.8240209046875 0.10632856718749999 0.8233011843750001 0.0993311796875 0.8294007140625 0.0939997421875 0.8497047468750001
1 0.0664797546875 0.8399222328124999 0.0631656203125 0.8360602234375 0.051274101562499994 0.8301294734375 0.044046984375 0.840466540625 0.04742338125 0.9048920171875 0.050531989062500005 0.9054739359375 0.051725103125000005 0.9029187515625001 0.065626978125 0.848561275 0.0664797546875 0.8399222328124999
1 0.035718765624999996 0.6815546593749999 0.039182296875 0.7476427765625 0.0452303296875 0.741474425 0.0448042390625 0.6964751031249999 0.038305 0.6813658265625 0.035718765624999996 0.6815546593749999
1 0.088063959375 0.678177121875 0.0757890265625 0.6795840078125 0.066967878125 0.6987716953125 0.06288305 0.7572823265624999 0.0660538640625 0.762043684375 0.07211966875 0.7617899140625 0.09329108124999999 0.7259275296875 0.0924278859375 0.6803832937500001 0.088063959375 0.678177121875
1 0.0958886140625 0.734286278125 0.100431590625 0.75180788125 0.10163185 0.7524956515625 0.1116675484375 0.7404816484375 0.1202092046875 0.7263356140624999 0.13170341562500001 0.6673596359375 0.119016490625 0.663132340625 0.112814509375 0.6675284125000001 0.1066268234375 0.678410396875 0.10189377656250001 0.690027771875 0.10056449062499999 0.6967252578124999 0.0972609765625 0.7141672953125 0.0958886140625 0.734286278125
1 0.16670792343750002 0.6942882218750001 0.16538230781250002 0.686167571875 0.1568551453125 0.6739202921875 0.15042389218750002 0.673179475 0.14459450625 0.6818130890625 0.1319467828125 0.7118616640625001 0.1282384171875 0.7269124734375 0.125586990625 0.7435504015625 0.1308645359375 0.7482430421874999 0.16461895937499998 0.718903940625 0.16670792343750002 0.6942882218750001
1 0.1853634875 0.7695591453125 0.2116117546875 0.7462243359375 0.21465006718750002 0.740309859375 0.21818305312500003 0.6951254859375 0.21762773750000003 0.69039065 0.207581415625 0.6811006078124999 0.201483353125 0.683200690625 0.19718027031250002 0.6921200234375 0.189383803125 0.7147411453125 0.1833894578125 0.7474244671875 0.18283046875 0.75750776875 0.1853634875 0.7695591453125
1 0.23675613750000002 0.7824212640625 0.2543159578125 0.7560707437499999 0.2636029984375 0.7175205640625 0.2639076046875 0.70738964375 0.25573159375 0.6896510390625 0.246974959375 0.705146096875 0.2385980640625 0.7281216515625 0.2357567671875 0.74101933125 0.2328221734375 0.777517046875 0.233083703125 0.780807621875 0.23675613750000002 0.7824212640625
1 0.30324745000000003 0.7235525828125 0.30380643906250004 0.7134692828125 0.2982745140625 0.708729021875 0.2857774546875 0.708241975 0.276891790625 0.7311222921875 0.2745341515625 0.7492044796874999 0.28248436250000003 0.7798672875 0.293602109375 0.7643511328125 0.29757915156250003 0.7558338531250001 0.30324745000000003 0.7235525828125
1 0.40873420468750005 0.7553395765625 0.41735833749999995 0.7291686859375 0.4162083 0.7183023734375 0.41217041718749997 0.71569414375 0.4039262234375 0.71646630625 0.40037199843750004 0.7190425859375 0.3924213890625 0.7541382343749999 0.38915727968749997 0.7729769140625 0.3934638375 0.782118671875 0.40501154687499996 0.763904475 0.40873420468750005 0.7553395765625
1 0.3546754359375 0.8183879328125 0.35874557500000004 0.819149846875 0.37623740625 0.7784308656250001 0.3770832359375 0.733669640625 0.3759834203125 0.712624790625 0.367294971875 0.70960908125 0.3627232125 0.7119948828125 0.3587461703125 0.7205121625 0.35662147499999997 0.72891310625 0.350849259375 0.7634903625 0.349473225 0.79842748125 0.3546754359375 0.8183879328125
1 0.3424260125 0.7489470953125 0.3490832640625 0.70388448125 0.3467078578125 0.6974196671875 0.343576446875 0.6940549515625001 0.3365253640625 0.692271928125 0.3269733203125 0.709470440625 0.322573465625 0.7239287171875 0.320846475 0.7314779312499999 0.32493070625 0.7716049843749999 0.33354035 0.7718274109375 0.3424260125 0.7489470953125