1 0.8146764109375001 0.2426378390625 0.8081362671875001 0.23889002499999998 0.7476301578125 0.22617087656249998 0.744055778125 0.22963324062499998 0.7435503156250001 0.23467647343750003 0.7583914890625 0.24300340937499998 0.789434471875 0.2552818625 0.8129578343749999 0.2597848359375 0.8166817937499999 0.2594301609375 0.8170902812499999 0.2461542578125 0.8146764109375001 0.2426378390625
1 0.792459584375 0.2987008140625 0.784887359375 0.2960503171875 0.7370086796875001 0.2907450484375 0.7281769125 0.2914613234375 0.726032809375 0.30365375625 0.7315661437500001 0.308246721875 0.7514413656250001 0.3123478875 0.7715945921875 0.3136752734375 0.7966555 0.31203769531250003 0.797388421875 0.30472500625 0.792459584375 0.2987008140625
1 0.8006486625000001 0.2721961421875 0.7974322234375 0.2628869265625 0.7853566890625 0.25916680312499996 0.7603968734375 0.2597957328125 0.7440666390625 0.26172568125 0.7328421546875 0.267914690625 0.735306575 0.2709267859375 0.74237539375 0.27399985937500004 0.7591564281250001 0.27677231562500004 0.7915388890624999 0.2756861953125 0.79959130625 0.2735456203125 0.8006486625000001 0.2721961421875
1 0.8023575109375001 0.3333481625 0.7953392359375 0.329770765625 0.771765328125 0.3257721140625 0.7460008890625 0.325228903125 0.7387004890625 0.33366660000000004 0.7406109578125 0.33760559687499997 0.7609369796875 0.346409165625 0.767755128125 0.3473831984375 0.7927402171875 0.3465021078125 0.8008705109375001 0.33898439062499996 0.8023575109375001 0.3333481625
1 0.798821325 0.36403014843750003 0.7908215125 0.36104574375 0.7571583562499999 0.3565094796875 0.7415842578125 0.3554952359375 0.735871953125 0.3572880578125 0.7305093546875 0.36479193125 0.7334519046875 0.3676336109375 0.7571501203125 0.37499211093749996 0.7735288406249999 0.37717849531250003 0.795720959375 0.3765634125 0.799270065625 0.373353209375 0.798821325 0.36403014843750003
1 0.8037398687499999 0.3931576296875 0.76059195625 0.38665252968749997 0.7521119546875 0.388459196875 0.7500983375 0.39014950625 0.750172096875 0.394013678125 0.7557307046874999 0.398354484375 0.77032120625 0.40458237812500003 0.7910263265624999 0.409603521875 0.8110784593749999 0.41193955468750004 0.8160134734375 0.404101775 0.8126959421875 0.3958012046875 0.8037398687499999 0.3931576296875
1 0.8148720624999999 0.4246903671875 0.800054103125 0.4207319265625 0.7629176578125 0.41864938125 0.74842413125 0.4206541515625 0.748422071875 0.4252748109375 0.75141516875 0.4276121671875 0.776370865625 0.436224553125 0.7971265328125 0.440741371875 0.8081973171874999 0.44068599218750004 0.812098190625 0.43856618437500006 0.8148720624999999 0.4246903671875
1 0.8109062328125001 0.459659103125 0.7986305671875 0.453335615625 0.7490162765624999 0.44694687499999997 0.7391776984375 0.4485083046875 0.734015225 0.45861553906249997 0.7545645890625 0.47439097031250005 0.7966339875 0.47325639218750004 0.8046864046875 0.47111581718749995 0.8086883703125001 0.4679873625 0.8109062328125001 0.459659103125
1 0.75104075625 0.477349009375 0.7345841562500001 0.4805397671875 0.7325452640625 0.4824822375 0.733046609375 0.48668031718749993 0.7451453609375001 0.49476893593750004 0.7820522890625 0.5037415953125 0.8015525312499999 0.502383871875 0.8038967593749999 0.4927948046875 0.7911176921874999 0.48689389531250005 0.75104075625 0.477349009375
1 0.79057254375 0.5245338937499999 0.7825727312499999 0.5215494875 0.7539921078125 0.5169037890625 0.7424937375 0.5166252609375 0.7409500125 0.5366277859374999 0.7646229546875001 0.544238446875 0.775820109375 0.5429222578124999 0.7843759312499999 0.5403591046875 0.7987472078125 0.5303738234375001 0.79057254375 0.5245338937499999
1 0.7967465093749999 0.5595359171875 0.7749587609375 0.5561164125 0.759359390625 0.5553543296875 0.7513827953125001 0.5567384203125 0.743128190625 0.560896290625 0.753034353125 0.5770610078125 0.7939705765625 0.57803239375 0.8100521953125 0.5693827453125 0.808645134375 0.565021171875 0.7967465093749999 0.5595359171875
1 0.8104674296875001 0.5974406 0.8087570875000001 0.5961049671875001 0.795674740625 0.5932299999999999 0.7360217437500001 0.5857993234375 0.722305509375 0.5938490562500001 0.7219011390625 0.59788364375 0.7369677125 0.6085617812499999 0.743333003125 0.6094540687500001 0.8072659703125 0.610982509375 0.8123758375 0.6060002546875001 0.8104674296875001 0.5974406
1 0.79238716875 0.63063168125 0.75772131875 0.6176992593749999 0.725896928125 0.6086171625000001 0.719354725 0.6094900062499999 0.71952751875 0.6169661890625 0.7244816296875001 0.62273821875 0.755421459375 0.640645975 0.7666923734375 0.6431939609375 0.7934383484375 0.643144178125 0.796610415625 0.63909574375 0.79238716875 0.63063168125
1 0.7388637671875 0.64484538125 0.7220048593749999 0.64745006875 0.7185547859375 0.65427228125 0.7454967703125 0.6660671781249999 0.783686453125 0.6760415625 0.7875620515625 0.6741739171875001 0.7972783828125001 0.66463198125 0.793882971875 0.6617085546875 0.7388637671875 0.64484538125
1 0.7998315390624999 0.6943593765625 0.7915072921874999 0.6854117578125 0.737212778125 0.679718525 0.7208299390625 0.6867734546875 0.7222370015624999 0.6911350296875 0.789432834375 0.710709678125 0.7992481984375 0.7047797546875 0.8024455390625 0.700479159375 0.7998315390624999 0.6943593765625
1 0.8015465640625001 0.7416494250000001 0.80280610625 0.738282653125 0.8009714578124999 0.7335871703125 0.7873624921875 0.7267662828125 0.7629586875000001 0.721847653125 0.7094687937499999 0.7173265609375 0.708735871875 0.7246392515625 0.7124830453125 0.7286530703125 0.7328343421875 0.7372044796874999 0.763955203125 0.7441057875 0.7814165515625 0.744690534375 0.798174371875 0.7430944937499999 0.8015465640625001 0.7416494250000001
1 0.7798202265625 0.7698180390625 0.7766775484374999 0.7643729953125 0.7641027234375 0.7518341328125 0.7605051296875 0.750928 0.7442507171875 0.7521014640625 0.718610584375 0.754918103125 0.710985753125 0.7573925874999999 0.7059981359374999 0.77035535 0.7102487125 0.7739465921875001 0.719331153125 0.7753293593749999 0.744969228125 0.7771333765625 0.7783100109375 0.7710857703125 0.7798202265625 0.7698180390625
1 0.7731207734375001 0.8412615562499999 0.7677916828125 0.8300306375 0.7442935953125 0.8252755015625001 0.7165175968749999 0.8218019421875 0.6888891187499999 0.826056728125 0.6884342 0.8305956390624999 0.6904457609375 0.8335259890625 0.7000042734374999 0.8393589984375 0.7243322609375 0.8450341124999999 0.7434786765625 0.8472066515625001 0.7594550859375 0.8488069656249999 0.771583228125 0.847402109375 0.7731207734375001 0.8412615562499999
1 0.6979900859375 0.785853575 0.69421558125 0.7867125734375 0.6920503234375001 0.7899158515625 0.6920735375 0.7942843484375001 0.7023355828125 0.8022981437500001 0.7162478265625001 0.8060930890625 0.7460353859375 0.8124969999999999 0.758995484375 0.8073914640625001 0.7597830703125 0.7903331328125 0.75684051875 0.787491453125 0.6979900859375 0.785853575
1 0.7662691171875 0.859022315625 0.7502694937500001 0.8530535046875001 0.7123031515625 0.8500509781250001 0.7010554531250001 0.8518714921875 0.695115690625 0.8559337703125 0.69918935625 0.8612901453124999 0.7134786390625 0.8659233234375 0.7644999953125 0.8766736375 0.7693107 0.86547600625 0.768381771875 0.8609440171875 0.7662691171875 0.859022315625
1 0.7174038578124999 0.9785634734374999 0.7042962390625 0.975940665625 0.6727710078125 0.9730739421875001 0.6538226578125 0.978125425 0.6499702734375 0.9843615671875 0.6516300671875 0.9862015234375001 0.668208915625 0.990991271875 0.7144257421875 0.9990772437500001 0.72635375625 0.9950690203124999 0.7239692765625 0.9820591249999999 0.7174038578124999 0.9785634734374999
1 0.7618530546875 0.9444843765625001 0.7420304390625 0.9352582296874999 0.6963675625 0.9262453578125 0.6799826671875 0.9379209484375 0.6797784203125 0.9445589 0.7004814828125 0.9542007 0.7100167796875 0.9556652124999999 0.7561619046875 0.955266353125 0.7605914546875 0.9524718046875 0.7618530546875 0.9444843765625001
1 0.62912175 0.9623707625 0.6296524859375 0.9570753671875 0.578056025 0.9382628015625001 0.54453626875 0.9506961984375 0.538369046875 0.9570279312500001 0.5380384375 0.9649266937500001 0.5926089 0.9724668031249999 0.6109001484375 0.973971528125 0.62370860625 0.9703789609375001 0.62912175 0.9623707625
1 0.6222757031249999 0.91107381875 0.6070322171875 0.9021608140625 0.5513708890625 0.9147049718750001 0.5514193765625001 0.9188213062499999 0.556651490625 0.9218195578125 0.5928296140625 0.9288635921875 0.627952440625 0.932636446875 0.6346715546875 0.9299984703125 0.6222757031249999 0.91107381875
1 0.6347174156250001 0.8835397328125 0.5975618765624999 0.8678473734375001 0.5734531125 0.8783854359375001 0.576292509375 0.8868564203125 0.5908324656249999 0.8935886375000001 0.6152362703125 0.8985072671875001 0.6350630046875 0.898492096875 0.6383846546874999 0.897551353125 0.6388142984375 0.893264603125 0.6347174156250001 0.8835397328125
1 0.599324253125 0.8088622953125 0.5803717859375 0.8231550921874999 0.5848730390625 0.828845375 0.632697053125 0.843896284375 0.636471559375 0.843037284375 0.6611889375 0.821826684375 0.6486393859375 0.809035659375 0.599324253125 0.8088622953125
1 0.620279478125 0.760786746875 0.5877221625 0.7590173421874999 0.5709896171875 0.7603612203125001 0.5656038046874999 0.763496596875 0.570204090625 0.7727988921875 0.6268598734374999 0.787133525 0.6316473671875 0.7715674 0.6288585125 0.762592090625 0.620279478125 0.760786746875
1 0.648575353125 0.72687246875 0.611268171875 0.7126930812500001 0.5845242546875 0.70812220625 0.5770510625 0.70908371875 0.5744308890625 0.716825909375 0.576543540625 0.7187476109375 0.5985293546875 0.7293911375000001 0.6266297890625 0.738827909375 0.6473349093749999 0.743849053125 0.65252059375 0.738110309375 0.6524741656249999 0.72937331875 0.648575353125 0.72687246875
1 0.6885656078125 0.705081396875 0.6818779421875 0.6936052390625 0.6765700078125 0.6913634734375 0.615105578125 0.6836058125 0.608034696875 0.685153396875 0.59303570625 0.6922014046875 0.5912980328125 0.695738590625 0.5936360859375001 0.7000114953125001 0.6370346703124999 0.7086156328125 0.6695161656249999 0.711141525 0.682952334375 0.7104862296875 0.6885656078125 0.705081396875
1 0.6765864781250001 0.6543982109375001 0.664864765625 0.6471478234375 0.61590345625 0.6434441953125 0.5907141234375 0.6509632375 0.6020061937500001 0.6625003734375 0.622660765625 0.668025840625 0.6618340453125 0.672786575 0.6768077609375001 0.6659907296875 0.67837058125 0.6595980171875 0.6765864781250001 0.6543982109375001
1 0.6871450578125 0.6180523078125 0.6809587390625 0.61077423125 0.6687062890625 0.6088192421875 0.6196186140625 0.60637641875 0.5930181015625 0.6187752046874999 0.5941997640625 0.620785575 0.6017467187500001 0.623688234375 0.6315090031249999 0.6303443046874999 0.675038071875 0.6284463203125 0.6861109171875001 0.6237702828125 0.6871450578125 0.6180523078125
1 0.679283965625 0.5860831484375 0.665849853125 0.5821177859375 0.630878665625 0.5768319609375 0.6101209421875 0.5769358 0.6043833625 0.5789807828125 0.6032754609375 0.5808345859374999 0.6060916453125 0.5849370734375 0.6149698421875 0.592957790625 0.6381414390625 0.5963703703125 0.6624714828125 0.5974248281250001 0.6778959984374999 0.5953313859375 0.679283965625 0.5860831484375
1 0.649837309375 0.5486771921875 0.642062896875 0.5480439875 0.6218591250000001 0.5472209265625 0.615140009375 0.5498589015625 0.6164459796874999 0.5552291234375 0.628393090625 0.5648307109374999 0.6706332265625 0.5757929749999999 0.6887222890625 0.57931499375 0.70208675625 0.5701748656250001 0.66193811875 0.552145153125 0.649837309375 0.5486771921875
1 0.7004898609375 0.5401066421875 0.6588815578125 0.522840334375 0.652516265625 0.521948046875 0.6341471421875 0.5258204656250001 0.62969231875 0.528867175 0.6388949484374999 0.5428511046875 0.650492353125 0.5467416453125 0.6663676703125 0.54935060625 0.6964585078125001 0.5527285734375 0.700411984375 0.5454837828125 0.7004898609375 0.5401066421875
1 0.6876008984374999 0.4985012796875 0.6353937625 0.49498191093750005 0.618686490625 0.496073628125 0.6171510015624999 0.49759352031250004 0.6180293875 0.5026298328125 0.636718828125 0.513961940625 0.6850230359375 0.5242217765625 0.69357885625 0.5216586234375 0.695541928125 0.5204726390625 0.695899871875 0.5077010578125 0.6876008984374999 0.4985012796875
1 0.7058751062499999 0.4817755328125 0.6899513046875 0.47505023749999997 0.6408656890625 0.467986759375 0.6375945875 0.46842318125000004 0.6385214609375 0.4775758296875 0.6527581359375 0.4873339859375 0.6576384875 0.48924184375 0.67899865 0.492327440625 0.7045861765625 0.49463578124999996 0.7078087890625 0.4900830265625 0.7058751062499999 0.4817755328125
1 0.707700953125 0.44975791562499995 0.6978412203125 0.442330190625 0.682595675 0.4380378421875 0.6524290171875 0.4354163578125 0.6330804156250001 0.4352611140625 0.62399385625 0.4431196625 0.6428581531249999 0.457307296875 0.6465315656249999 0.45745694531250003 0.6838701953124999 0.4575221984375 0.70812648125 0.45471248124999997 0.707700953125 0.44975791562499995
1 0.648548734375 0.391329590625 0.6449258671875 0.3906756203125 0.6341815734375 0.3920735546875 0.6263272265625 0.40143815156249996 0.6267274781250001 0.4066448796875 0.6312792765624999 0.41183083906249995 0.639228540625 0.41531956875000003 0.6870798890625001 0.42549765624999997 0.70024423125 0.41375416875 0.7008760609375 0.407450125 0.648548734375 0.391329590625
1 0.6844885359374999 0.3685506390625 0.6588019765625 0.3626302859375 0.6295157625 0.360424459375 0.6238540031250001 0.36171295625 0.613055046875 0.37285653124999996 0.613958703125 0.37764068125 0.67416359375 0.38876511406250003 0.688684453125 0.381887521875 0.687304721875 0.372653128125 0.6844885359374999 0.3685506390625
1 0.6560971796875 0.3344158625 0.62205698125 0.32904136875 0.6194326890624999 0.3460248734375 0.6208902984375 0.349882121875 0.6445126937500001 0.3579971078125 0.693549821875 0.3609442515625 0.695192578125 0.34455373906250003 0.680022853125 0.33950490625 0.6560971796875 0.3344158625
1 0.6914789125 0.32180512656250004 0.6902467046874999 0.3202990796875 0.680688190625 0.3144660703125 0.6467743609375 0.30783076875000004 0.62080979375 0.30468419375 0.6178105203125 0.316208809375 0.6192660703125 0.324686715625 0.6471158296875 0.3320244484375 0.663469278125 0.3344629953125 0.6808548078125 0.3358042265625 0.68838060625 0.32971773125000003 0.6914789125 0.32180512656250004
1 0.6694337484374999 0.2749528265625 0.6331292578125 0.2691695984375 0.6241437953125 0.2760195015625 0.622732615625 0.28089924375 0.62632815 0.28642603437499997 0.631056859375 0.2898468625 0.6828828390624999 0.301769315625 0.684896459375 0.30007900625 0.688300103125 0.2845198015625 0.6851826984375 0.278822596875 0.6694337484374999 0.2749528265625
1 0.697428403125 0.23944383125000002 0.6851001359375 0.238245325 0.65878174375 0.238629015625 0.6506535078125 0.24152607499999998 0.645417275 0.247769140625 0.6505230234375 0.2520281984375 0.6946483531250001 0.26718162031250003 0.7113576859374999 0.261469246875 0.7125981296874999 0.24449266249999999 0.7055545796875 0.24116742656249998 0.697428403125 0.23944383125000002
1 0.696739284375 0.20491843906249999 0.6927141046874999 0.2036783984375 0.6552258953125001 0.2005054578125 0.6396497375 0.2041118703125 0.6394202203125 0.2110019828125 0.6853275953125 0.2359758671875 0.6935295906250001 0.2369429796875 0.704754075 0.23075397187500002 0.7087096109375 0.21888852499999997 0.696739284375 0.20491843906249999
1 0.5291099859374999 0.16618744375 0.5232692578125 0.1738617328125 0.5452215640625 0.20324005 0.553497321875 0.20807133437499997 0.5906064343749999 0.2150267 0.59187009375 0.20241861249999998 0.5881270359374999 0.189163478125 0.5291099859374999 0.16618744375
1 0.6049885734375 0.2371338625 0.5940714859375 0.23105561406250003 0.560736878125 0.2232412484375 0.5280047109375 0.21861631718750002 0.51569965625 0.22178630781250003 0.5126539546875 0.22457393125 0.5135576140625 0.2293580828125 0.5457569859375 0.24389906875 0.59109336875 0.251569384375 0.5993206375 0.252284334375 0.604203046875 0.24957153281250002 0.6049885734375 0.2371338625
1 0.5687222796875 0.2585702578125 0.523183709375 0.2529172359375 0.5062995265625 0.25577408749999997 0.5040837203125 0.2594816890625 0.5059668562499999 0.2682935046875 0.553687721875 0.2889737171875 0.574472778125 0.2839970578125 0.5829548375 0.2775697328125 0.5792370546875001 0.2640624359375 0.5687222796875 0.2585702578125
1 0.5770321109375 0.2998624796875 0.569485159375 0.296959821875 0.545081353125 0.2920411921875 0.508145034375 0.292562009375 0.506860221875 0.29618094375 0.5121913703125001 0.302791203125 0.5344804640625 0.31040878906249997 0.555286675 0.314421284375 0.5727480234375 0.315006028125 0.57979363125 0.313710609375 0.5770321109375 0.2998624796875
1 0.5605378859375 0.3310293453125 0.52951811875 0.32311938906250004 0.510468675 0.32917951875 0.5096599328125 0.33724869375 0.5113955484375 0.3383321640625 0.5470934796875 0.3501672703125 0.572204934375 0.348025371875 0.576232171875 0.3446447546875 0.572461784375 0.33626243906250003 0.5605378859375 0.3310293453125
1 0.5743810546875 0.3769145359375 0.5706591546875 0.372648553125 0.5329981484374999 0.3619994296875 0.5215503234375001 0.3612165796875 0.49922977968750004 0.3677131296875 0.49975639843749997 0.37165904843750003 0.503830065625 0.377015425 0.5192504640625 0.384163296875 0.5274271875000001 0.3853825703125 0.5689405796875 0.3897955515625 0.570878378125 0.38886172812500003 0.5743810546875 0.3769145359375
1 0.579171171875 0.41192348125 0.5707690484375 0.4083530046875 0.5431446906249999 0.40336647656249996 0.511111934375 0.41016364687499995 0.5284195875 0.41688202187499995 0.5802961140625 0.42830014843750003 0.583190175 0.42702549687499997 0.5858608984375 0.41877898125 0.579171171875 0.41192348125
1 0.5785522640625 0.44569931093750004 0.5624010015625001 0.44124346875000003 0.5339699578125 0.43970545625 0.5016127703125 0.44053941406249997 0.5013347640625 0.44331319375 0.5066659140625001 0.4499234546875 0.5363755953125 0.46170450625 0.5440994609375001 0.4628420328125 0.5769832687500001 0.46595399375 0.5826259312500001 0.451055684375 0.5785522640625 0.44569931093750004
1 0.5776048031250001 0.48275323906249995 0.5742346687500001 0.4795776515625 0.559492528125 0.4748627265625 0.5346843515625 0.47397868593750003 0.50615015625 0.478069978125 0.513343284375 0.4845029 0.54584799375 0.49139728906249996 0.57458025625 0.4945300171875 0.578179909375 0.4908154921875 0.5776048031250001 0.48275323906249995
1 0.5572117640625 0.5114192562500001 0.534918553125 0.5130429859375 0.5310429546875 0.5149106328124999 0.5296823203125001 0.5192860515625 0.5319698265625 0.5240632781250001 0.533930840625 0.5274979531249999 0.5391376828125 0.5307483656249999 0.57763064375 0.5376968078125001 0.5899862437500001 0.53402249375 0.5874501234375 0.52252556875 0.5676275078125 0.5132994234375 0.5572117640625 0.5114192562500001
1 0.5238374718750001 0.5362016546875 0.51885603125 0.5353024468750001 0.5009083140625 0.553370746875 0.5020141578125 0.556137603125 0.545004253125 0.5780176453125 0.5508661390625 0.579332509375 0.5700713359375 0.5625180953125 0.56874009375 0.5574000359375 0.5238374718750001 0.5362016546875
1 0.5644477718750001 0.591026215625 0.536423159375 0.5808329578125 0.4854987765625 0.5783153140625 0.481220865625 0.579596890625 0.48106716875 0.5857305187499999 0.4892882625 0.600307440625 0.49281003593749995 0.6019700609374999 0.5375166484375 0.6113237625 0.5623774296875 0.607082821875 0.5714892625 0.598972109375 0.5678937281249999 0.5934453203125 0.5644477718750001 0.591026215625
1 0.519534871875 0.6769417171875001 0.5263364 0.6817739453125 0.5231146718749999 0.673532853125 0.5283862890625 0.6610203921875 0.4720802125 0.6523968078125 0.45084023906250004 0.661912378125 0.44955336562500003 0.67015196875 0.4678384359375 0.6855186671875 0.476617596875 0.6899273734375 0.52502495625 0.694557903125 0.532745240625 0.67437014375 0.5265993046874999 0.6872281609375 0.519534871875 0.6769417171875001
1 0.5382507046875 0.71440253125 0.4762385 0.6937097984375 0.46808705 0.6922383640625001 0.465721665625 0.692838278125 0.43829125468749996 0.704317084375 0.4690521140625 0.72861063125 0.478587415625 0.7300751453125 0.5339413453125 0.72979824375 0.539204909375 0.718682359375 0.5382507046875 0.71440253125
1 0.531749321875 0.793070071875 0.5235978718750001 0.7915986359375 0.48112616093750005 0.7921471437500001 0.459839759375 0.7929257203125 0.4568951515625 0.7947046984374999 0.45450243281249997 0.8001774328125 0.45747025781249995 0.80276695 0.4811431984375 0.8103776140625 0.5010942390625 0.8137222921875 0.517045375 0.81557476875 0.5287964796875 0.8133316796875001 0.531749321875 0.793070071875
1 0.5241491968750001 0.7400966625 0.520804334375 0.7366689125 0.44914544375 0.738623603125 0.4433299875 0.7460457296875 0.44566804062500004 0.750318634375 0.45298753437499995 0.7554907484375 0.48997028125000003 0.7637069234375 0.506374275 0.765641146875 0.5125647125 0.763677909375 0.5241491968750001 0.7400966625
1 0.546871128125 0.8491983 0.5499188890625 0.8417900171875001 0.5353304453125001 0.830941465625 0.467498665625 0.8269121734375 0.44445137656249994 0.8268594421875 0.4387349546875 0.8378935796875 0.48072235625 0.8513774625 0.49297480781249997 0.8533324515625 0.5214058500000001 0.8548704640624999 0.5381383953125 0.8535265859375001 0.546871128125 0.8491983
1 0.5251447875 0.8773669156249999 0.5121423796875 0.864494146875 0.455052834375 0.863687578125 0.451278328125 0.8645465765625 0.4473501234375 0.8715392046874999 0.44654138125 0.87960838125 0.44822645000000005 0.881196175 0.46425134687499997 0.8869128234374999 0.48973778125 0.8902298109375 0.5176401453125 0.8924425656249999 0.5238579156250001 0.88560650625 0.5251447875 0.8773669156249999
1 0.5044525906249999 0.8998175578125001 0.4894092296875 0.893507915625 0.4404014921875 0.8810672953124999 0.4366775328125 0.8814219703124999 0.4203937265625 0.8920889109375001 0.419686078125 0.8991494390625 0.4269803 0.9045737171875 0.450352021875 0.910589659375 0.4825555140625 0.91588933125 0.49860774062499996 0.9167331609374999 0.5057291671875 0.91468125625 0.5044525906249999 0.8998175578125001
1 0.4844304140625 0.9431837765625 0.4606372828125 0.9229719515625 0.45361900625 0.919394553125 0.42103024062500005 0.9317392828125 0.41921675 0.9360329546875 0.42074811875 0.943754378125 0.426281453125 0.9483473437500001 0.43787886093750006 0.95223788125 0.4559426484375 0.9560120624999999 0.47056048125 0.9573671375 0.4779073078125 0.9576664328125 0.4833942140625 0.9535224093749999 0.4844304140625 0.9431837765625
1 0.3984569671875 0.9407574515625001 0.3984842984375 0.9358846312500001 0.38636027500000003 0.928048175 0.37207099375 0.9234149953124999 0.30743655312499996 0.9150851109374999 0.2656369234375 0.9319285390625 0.28000202500000004 0.9358052328124999 0.3343703015625 0.9453626375 0.342547025 0.9465819109375 0.377244325 0.9454001999999999 0.3984569671875 0.9407574515625001
1 0.35211526718749997 0.8741159015625 0.344366128125 0.8732305359374999 0.30025577812500004 0.8809282421875 0.29755978125000004 0.8894269156249999 0.32087889999999997 0.9005678406250001 0.368854553125 0.9141057781249999 0.375402934375 0.8993709624999999 0.37533123281249997 0.8908861328125001 0.35211526718749997 0.8741159015625
1 0.3864710953125 0.8487405078125001 0.3832778703125 0.8437997859375 0.37834697500000003 0.842396253125 0.318818284375 0.838325428125 0.2943366015625 0.83878394375 0.2933045171875 0.8398812578125 0.3317619125 0.87018515 0.348694584375 0.8714446359375 0.380900134375 0.8721236484375 0.3871663890625 0.869403925 0.3864710953125 0.8487405078125001
1 0.40827325468750003 0.8198154078125001 0.40431771875000005 0.8316808546875001 0.408543021875 0.8355242593750001 0.41516104531250003 0.8338949296875 0.41471230468750003 0.82457186875 0.41076500468750005 0.8179546859375 0.40827325468750003 0.8198154078125001
1 0.381908434375 0.8114621062499999 0.30285216875 0.813621825 0.3017674828125 0.819844121875 0.33155298437499997 0.8308686890624999 0.34679852968749997 0.8351610359375 0.36775637968749997 0.8376605609375 0.40210191406250007 0.8353884562499999 0.4032665390625 0.819168359375 0.381908434375 0.8114621062499999
1 0.40692703124999996 0.7918462234375 0.40801789375 0.7717619515624999 0.403792590625 0.767918546875 0.35795074375 0.7652914656250001 0.30448406562499997 0.7651388703124999 0.31642911875 0.779361115625 0.324100378125 0.785623625 0.37190117968749997 0.7963060359374999 0.3943692453125 0.79753783125 0.40483759375000006 0.7942930171875 0.40692703124999996 0.7918462234375
1 0.36976474531250003 0.7348201078125001 0.363681578125 0.7219127249999999 0.314646509375 0.714344925 0.30165907812500004 0.7243232796875 0.2990409625 0.7274448125 0.30001838125 0.7360931359375 0.316018003125 0.742061946875 0.337831025 0.7452292890625001 0.3608530421875 0.74553418125 0.3688801859375 0.74364576875 0.36976474531250003 0.7348201078125001
1 0.359702259375 0.6742139468749999 0.33939739375 0.67439953125 0.30922661875 0.6810193625000001 0.3061051 0.684563471875 0.3548286546875 0.7136398453125 0.39081282812499996 0.7042185437499999 0.39441248125 0.70050401875 0.3961269390625 0.6925983359375001 0.359702259375 0.6742139468749999
1 0.3996378515625 0.6621685140625 0.39858255468750003 0.6588973328125001 0.3868881734375 0.6467741250000001 0.37156886875 0.6386176046875 0.3674931421875 0.6378818875000001 0.3592153265625 0.6376712625 0.325421684375 0.6436371234375 0.3228773296875 0.650622828125 0.3238820796875 0.65439833125 0.3439027625 0.6708485 0.3555759890625 0.6739825515625 0.37575448749999996 0.6750577765625 0.384133396875 0.6742597546875 0.39422470625 0.670176709375 0.3996378515625 0.6621685140625
1 0.3909318828125 0.6064282484375 0.37845403437499997 0.6021220546875 0.3289619890625 0.603713821875 0.3364269453125 0.6212349390624999 0.35051404218750004 0.6278854109374999 0.3678722390625 0.6340994625 0.4201531375 0.6414830046875 0.42976425625000003 0.6421910296875 0.433745065625 0.6300734218749999 0.3909318828125 0.6064282484375
1 0.4332390359375 0.5799209265624999 0.4034050484375 0.564780025 0.399329321875 0.564044309375 0.3661401765625 0.5685789453125001 0.3638464953125 0.577663690625 0.3675178484375 0.5824339953125001 0.3875385328125 0.5988841625 0.41793058906249997 0.6038568484375 0.437081125 0.5967880734375 0.43987821250000003 0.5872807515625 0.4332390359375 0.5799209265624999
1 0.44341851718749997 0.54735745 0.427423009375 0.5321473234375 0.410593490625 0.5252585328125 0.36821875312499996 0.5340397109375 0.40368305156249995 0.562006246875 0.4116828640625 0.5649906515625001 0.42011231718750003 0.5636883078125 0.43712286875000006 0.5595706500000001 0.44165351093750005 0.55576745625 0.44341851718749997 0.54735745
1 0.4652186171875 0.5230530078125 0.46169890156250004 0.5167697312499999 0.41422665312499996 0.5028092171874999 0.40142025 0.5017811265625001 0.376357284375 0.5080393609375 0.3729830328125 0.5141050890625001 0.3754221765625 0.5173693453125 0.4041776546875 0.5248705703125001 0.42317243125 0.52855608125 0.44780369531249997 0.531205253125 0.4575159078125 0.5309046328125 0.4618443640625 0.529118734375 0.4652186171875 0.5230530078125
1 0.44293981718750003 0.49233213593749997 0.4474977921875 0.4836561234375 0.44410238281250003 0.4807326953125 0.42204074843750006 0.47084565625 0.3601992796875 0.4622497640625 0.355569603125 0.462440946875 0.3537813828125 0.46648245624999995 0.377873675 0.49290965625 0.381521815625 0.49331146718749996 0.422432765625 0.4945350125 0.43544135156249997 0.49354580937500003 0.44293981718750003 0.49233213593749997
1 0.4473605640625 0.45282448750000004 0.3960653203125 0.435606640625 0.391812684375 0.436636053125 0.389569546875 0.44521647656249996 0.3934874578125 0.4613271375 0.42906108125 0.4698023953125 0.44549035000000003 0.47148445624999996 0.4504485765625 0.468015171875 0.452188309375 0.459857328125 0.4473605640625 0.45282448750000004
1 0.45054704375 0.41643145312499996 0.42483932500000005 0.40152194375 0.404285846875 0.39498783125000003 0.382319128125 0.39795411718749996 0.3790965140625 0.402506875 0.38952929531249997 0.4226175109375 0.4477711125 0.4349279265625 0.45305789062499996 0.42818053906250003 0.4534390484375 0.41977745468750005 0.45054704375 0.41643145312499996
1 0.418208384375 0.37567948906250004 0.38549943125 0.37542305468750004 0.3796860328125 0.378224525 0.38499190781250003 0.385086946875 0.406927178125 0.3962347953125 0.4438846515625 0.4047031328125 0.45249101875 0.40163565625000003 0.45536186718750005 0.3959925046875 0.45075952187499996 0.3913108703125 0.418208384375 0.37567948906250004
1 0.44020449375000004 0.3632197265625 0.436282465625 0.35635038125 0.42901351875 0.35067394375 0.41759302500000006 0.345018271875 0.40544166875 0.342054634375 0.3750981 0.341198284375 0.375096040625 0.3458189421875 0.3954937640625 0.363107340625 0.407065896875 0.3672500421875 0.4332558625 0.3727478171875 0.4374832265625 0.3719705640625 0.440528928125 0.369182940625 0.44020449375000004 0.3632197265625
1 0.4650482375 0.3407483171875 0.463542140625 0.332774734375 0.454259575 0.32878860312499997 0.443894378125 0.3264041140625 0.4179803578125 0.32275321562500003 0.409727815625 0.322290428125 0.3904277 0.326251515625 0.3896715625 0.3291957109375 0.395933703125 0.335717303125 0.40878859062500006 0.34086172656249997 0.4254938046875 0.3443906671875 0.44609988906250003 0.3457997984375 0.4637381515625 0.34461941406249996 0.4650482375 0.3407483171875
1 0.45963864374999996 0.28431946875 0.440671196875 0.2757611390625 0.42494751875 0.27163920625000004 0.3966175703125 0.269092546875 0.392817790625 0.270203709375 0.3932897453125 0.283895265625 0.4266981125 0.29557380312500003 0.4410379421875 0.2997026578125 0.4452400328125 0.2991775671875 0.4558347453125 0.2946719453125 0.46474439375000004 0.288578528125 0.45963864374999996 0.28431946875
1 0.4532433953125 0.23772492656250002 0.41656392656249996 0.22648281250000002 0.4099629421875 0.24634261093749998 0.44978302656249997 0.267650428125 0.4552173296875 0.268631384375 0.47114730781249997 0.261494709375 0.465040928125 0.24421883125 0.4532433953125 0.23772492656250002
1 0.4365129078125 0.2344481484375 0.41656392656249996 0.22648281250000002 0.3967330734375 0.235739296875 0.3958505734375 0.23994430000000003 0.4103905265625 0.24667651875000002 0.43444256562500005 0.2505047546875 0.4446096953125 0.2456652234375 0.4452162515625 0.23961334218750002 0.4365129078125 0.2344481484375
1 0.4444574890625 0.1919824640625 0.421313225 0.1836970640625 0.38946355781249997 0.174867128125 0.385990271875 0.17732084374999998 0.41312208906250003 0.21482239375 0.43850742968749995 0.21914803124999999 0.4597432859375 0.2188737765625 0.4627951640625 0.2022241796875 0.4444574890625 0.1919824640625
1 0.476626903125 0.1608211953125 0.4743332203125 0.1699059421875 0.474078428125 0.177048215625 0.47588986406249995 0.1773752015625 0.47984128281249994 0.17475107031249998 0.48205914375000003 0.166422809375 0.476626903125 0.1608211953125
1 0.45838826250000003 0.1541914921875 0.43058904687500005 0.1463494359375 0.388268975 0.145384971875 0.386603003125 0.15740699062500002 0.390451271875 0.1604121625 0.42504336093750006 0.1694804140625 0.46690851718750004 0.1749837890625 0.46530544375 0.1587775359375 0.46412378125 0.15676716562499998 0.45838826250000003 0.1541914921875
1 0.30884802499999997 0.1189825140625 0.281352090625 0.108114515625 0.249704609375 0.0972672875 0.2460311953125 0.097117640625 0.24275391875 0.111416034375 0.24471287187500002 0.1194713640625 0.2920546390625 0.1439340046875 0.3071021171875 0.14100233125 0.321172175 0.129422334375 0.30884802499999997 0.1189825140625
1 0.293415840625 0.194754315625 0.25972534999999997 0.1950908734375 0.24432610625 0.1969321515625 0.2373037140625 0.20259606875 0.2452509203125 0.21070545625 0.2512623875 0.215128009375 0.258331209375 0.21820108437500002 0.321579740625 0.2311585484375 0.32301413437500004 0.23064730312499998 0.32367535625 0.2148497828125 0.3129119640625 0.20263790625000003 0.293415840625 0.194754315625
1 0.2808668578125 0.2371590234375 0.2482357828125 0.23152544375 0.2435302859375 0.2324731125 0.24639289843749998 0.24531259374999997 0.25109633593749997 0.2489855828125 0.2821119875 0.26613685625 0.316400796875 0.2782310484375 0.32390544062500004 0.2631553984375 0.31671642968749997 0.2474811609375 0.2808668578125 0.2371590234375
1 0.28927984375000004 0.272821940625 0.284751259375 0.2720044765625 0.23465265781250003 0.27964812656250004 0.23291498437499997 0.2831853125 0.238875903125 0.2881121875 0.2587490671875 0.29683400937500004 0.31470131874999996 0.3089878578125 0.32076950625 0.29904411249999996 0.3171507578125 0.289148825 0.28927984375000004 0.272821940625
1 0.2977330796875 0.3310838234375 0.2858870609375 0.32047358593749997 0.26918390625 0.3123239890625 0.24508132031250002 0.3090000765625 0.2252019796875 0.314140228125 0.268741909375 0.3443346859375 0.2741509359375 0.345567803125 0.2910856671875 0.34220663125 0.2955657625 0.33890775781250004 0.2977330796875 0.3310838234375
1 0.2920104796875 0.355979934375 0.2698982984375 0.3465972171875 0.2499978046875 0.3427482140625 0.2434556015625 0.34362105781249996 0.23764220156250002 0.346422528125 0.2369366125 0.3488623984375 0.2522012546875 0.3667645578125 0.2992711921875 0.380139003125 0.307900775 0.381440021875 0.3158814890625 0.370814615625 0.3086630890625 0.36463385625 0.2920104796875 0.355979934375
1 0.3230390515625 0.40060299062500004 0.29838663125 0.3889646640625 0.2947637640625 0.38831069218750003 0.242552509375 0.3940326390625 0.2390518921875 0.4013591734375 0.27884670625 0.42291915312499995 0.282897159375 0.4239070328125 0.319608075 0.4210350140625 0.3228791765625 0.42059859218750006 0.32628076250000004 0.4096600453125 0.3230390515625 0.40060299062500004
1 0.26070092031250003 0.43376343281249996 0.22663956875000002 0.41939978437500003 0.22344428593750001 0.41907972187500003 0.21820805468749999 0.42532278593750006 0.2177278640625 0.430113859375 0.23148434999999998 0.44466309375 0.26323086406249996 0.45912233125 0.274425959375 0.46242679999999997 0.2860295390625 0.45245536406250003 0.28510060937500004 0.44792337812499994 0.272976584375 0.44008691874999994 0.26070092031250003 0.43376343281249996
1 0.3130117765625 0.4868492265625 0.2975408328125 0.48020567812500004 0.24903444062500002 0.47196313749999996 0.22888121250000001 0.47063575 0.21063845468750003 0.4732473609375 0.21647300781249998 0.47943504687500005 0.2275164609375 0.48425248437499996 0.27795859375 0.49618185937500003 0.292475334375 0.49854558281249994 0.31036426875 0.4994642359375 0.3166073125 0.4923760171875 0.3130117765625 0.4868492265625
1 0.277371134375 0.5158435531250001 0.24129204531249998 0.5124115296875 0.22387918281250002 0.51594311875 0.22536000625 0.5241688625 0.230215084375 0.52632888125 0.291626909375 0.5392115234375 0.301867796875 0.538236165625 0.3104994375 0.5349165265625 0.3094988046875 0.5218997078125 0.277371134375 0.5158435531250001
1 0.1725103234375 0.09924966874999999 0.1232519125 0.08471000625 0.09982346875 0.09306035781250001 0.12646011562499998 0.1125018546875 0.1335542109375 0.11532276718750001 0.16648650625 0.1225510625 0.178589375 0.12139836562499999 0.1823386078125 0.1207915265625 0.1817908328125 0.10785645625 0.1725103234375 0.09924966874999999
1 0.160645775 0.13022535 0.1585583953125 0.1280514859375 0.1415772359375 0.1226756671875 0.1284696171875 0.1200528609375 0.110555409375 0.11938636875 0.098829578125 0.12137729687500001 0.0862950078125 0.13143739999999998 0.090570859375 0.13477648281250001 0.11321171875 0.14348445781250002 0.154322796875 0.14731136875 0.159430603125 0.146949771875 0.165496734375 0.14162668437499998 0.160645775 0.13022535
1 0.1572380140625 0.15502587031249998 0.1537162390625 0.1533632515625 0.09421488125000001 0.14441960625 0.0920222921875 0.15249570625 0.099866346875 0.166234396875 0.1234361375 0.1794743609375 0.14617808906250002 0.18717369374999998 0.1503043609375 0.1874050859375 0.16409847500000002 0.1739782125 0.1641510796875 0.1688532296875 0.1572380140625 0.15502587031249998
1 0.1383742859375 0.1960339640625 0.1261976578125 0.193322490625 0.0814637125 0.18884160781249998 0.07580195468749999 0.19013010624999999 0.08548271562500001 0.203943621875 0.1220569734375 0.22543570000000002 0.1591428734375 0.2280225703125 0.16959212343750002 0.21116794374999998 0.1526130234375 0.20117146875 0.1383742859375 0.1960339640625
1 0.1297999359375 0.24018303749999997 0.11400249843750002 0.23219693281249998 0.10205332812500001 0.227216 0.09073186875 0.225172340625 0.0669980859375 0.24116929062499998 0.0905890328125 0.2633984125 0.13099451875 0.2696651921875 0.148512590625 0.25588364218750004 0.145772228125 0.25102466875 0.1297999359375 0.24018303749999997
1 0.1693549375 0.29173641875 0.161180271875 0.28589648749999996 0.1545895828125 0.2826529984375 0.117884840625 0.27166304375 0.0773468109375 0.28051904375 0.07472869531250001 0.283640575 0.0731132703125 0.2951582703125 0.1339923 0.317956965625 0.13821966562500002 0.3171797125 0.1679143671875 0.3061096359375 0.16950040156249999 0.304085421875 0.1693549375 0.29173641875
1 0.0896101234375 0.3145664765625 0.0814333984375 0.31334720312500003 0.0720982265625 0.3144860546875 0.0609707171875 0.32890773125 0.061775342187500006 0.33007987031249997 0.078526984375 0.342345803125 0.1214180453125 0.360613834375 0.12687761718749999 0.3613426296875 0.15649855937499998 0.3464083828125 0.15426571718749998 0.3318855140625 0.0896101234375 0.3145664765625
1 0.13326818125 0.36198275468749996 0.09799783281249999 0.35048155468750003 0.09029924218749999 0.349091865625 0.051498884375 0.3544106796875 0.051899137500000005 0.35961740781249996 0.0746875203125 0.3760537296875 0.1096313734375 0.386212375 0.1196195296875 0.3877586328125 0.1334368578125 0.3787002546875 0.1355556859375 0.3667599828125 0.13326818125 0.36198275468749996
1 0.125298328125 0.40470060312499995 0.1019033921875 0.3943161625 0.09737480625 0.3934986984375 0.066197221875 0.400963684375 0.0646596765625 0.4071042359375 0.0807310015625 0.42155787812499995 0.10785401718750001 0.4223463265625 0.12926678281249998 0.4203069390625 0.12937199375 0.4100569796875 0.125298328125 0.40470060312499995
1 0.134261146875 0.44867793593750005 0.1053560875 0.43806902187499996 0.053856601562499995 0.42748912499999997 0.05199256249999999 0.43228712031249994 0.0674826046875 0.45254048124999996 0.07480209843749999 0.457712596875 0.09452568125000001 0.46332673125 0.1031805375 0.464375590625 0.13641816874999999 0.46395728593749996 0.13715315 0.452023940625 0.134261146875 0.44867793593750005
1 0.098475040625 0.465323259375 0.0833305890625 0.46002226406249996 0.051855903125000005 0.4566512171875 0.051929662499999994 0.4605153890625 0.07285194687499999 0.48637036718750004 0.12143415937499999 0.493856421875 0.126293353125 0.48677512500000003 0.12622165000000002 0.4782902953125 0.098475040625 0.465323259375
1 0.115637796875 0.5148883609375 0.111437765625 0.5107927937500001 0.0828571421875 0.50614709375 0.0375671875 0.5072137703124999 0.0331629109375 0.5097561546875 0.057840603125 0.5211423203125001 0.078017046875 0.5268382015624999 0.0889361921875 0.5282957921875 0.1145510515625 0.5257313140625001 0.1178242125 0.520674234375 0.115637796875 0.5148883609375
1 0.0835189296875 0.545545303125 0.0414031015625 0.537942890625 0.0357918890625 0.5387270640625 0.032265996875 0.5463057625000001 0.037295928125 0.5513213078125 0.0687159484375 0.564437990625 0.0935473390625 0.569690528125 0.100266453125 0.56705255 0.10372064375000001 0.5509890234375 0.0835189296875 0.545545303125
1 0.12714348125 0.611696375 0.1219134234375 0.6040774671875 0.0505134421875 0.589648565625 0.03699939375 0.5956810031249999 0.0348594078125 0.5986321218749999 0.0639140453125 0.6123487203125 0.1017014171875 0.6217370359375 0.11984102187500001 0.6247547296875 0.1247992515625 0.6212854437499999 0.1272172421875 0.6155605484375 0.12714348125 0.611696375
1 0.0697744390625 0.6734799734375 0.032109315625 0.672072165625 0.0292405265625 0.6730946578125 0.02730066875 0.6786491390625 0.0495098265625 0.696264521875 0.0950716078125 0.706286040625 0.1010851328125 0.7060879359375 0.10883838906250001 0.6977319859375 0.105419765625 0.6904400625 0.0697744390625 0.6734799734375
1 0.12048165625 0.6551637875 0.104583125 0.6481863265625 0.07786654062500001 0.6387426328125 0.0335560625 0.643836971875 0.028774748437499997 0.645541128125 0.0363701875 0.6525601203125 0.0684958015625 0.663236934375 0.10874965 0.6710166875 0.11929381718750001 0.6670153859375 0.1219645390625 0.6587688734375 0.12048165625 0.6551637875
1 0.07920509375 0.7403901796875 0.040733290625 0.7424308890625 0.036830359374999996 0.7491713546875001 0.040954571875 0.75402340625 0.10571331718750002 0.7657131390624999 0.12186869687499999 0.7609276656249999 0.122523740625 0.7589921171875 0.11133276562500001 0.7464463343750001 0.07920509375 0.7403901796875
1 0.09187952031249999 0.8117367812499999 0.093644525 0.803326775 0.0471073828125 0.7800362765625 0.01866378125 0.8018721671875 0.0186822484375 0.8026655515625001 0.02631203125 0.808116221875 0.06301883124999999 0.81448551875 0.084052503125 0.8162285593749999 0.09187952031249999 0.8117367812499999
1 0.06753300625 0.8476475859375 0.06474209375 0.8432929359375001 0.056188329687500004 0.84123543125 0.019503840624999998 0.8379645421875 0.0200156296875 0.859953040625 0.035597224999999996 0.862677425 0.0547436421875 0.8648499640624999 0.0699174859375 0.86065748125 0.06753300625 0.8476475859375
1 0.064445559375 0.8876526328125 0.0206050078125 0.885275146875 0.021166659375 0.9094059765625 0.054621960937500005 0.9120651890625 0.079179465625 0.9108501890625 0.08210703593749999 0.8908407421875 0.064445559375 0.8876526328125
1 0.19675602187500002 0.9107660937500001 0.1535616828125 0.8955240046874999 0.1279174328125 0.9075819578125 0.12733615 0.9133816781249999 0.12922134375 0.9175728359375 0.13395005468750001 0.920993665625 0.1543266203125 0.9292929109375001 0.1870082453125 0.9344221640624999 0.20512463906249997 0.9330713640624999 0.209482484375 0.9217919859375 0.19675602187500002 0.9107660937500001
1 0.22555736093749998 0.8718085828125 0.181960709375 0.8559804218749999 0.141523771875 0.8638277734375001 0.13958391406249998 0.8693822546875 0.1432805421875 0.8739003984375 0.20074095 0.8894071703125 0.221675584375 0.8875382015625 0.22646101875000002 0.8765927328125 0.22555736093749998 0.8718085828125
1 0.243629384375 0.8571001296875 0.2495944203125 0.852785690625 0.24907191874999998 0.8395984562500001 0.1890924296875 0.8308252265625 0.1730886890625 0.8340977296875 0.1587194703125 0.839462353125 0.1590459625 0.8408049078125 0.17464121562499998 0.8508083046875001 0.1943900703125 0.8561702796875 0.21210209375 0.8588540671875 0.2189202421875 0.8598281 0.23142542187499998 0.8592614734374999 0.243629384375 0.8571001296875
1 0.248703115625 0.82027759375 0.2497878046875 0.8140552968750001 0.2403829890625 0.8020886609375 0.23293712812499998 0.7981773546875 0.20865968750000002 0.791997915625 0.17098427031250002 0.8136933984375 0.17402585625 0.8201470875 0.190781615625 0.8231717046875 0.20630516562499998 0.8246902734375 0.2387634484375 0.82284766875 0.248703115625 0.82027759375
1 0.257056184375 0.7645360046875 0.25092247031250003 0.7521329453125001 0.24652025156250001 0.7500546734375 0.2020410984375 0.738431515625 0.195498896875 0.7393043593749999 0.16570104218749998 0.756003740625 0.1765928578125 0.76233415 0.18645464843749998 0.7651412171875001 0.21958912968750002 0.77035221875 0.2435421359375 0.77056844375 0.253330165625 0.7695113375 0.257056184375 0.7645360046875
1 0.2474971046875 0.7035072671875 0.23766058750000002 0.7004480375 0.1979586296875 0.696362040625 0.1676867640625 0.703990521875 0.16821338125000002 0.7079364390625 0.1713075703125 0.70926515 0.2072582359375 0.7185786390625 0.220466946875 0.7201928 0.24492335625 0.7199864484375 0.262285675 0.7169591828125 0.2474971046875 0.7035072671875
1 0.2527982953125 0.6644152734375 0.242936503125 0.66160820625 0.2102801546875 0.6562267890625 0.20097025624999998 0.6571134796875 0.1829276234375 0.6623284515625001 0.2102193140625 0.6798344015625 0.22828310156249998 0.6836085796875 0.2527900609375 0.6828979046875 0.25581460625 0.671121128125 0.2527982953125 0.6644152734375
1 0.2809481390625 0.5629562625 0.27956634999999996 0.5583425265625 0.2694286125 0.5536885796875 0.24182746718749998 0.553070546875 0.232542840625 0.5537050765625 0.21178305625 0.558429571875 0.2193784984375 0.5654485625000001 0.23842382343750002 0.5686297515625001 0.27442709375 0.5728182609375 0.27790037968750003 0.5703645453124999 0.2809481390625 0.5629562625
1 0.27426104218749997 0.6066758343750001 0.273787028125 0.5976049359375 0.2538380453125 0.5896395984375 0.210517340625 0.5756583156249999 0.166434321875 0.5784832015625 0.1660299515625 0.5825177890625 0.1837884015625 0.5939385671874999 0.21780126875 0.6041858812500001 0.25269663593749997 0.610228190625 0.26137676249999997 0.6110248875 0.2706866625 0.610138196875 0.27426104218749997 0.6066758343750001
1 0.282602325 0.633853921875 0.280239 0.6298331796875 0.2746803921875 0.6254923734375 0.2294451015625 0.6168134109375 0.20493814531250001 0.6175240859375 0.20274555468750002 0.625600184375 0.2402275890625 0.642635096875 0.247976728125 0.6435204625 0.26312324062500003 0.6442008 0.28234753437500004 0.6409961984375 0.282602325 0.633853921875