1 0.8536992718749999 0.340798096875 0.8581262390625 0.338279225 0.865695009375 0.279181165625 0.8642718531250001 0.27224564687499997 0.8617318390625 0.2691936171875 0.8490606640625 0.266509346875 0.847520471875 0.269884165625 0.8441605078125001 0.292758134375 0.8457108015625 0.324406184375 0.8487723953125 0.34010354375 0.8536992718749999 0.340798096875
1 0.7901642296875 0.341270265625 0.7936990140625 0.33323770625 0.8041834531250001 0.28757146875 0.8041307203124999 0.27993115468749996 0.8000360671875001 0.2739660078125 0.7928920984375 0.27295890625 0.7832348328125 0.2958431140625 0.7779662468749999 0.314856078125 0.7754074421875 0.33425104375000003 0.7779546796875 0.3404470421875 0.7901642296875 0.341270265625
1 0.8139136562499999 0.3423733109375 0.82339175625 0.333382625 0.8304996125 0.318669884375 0.8391715015625 0.2956467671875 0.8395659453125001 0.2835795625 0.831814421875 0.2784458765625 0.83019765625 0.2791159421875 0.8255698562499999 0.28609642968750004 0.814063928125 0.3159039140625 0.81125155625 0.332120184375 0.8118663296875 0.3393907375 0.8139136562499999 0.3423733109375
1 0.7640395109375 0.316933728125 0.771864728125 0.29289326718750003 0.7757173796875 0.27008875312499997 0.77460991875 0.26274874531250003 0.76880530625 0.262828440625 0.7590736390624999 0.26864043125000003 0.75015540625 0.2916288234375 0.74886878125 0.29818234062500004 0.7506054625 0.31908083593750003 0.753707515625 0.32176310468749997 0.7640395109375 0.316933728125
1 0.7216589734375 0.32218406875 0.7304818421875 0.3189379203125 0.7340238484375 0.3140493296875 0.7381062265625 0.2993590734375 0.7447163437500001 0.26706544375 0.74448661875 0.2589511859375 0.735826296875 0.25638334218750003 0.7316456734375001 0.258936940625 0.7238825859375 0.27939421875 0.7206468796875 0.2951018171875 0.71992734375 0.3187970046875 0.7216589734375 0.32218406875
1 0.69812195 0.291028440625 0.7004228421875001 0.2971897109375 0.7040486484375 0.298149840625 0.7062968078125 0.29667079687500003 0.7107476140625 0.289216365625 0.71856778125 0.24766446874999998 0.718969446875 0.238741234375 0.7122033015625 0.2337464578125 0.7032034406250001 0.23651866406250002 0.69892023125 0.2556705359375 0.6969617546875 0.27604811875 0.69812195 0.291028440625
1 0.67469544375 0.292664871875 0.6812795484375 0.27967427031250003 0.69133125625 0.24472285781249997 0.6923881546875 0.2300550859375 0.67838484375 0.2294279859375 0.6751202453125 0.2325597109375 0.67148504375 0.2428230765625 0.6690338796875 0.2631312046875 0.669091665625 0.2882829515625 0.6703306062500001 0.291600559375 0.67469544375 0.292664871875
1 0.6600766515625 0.238520853125 0.658077009375 0.22566715624999997 0.6494932609374999 0.2258040640625 0.6452432890625001 0.228796878125 0.6406154890625 0.235777365625 0.6259287578125 0.274565296875 0.6341780203125 0.29727987499999997 0.6453949734375 0.29482021875000003 0.6500538375 0.2860481375 0.6600766515625 0.238520853125
1 0.6136549046875001 0.291692725 0.6219944796875 0.2771536234375 0.625949721875 0.23775083593750002 0.6245121171875 0.22452737968749997 0.6146966515625001 0.2244906484375 0.60710333125 0.24227790312500003 0.6036335546875 0.2786061765625 0.6073576046875 0.2917029671875 0.6111604015625 0.29313704218750003 0.6136549046875001 0.291692725
1 0.5904523671875 0.23768561250000003 0.5902226421875 0.2295713546875 0.5873524875 0.22063587812500002 0.5732704281250001 0.231671490625 0.5680805890625 0.239021740625 0.5632136703125 0.24911146718750002 0.562740478125 0.272841384375 0.5821322906249999 0.2760240859375 0.5855904984375 0.2652867765625 0.5904523671875 0.23768561250000003
1 0.5553400609375 0.2367766859375 0.5591616484374999 0.215763765625 0.5578316859375 0.20345346874999998 0.5541675921875 0.20114095937499998 0.5407935 0.2140723484375 0.52846256875 0.2522943953125 0.540524021875 0.26521954999999997 0.547122571875 0.258516884375 0.5510113390625 0.25143221250000003 0.5553400609375 0.2367766859375
1 0.5147034296874999 0.26606949062499996 0.526991021875 0.20898363125000002 0.52850954375 0.1961769078125 0.527801578125 0.19428113125 0.5203346875 0.19053455 0.5139752578125 0.194127975 0.4947279078125 0.25382464531250004 0.4935106359375 0.2599389421875 0.49871997187500006 0.276388065625 0.5026614734375 0.2769437078125 0.5147034296874999 0.26606949062499996
1 0.48693375625 0.2760735140625 0.4898754375 0.270202309375 0.4915969640625 0.238566503125 0.4906014859375 0.203404721875 0.48397404374999997 0.1975315140625 0.4791237421875 0.1995417125 0.47042078906249996 0.224356425 0.469179675 0.235406284375 0.47608018124999996 0.268257559375 0.47992848906249996 0.27418798125 0.48693375625 0.2760735140625
1 0.46173374687499996 0.194845240625 0.4600714671875 0.1910189625 0.44791464999999997 0.1978360515625 0.4448963953125 0.201002503125 0.44195759375000004 0.2387526109375 0.4443784 0.26648244375 0.451938484375 0.2648542484375 0.4598547234375 0.24980647656250002 0.46173374687499996 0.194845240625
1 0.42788639531249995 0.1779508921875 0.42278975 0.1799263625 0.4140123921875 0.1876688578125 0.410753553125 0.254558384375 0.41441764531249997 0.2568708921875 0.42638302499999997 0.2432919203125 0.43857742499999997 0.191580840625 0.4328204953125 0.1817894140625 0.42788639531249995 0.1779508921875
1 0.37216136875 0.2549548625 0.3747396703125 0.2593592671875 0.3818836421875 0.2603663703125 0.3949247109375 0.2096726296875 0.3981770359375 0.18588550312500002 0.39613910625000004 0.1716794296875 0.3922980203125 0.1688929796875 0.388710503125 0.169285225 0.3862542875 0.172081915625 0.3793234234375 0.1872686015625 0.37422460625 0.2036115390625 0.37067103125 0.23409109374999998 0.37216136875 0.2549548625
1 0.33067518749999997 0.2513514234375 0.34453257187499997 0.24971298593750002 0.3493373609375 0.24320644218749998 0.360295696875 0.2200566578125 0.366664521875 0.205239734375 0.36697299375000003 0.2016912765625 0.359199803125 0.1871256859375 0.3550740859375 0.18295212968750002 0.35338796875 0.18406141250000002 0.336885809375 0.2136135609375 0.3302923109375 0.2378276609375 0.3286589265625 0.2465772578125 0.33067518749999997 0.2513514234375
1 0.2635620234375 0.2409923375 0.265977778125 0.2512107375 0.2680944578125 0.25375409531250004 0.2725286453125 0.25437919375 0.285488796875 0.22971563437500003 0.2911973390625 0.20313181249999998 0.2943109578125 0.1802231171875 0.285428134375 0.172684984375 0.2791308328125 0.172695225 0.273878865625 0.18362865781249998 0.2702198234375 0.1988275859375 0.2660753171875 0.21710102656250002 0.2635620234375 0.2409923375
1 0.30356796875000003 0.2587548796875 0.3076864625 0.259784465625 0.31141268437499997 0.2585137875 0.3134455640625 0.2552084234375 0.330944665625 0.20020422187500003 0.329213034375 0.196817159375 0.3128467015625 0.1936119734375 0.303830225 0.20446370625000002 0.30023836249999997 0.23359088749999998 0.2993201671875 0.24738022499999998 0.30356796875000003 0.2587548796875
1 0.25208427968749997 0.23712932968749997 0.2574438859375 0.22710905625 0.2668952671875 0.1911750296875 0.2664358171875 0.17494651562500002 0.2653045125 0.17254206875 0.26132472500000004 0.17063404843750002 0.249191746875 0.1725155796875 0.242833025 0.22235537187499999 0.242584509375 0.236688109375 0.2463251765625 0.2417053703125 0.25208427968749997 0.23712932968749997
1 0.1175523578125 0.25183851874999996 0.1284557875 0.235415884375 0.1359508625 0.20549197343749998 0.1377157296875 0.1927199765625 0.1365389171875 0.1858191859375 0.125022884375 0.1806038 0.1173768296875 0.190750740625 0.11005657499999999 0.23551606249999998 0.1092149546875 0.25201015312499997 0.11041560937499999 0.2539753859375 0.1175523578125 0.25183851874999996
1 0.186587175 0.17985381250000002 0.1842884546875 0.15932507499999998 0.1763361015625 0.15865300625 0.1722631171875 0.1621197625 0.1569522203125 0.20486064062499998 0.15524948125 0.21404945312499998 0.1576558421875 0.2354913484375 0.1639914296875 0.23683348437500001 0.18032164687500002 0.224318828125 0.186587175 0.17985381250000002
1 0.1296116390625 0.27913113906250003 0.12443841874999999 0.2784018578125 0.11512286249999999 0.28157855 0.1075844484375 0.2926386515625 0.1030859578125 0.3099642046875 0.0925466140625 0.362357596875 0.10011392187499998 0.3638733703125 0.10809011718749999 0.3596098765625 0.1306815203125 0.3313651375 0.1296116390625 0.27913113906250003
1 0.156809878125 0.2807203734375 0.15214379218750002 0.286348484375 0.14434024375 0.319820853125 0.1392847640625 0.35502760312500004 0.14042328906249998 0.36057601875 0.1442954390625 0.3615708765625 0.17415724375 0.3127994015625 0.1706723140625 0.296593371875 0.156809878125 0.2807203734375
1 0.20350105156249998 0.3295078703125 0.200704590625 0.29139824375 0.19284542968750001 0.2853513953125 0.188657584375 0.284761025 0.18669405625 0.2876271734375 0.1802631046875 0.3060272796875 0.1770107796875 0.329814409375 0.1786636609375 0.3448641859375 0.1857455046875 0.349454471875 0.20350105156249998 0.3295078703125
1 0.23952650156250002 0.299116021875 0.23749362187499998 0.302421384375 0.23623154531249999 0.35028570625 0.24014920625 0.3557769109375 0.25978231093750004 0.341482903125 0.2755786734375 0.29566751562500004 0.26755913750000004 0.2810671953125 0.23952650156250002 0.299116021875
1 0.3130424328125 0.32474549218750004 0.305467903125 0.32008574843750004 0.28921643124999996 0.3209376921875 0.2844195703125 0.376834571875 0.29171669375 0.3832511796875 0.2964210671875 0.37897544375000003 0.30310558906249996 0.36375403125 0.3119710875 0.3331253265625 0.3130424328125 0.32474549218750004
1 0.3375222015625 0.3834225875 0.33865350312500003 0.385827034375 0.34681391562499997 0.3851814546875 0.35014064375 0.3784665453125 0.3544787609375 0.3525875203125 0.3531603640625 0.3146862578125 0.352060125 0.31049021875 0.3438231390625 0.3084310453125 0.336724678125 0.3119202890625 0.33476620156250003 0.3322978703125 0.334584865625 0.3605588609375 0.3375222015625 0.3834225875
1 0.36793230625 0.374239784375 0.3794432859375 0.361943734375 0.38319334843749997 0.3557374953125 0.3957583484375 0.296894771875 0.39535885625 0.291450540625 0.38668408906249996 0.2825947578125 0.37976261875 0.28655794375 0.37479528281249996 0.29887848125 0.36666881562500003 0.3296113703125 0.360750046875 0.3718803046875 0.3640290921875 0.3750365171875 0.36793230625 0.374239784375
1 0.43373141718749997 0.31796267500000003 0.43067704687499997 0.305409284375 0.4263432734375 0.3025533796875 0.4197996296875 0.3025288921875 0.40853499375 0.3148596703125 0.40035361875 0.3523197125 0.3988878296875 0.37276675 0.406130046875 0.38591050781249997 0.4213838671875 0.364264253125 0.43373141718749997 0.31796267500000003
1 0.45759641249999994 0.36936921875 0.47117568125 0.3232412796875 0.47329453125 0.311417171875 0.468422559375 0.303995465625 0.4626872984375 0.30363594531250004 0.45468726249999997 0.312834996875 0.4388071 0.35280166562500004 0.43546158281249997 0.38196357187499996 0.43576065937499997 0.3896386125 0.4372770109375 0.3911993546875 0.45759641249999994 0.36936921875
1 0.47643123281250005 0.3904331171875 0.47854068749999995 0.38983250625 0.482329040625 0.38497864375 0.4891450421875 0.3657348296875 0.4954705265625 0.332054096875 0.4960730265625 0.31866924375 0.4868889515625 0.3178235359375 0.47991980156249997 0.331657846875 0.473041671875 0.35448484375 0.46876568281250003 0.376780684375 0.47346788437500004 0.38687241562499997 0.47643123281250005 0.3904331171875
1 0.509527278125 0.38656787656249997 0.514193365625 0.3809397671875 0.5199546390625 0.3619962578125 0.52187265625 0.3546337671875 0.5225134437500001 0.3426012921875 0.518478040625 0.3011740578125 0.5055200625 0.3114701515625 0.502992321875 0.329073525 0.49967569687499996 0.3708113046875 0.5048778109375001 0.384116459375 0.509527278125 0.38656787656249997
1 0.5383827453125 0.3744719546875 0.547985103125 0.3583149 0.5492023765625 0.35220060000000003 0.5463604046875 0.30959463125000003 0.5412565375 0.308426134375 0.5331344125 0.31042408906249996 0.5265864265625 0.33913453437499996 0.5239127578125 0.35447237187499997 0.5238340109374999 0.3661350875 0.53406341875 0.3779039859375 0.5383827453125 0.3744719546875
1 0.5595423015625001 0.3967615625 0.561474765625 0.3956870078125 0.5679129421875 0.38043086718749997 0.5814849875 0.33115896093749997 0.5754817125 0.3213328078125 0.5633032250000001 0.31871799218749997 0.5615477546875 0.320266490625 0.556357915625 0.3276167390625 0.55041530625 0.37482123437500003 0.555069825 0.3947840890625 0.5595423015625001 0.3967615625
1 0.5937096921875 0.3845164890625 0.59518053125 0.3815808859375 0.6043949625 0.3343886328125 0.6031964796875 0.318055934375 0.5959759328125 0.31434408125 0.59063294375 0.316284825 0.5845321328125 0.34056838125 0.580533553125 0.361107359375 0.58075605625 0.3660776484375 0.585365065625 0.38154415468749997 0.5937096921875 0.3845164890625
1 0.6296852875 0.3783632296875 0.63697230625 0.3497569671875 0.6378522156249999 0.3346152515625 0.6340277484375 0.3237492703125 0.62948591875 0.3222110125 0.618981984375 0.344077878125 0.6069595249999999 0.3787514703125 0.6059120203125 0.3821957421875 0.6132069703125 0.4029798171875 0.6235700296875 0.3963588484375 0.6296852875 0.3783632296875
1 0.6533299515625 0.41043201875 0.664716675 0.4053023390625 0.66951424375 0.39565182656250003 0.670069059375 0.3921380953125 0.6717783140625 0.339846884375 0.6656197171875 0.33897869375 0.6502676515625 0.3484882921875 0.6443943937500001 0.395253571875 0.6451168078125 0.403437284375 0.6485417796874999 0.4088590328125 0.6533299515625 0.41043201875
1 0.7004936078124999 0.3892432296875 0.7032149578125 0.36403426875 0.700251609375 0.36047356875 0.691976334375 0.35706201875 0.68078105 0.36895358125 0.6718035671875 0.427404059375 0.6760297 0.42934680625 0.6900496296874999 0.421894378125 0.6930989484375 0.4169363328125 0.7004936078124999 0.3892432296875
1 0.729203146875 0.374881771875 0.7293440234374999 0.359635871875 0.7133316734374999 0.3573785734375 0.7002450921875 0.40357596874999996 0.7002645890625 0.427375340625 0.7034359953125 0.42961839218750003 0.72032608125 0.431101440625 0.7262665187499999 0.3982644125 0.729203146875 0.374881771875
1 0.731072015625 0.43800423593750004 0.7429275843750001 0.4378795703125 0.7483587171875 0.413052615625 0.7530674359375 0.380041946875 0.7506516796875 0.3698235484375 0.7496280171875 0.3683322625 0.741151909375 0.3693823296875 0.73296765625 0.3749634703125 0.7286078703125 0.391410590625 0.7256185078125 0.4071529171875 0.7235357734375001 0.43469687031250004 0.731072015625 0.43800423593750004
1 0.7660145546875 0.44158318750000003 0.771080134375 0.44139930781250003 0.78045781875 0.43463943125000004 0.786745015625 0.39960631874999997 0.7881869625 0.3840948421875 0.783814903125 0.379886559375 0.7680178343749999 0.3794555828125 0.7657696765625001 0.3809346234375 0.760257625 0.43179176249999995 0.7619581906249999 0.436970415625 0.7660145546875 0.44158318750000003
1 0.812238346875 0.42475183281250006 0.8176051765624999 0.41787552968749997 0.826485121875 0.393534759375 0.8293430031250001 0.3818148328125 0.830344996875 0.3738742140625 0.8294838796875 0.366568934375 0.8130481953125 0.36380296562500003 0.80224518125 0.3779947890625 0.802276953125 0.422449565625 0.804647196875 0.42817161875 0.812238346875 0.42475183281250006
1 0.8615974281250001 0.3944436859375 0.8617289093749999 0.3904212859375 0.852408303125 0.3760865453125 0.83992134375 0.37702018593750003 0.830443240625 0.38601087343749996 0.8287022171875 0.393847309375 0.837432596875 0.44222230468749996 0.8440145296875 0.44359916874999994 0.8524617453125 0.4299732265625 0.8615974281250001 0.3944436859375
1 0.8178334359375 0.48660361874999997 0.812392909375 0.522654071875 0.8142776906250001 0.5314506390625 0.83492071875 0.5586063515624999 0.8440592828125 0.554955715625 0.84145860625 0.494873034375 0.8301506296875001 0.4883400015625 0.8178334359375 0.48660361874999997
1 0.78358800625 0.556757775 0.7872065890625 0.5545739375000001 0.7941829625 0.543883596875 0.8004080328125 0.512433671875 0.8038156796875 0.47968858125 0.8016079812499999 0.468152534375 0.7896064843749999 0.4660116625 0.7854641499999999 0.46991763750000004 0.7834767796875 0.477719346875 0.7760488859375 0.5215715078125001 0.7793618718750001 0.5548150281249999 0.78358800625 0.556757775
1 0.7602258 0.54044355625 0.7696244484375 0.496869215625 0.7678400843750001 0.485841840625 0.756285765625 0.4792740796875 0.747470121875 0.485664196875 0.7360429390625 0.5038089671875 0.7401310750000001 0.5528765140624999 0.7478443078125 0.556657825 0.7520632171875 0.5554566015625 0.7602258 0.54044355625
1 0.71791461875 0.5452546796875 0.7303604125 0.511089759375 0.7336127375 0.48730263125000006 0.733313659375 0.479627590625 0.7211279484374999 0.47386880781249996 0.7176242296875001 0.48010977343750005 0.7125254109375 0.4964527109375 0.709581559375 0.5166913828124999 0.70956276875 0.539138378125 0.71408075625 0.545612196875 0.71791461875 0.5452546796875
1 0.69597051875 0.518364546875 0.69853871875 0.48774608124999996 0.6974550984375 0.4754705125 0.690758303125 0.470036521875 0.6862619859375 0.47299460625 0.6761120328125 0.4958093609375 0.6757370875 0.5316759359375001 0.6761987109375001 0.533536984375 0.6840817140625 0.5346482703125 0.69597051875 0.518364546875
1 0.6404933015625 0.5347894109375 0.6440497546875 0.53618875625 0.6574093984375 0.5169694312499999 0.6603749203125 0.506162665625 0.6625053375000001 0.46874759062500004 0.6596806921875 0.46430845937500004 0.647263084375 0.46480288437499995 0.6457539578125 0.46638610937499997 0.6364867921874999 0.5059380484375 0.6349921109375 0.5138092125 0.636752634375 0.52977215 0.6404933015625 0.5347894109375
1 0.6238553687499999 0.44399232031249997 0.61520226875 0.44456844531249995 0.6130617515625 0.44696064843750005 0.6070570109375 0.49774832968749994 0.60780109375 0.5153639484375 0.624587884375 0.487198903125 0.6288183609375 0.46040671718750004 0.6281653 0.4517837875 0.6238553687499999 0.44399232031249997
1 0.576037184375 0.517172015625 0.5872967703125 0.487329803125 0.5950454125 0.4605845875 0.596064025 0.4445644390625 0.59232335625 0.4395471796875 0.5764258703125 0.441347009375 0.5687227375 0.4725885703125 0.5672974078124999 0.48002051718749994 0.568809415625 0.5103161921875 0.573327403125 0.5167900109375 0.576037184375 0.517172015625
1 0.562668903125 0.4407546375 0.56076028125 0.43689363124999997 0.5533316796875 0.434499425 0.54865836875 0.43698356718750003 0.5423184359375 0.464376365625 0.5383104624999999 0.496138840625 0.5420583546875 0.50430006875 0.5551572109375 0.478758078125 0.5623510359375 0.45552659218749997 0.562668903125 0.4407546375
1 0.5043648671875001 0.467107834375 0.5069742328125 0.4697206484375 0.510745965625 0.47294631562499995 0.515318859375 0.4726929796875 0.5183371140624999 0.469526528125 0.527085578125 0.4492081609375 0.5286806765625001 0.4391061875 0.5263819562500001 0.4185774515625 0.5163439875 0.41357043281249994 0.5088749234375001 0.424191315625 0.502979996875 0.46152469218750003 0.5043648671875001 0.467107834375
1 0.4873881046875 0.42789716406249995 0.4829849796875 0.4254804734375 0.4608884390625 0.439427203125 0.46023320625 0.44517174062500003 0.4669856125 0.49012494531249995 0.46924099375 0.491789871875 0.4921148546875 0.47929970156249996 0.492877728125 0.47446832343749995 0.4873881046875 0.42789716406249995
1 0.421149040625 0.4917451296875 0.43225618125 0.5027397812500001 0.43809908281250004 0.5040124609375 0.44069400156249994 0.5003373375 0.454797021875 0.45248726250000004 0.454239328125 0.42412208749999997 0.4530697375 0.420365265625 0.449013371875 0.41575249531249997 0.43840396875 0.42233873437499997 0.42635261875 0.44443645 0.42071848125000005 0.488092490625 0.421149040625 0.4917451296875
1 0.3337258703125 0.491992684375 0.34232189218750003 0.5125111796875 0.3505205890625 0.5132179765625 0.366381959375 0.495698303125 0.37645968124999996 0.44144386406249997 0.3629356890625 0.44344981875 0.356194715625 0.43855769375 0.3585575 0.4459860671875 0.3511283421875 0.43705509062500003 0.3652616671875 0.4343173078125 0.3436959515625 0.436825084375 0.332403128125 0.48282635625000003 0.3337258703125 0.491992684375
1 0.328707971875 0.48230544062499997 0.3292331890625 0.4199694703125 0.32549974375 0.418096178125 0.3132974140625 0.4204169234375 0.2951214109375 0.4717337578125 0.2934186734375 0.48092257031249996 0.306408425 0.515081253125 0.3261274984375 0.49226850312500003 0.327459634375 0.4902113328125 0.328707971875 0.48230544062499997
1 0.22111567031249998 0.47791373281249994 0.22705898750000003 0.47695560625000005 0.2296921953125 0.47463285781250003 0.2373165796875 0.45505401250000005 0.25157997499999996 0.41575740781250003 0.25282831250000004 0.40785151875 0.23273575468750002 0.40591700937499997 0.22681410937500002 0.41630704218750003 0.223401409375 0.4315406984375 0.220103575 0.45083148125 0.219630384375 0.4745613984375 0.22111567031249998 0.47791373281249994
1 0.302556528125 0.4310255640625 0.3004015640625 0.42712983125 0.2743801375 0.43244138750000005 0.270522434375 0.437734465625 0.2670403859375 0.45340733593750004 0.2628315765625 0.48963143125 0.26534774843750003 0.49761901875000003 0.2686267953125 0.50077523125 0.2775190140625 0.497089865625 0.302556528125 0.4310255640625
1 0.2000709765625 0.45968125468750004 0.2182180875 0.395788546875 0.21269305625 0.3797439125 0.20470963593749997 0.38086343437500003 0.197795390625 0.3879705890625 0.19111087031250001 0.4031920015625 0.1833622265625 0.42993721718750005 0.181243378125 0.44176132656249995 0.18039018906249998 0.4838463828125 0.19266187031249998 0.481086421875 0.2000709765625 0.45968125468750004
1 0.1435173625 0.46697451875 0.151400365625 0.468085803125 0.15927614375000002 0.46605312187500003 0.1613090234375 0.46274775625000003 0.179023403125 0.409569875 0.1710732203125 0.3945303390625 0.1628745234375 0.39382354375 0.1544056390625 0.39801757968749996 0.1474653796875 0.42442776249999997 0.14234994375 0.4488502296875 0.14256305 0.4650440171875 0.1435173625 0.46697451875
1 0.11636968437499999 0.4873930625 0.1232673125 0.4883654375 0.13861215468750002 0.475711871875 0.1401523453125 0.47233705312499996 0.144262909375 0.423976303125 0.1431720671875 0.40855676562500004 0.1295465796875 0.403941990625 0.1253038296875 0.410078775 0.1209057546875 0.42517352031250005 0.1154890703125 0.4562884125 0.11360716875000001 0.4793707453125 0.11636968437499999 0.4873930625
1 0.072115934375 0.45825587187499994 0.0720371875 0.46991858750000004 0.074584425 0.47611458281249996 0.0813816359375 0.4793177671875 0.08602388125 0.47862521718749995 0.10823023437499998 0.45122418125 0.107122775 0.443884175 0.095733171875 0.417134953125 0.085633075 0.41571111875 0.079943325 0.4198479421875 0.0778483171875 0.426736490625 0.0743973296875 0.44061777031249993 0.072115934375 0.45825587187499994
1 0.07804116875 0.5259911078124999 0.078289684375 0.51165836875 0.074811978125 0.4985963078125 0.0702007984375 0.497497265625 0.05895060625 0.51611598125 0.0466052296875 0.548050090625 0.045110548437499995 0.5559212546875 0.0365419546875 0.6085924687500001 0.03555440625 0.6228210234375 0.06499070312500001 0.5879083453125 0.07804116875 0.5259911078124999
1 0.109819525 0.530470978125 0.1018288828125 0.5284465328125 0.085792690625 0.53112479375 0.0830525515625 0.5787807500000001 0.086028175 0.602996853125 0.09492761718750001 0.60245545625 0.1164736875 0.5632875265624999 0.118145359375 0.55589030625 0.109819525 0.530470978125
1 0.141173078125 0.5950560078125 0.15659378906250002 0.5388608265625 0.1568639734375 0.5339599921875 0.1532309453125 0.5298558921875001 0.13393955156249998 0.5244423828125 0.12934281718750001 0.5296312765625 0.1195612953125 0.55968185625 0.11527085937499999 0.5756897609375 0.1314464625 0.6183794328125 0.1328168875 0.6176746390625001 0.141173078125 0.5950560078125
1 0.17511943125 0.5172268125 0.1876063921875 0.5162931703125 0.190170246875 0.5144096390625 0.185197859375 0.5092187406249999 0.1765375375 0.506650896875 0.1728568265625 0.5124179171875001 0.17511943125 0.5172268125
1 0.1865971765625 0.5210898203125 0.170900521875 0.5184280328125 0.157639121875 0.5497840171874999 0.15321720625 0.5698143234375 0.1523372984375 0.5849560390625 0.1531102734375 0.61514753125 0.159338221875 0.61557650625 0.1869634328125 0.5426931125000001 0.1865971765625 0.5210898203125
1 0.2228176515625 0.575585125 0.23517242343750003 0.532427515625 0.2329098171875 0.5276186203125001 0.2135873578125 0.5239967046875 0.21060016718750002 0.5253715625 0.20414754531249998 0.5343397671875 0.1980395109375 0.555479353125 0.192658940625 0.602314090625 0.1960911375 0.61087980625 0.20565808749999998 0.6252492765625 0.2228176515625 0.575585125
1 0.2432937875 0.6372897625 0.25692144687499996 0.6275370687499999 0.26564319062499997 0.5802753609375 0.25542100625 0.571650428125 0.2467989734375 0.5704349625 0.2424175171875 0.577450175 0.23525475624999997 0.5988900687500001 0.23118682499999998 0.6198682640625 0.23164627656249998 0.636096778125 0.23949821249999997 0.6389996546875001 0.2432937875 0.6372897625
1 0.30383082968749997 0.5569232171875 0.29580912187499997 0.5566903640625 0.2911358125 0.5591745046875001 0.27059173593749997 0.5904018203125 0.2822854671875 0.642337515625 0.28664308125 0.6402578609375 0.3026597734375 0.613780228125 0.3094064234375 0.5949756296875 0.30383082968749997 0.5569232171875
1 0.313804496875 0.5798808859375 0.3082895671875 0.598859121875 0.30747178750000004 0.6104176515625 0.3165294328125 0.632797196875 0.319770190625 0.6346010296875 0.3271915703125 0.6338512703125 0.34376307968750003 0.6038599046875001 0.3462431359375 0.596127653125 0.34686730468750004 0.59217470625 0.3441214078125 0.576072859375 0.33645585625 0.562420428125 0.33370778749999996 0.560686046875 0.3243922328125 0.5638627406250001 0.3172699296875 0.57228754375 0.313804496875 0.5798808859375
1 0.3835653140625 0.5942051609375001 0.38353642187500003 0.581629284375 0.37505960781250003 0.5364329859375 0.362326303125 0.5373318984375001 0.3598845328125 0.546416528125 0.34993829375 0.5966485671874999 0.3501896890625 0.6141947296875 0.3519119234375 0.6288052890625 0.36604454375 0.63977745625 0.3835653140625 0.5942051609375001
1 0.41126129218749996 0.613375284375 0.4262853875 0.5836147703125001 0.42690955625000004 0.579661825 0.42226443125 0.5484754734374999 0.41746181250000003 0.5406145515625 0.40757699531249997 0.5410170375 0.3947028140625 0.55716185 0.3895635359375 0.5865198781250001 0.39862118125 0.608899421875 0.40193851406250003 0.6134080109375 0.41126129218749996 0.613375284375
1 0.4655039125 0.5648978812500001 0.4563147859375 0.5465407390625 0.44780039218749995 0.54623843125 0.44274203593749994 0.5495662765625 0.43334773281250005 0.5644056859375 0.42938961249999996 0.5719295734375 0.4296193375 0.5800438296875 0.44455599687499997 0.619415896875 0.46656369062499997 0.5821090109375 0.4655039125 0.5648978812500001
1 0.46485372968750005 0.5881538546875 0.46263229062500005 0.6165762375 0.4649259609375 0.6195935390625 0.4717470125 0.6178611609375 0.48576911406249995 0.5960412671875 0.48894269218749997 0.5839168531250001 0.49112079062499997 0.5366306578125 0.486325396875 0.5319137015625001 0.47950434375000006 0.5336460796875 0.47641673593749995 0.53725175 0.47298959218750003 0.5461974671875 0.4675201734375 0.5696720453124999 0.46485372968750005 0.5881538546875
1 0.5080866937499999 0.647678659375 0.509765590625 0.643425409375 0.5216609125 0.5840392859375 0.5194626078125 0.5612797406250001 0.5178003296875 0.5574534625 0.508130790625 0.5596822687499999 0.5045577203125 0.56636245 0.4994133921875 0.5782090453125 0.48732880468750006 0.6164658203125 0.48652764218750005 0.619944821875 0.5036907937499999 0.6484059375 0.5080866937499999 0.647678659375
1 0.5465372953125 0.6162817140625 0.546876125 0.5646952953125 0.5417961 0.5585912375000001 0.5335280484375 0.5583236578124999 0.5286466828124999 0.5621254484375 0.5249182875 0.5777635921875001 0.521410225 0.6127394921875 0.53535863125 0.6200937453125 0.5441887203125 0.619991565625 0.5465372953125 0.6162817140625
1 0.5880422671875001 0.59743815625 0.5822802859375 0.5701352953125001 0.58005596875 0.566678778125 0.5719959734375 0.5650935500000001 0.5639121375 0.56844388125 0.5566901265624999 0.6253458609375 0.5723080328125 0.6396703609375 0.5776510218750001 0.63772961875 0.5875618546875 0.6180241046875 0.5880422671875001 0.59743815625
1 0.599960671875 0.6399766765625 0.610304234375 0.6095563359375 0.6060752218750001 0.5757346875 0.6031429375 0.5703823953125 0.596883925 0.5717450125 0.5912013984375 0.5790258046875 0.587238934375 0.6152846249999999 0.5906689593750001 0.6382178078125 0.5954332890625 0.6447263546875 0.599960671875 0.6399766765625
1 0.6148272734375 0.6335415890625 0.624554596875 0.6564645312499999 0.628919434375 0.6575288453125 0.637930859375 0.6291656765625 0.6390643328125 0.61720265625 0.6374186749999999 0.60529685 0.634409815625 0.5972398046875 0.629191084375 0.5920141796875 0.6236638796875 0.590337009375 0.6200452984375 0.5925208468750001 0.617943065625 0.5962654281249999 0.6146596765625 0.621844146875 0.6148272734375 0.6335415890625
1 0.6401407296875 0.62633425625 0.640839303125 0.63945353125 0.6449722421875 0.6467710546875 0.6479977203125 0.6467485703125 0.6579851265625 0.6297478078125 0.6602188390625 0.621980828125 0.6651572828125001 0.5970844171875 0.66625969375 0.586912990625 0.6654989921875 0.5773769015625 0.6584554390624999 0.5741389906250001 0.6543752328125 0.5744617796875 0.6475520078125 0.590561625 0.6422140703125 0.610013803125 0.6401407296875 0.62633425625
1 0.6889290859375 0.6538657390625 0.7017079015625 0.65746316875 0.703987125 0.654192534375 0.7107503921875 0.62730840625 0.7119459953125 0.611762203125 0.7100012578125 0.5921813546875 0.7076310125 0.5864593 0.6989923609375001 0.5933233609374999 0.69130801875 0.6021179265625001 0.6894521296875 0.605897234375 0.6887109265625 0.6201605171875 0.6889290859375 0.6538657390625
1 0.7233876234375 0.5999053703125 0.7225554 0.6051759640625 0.729793271875 0.64705465625 0.7506869859374999 0.6455101640625001 0.7519396671874999 0.6088693390625 0.7496243265625 0.5964201328125001 0.735283653125 0.586765615625 0.7233876234375 0.5999053703125
1 0.7475582109375 0.615884553125 0.741645959375 0.6150510890625001 0.7337846265625 0.6233717109375 0.729616278125 0.6465807125 0.7312691625000001 0.6616304890625 0.7355263578125 0.6617816421875 0.7506869859374999 0.6455101640625001 0.749619984375 0.6251550640625 0.7475582109375 0.615884553125
1 0.7885611015625 0.608195040625 0.7718480078125001 0.6071859359375 0.764716309375 0.6268342359375 0.76058625 0.6513956140625 0.787225328125 0.6852335109375 0.7906669187500001 0.68257573125 0.792634790625 0.6509746515625 0.792299596875 0.627579765625 0.7885611015625 0.608195040625
1 0.8228195140624999 0.60494265625 0.832142290625 0.6049099296875 0.8286096796875 0.5985750234375 0.8200259328125 0.59871193125 0.816268646875 0.6017742015625 0.8159912374999999 0.603531065625 0.8228195140624999 0.60494265625
1 0.8309112796875 0.650982659375 0.8325013265625 0.6233692546875 0.8319248390625 0.617451078125 0.8304084890625001 0.6158903359375001 0.8156206375 0.6106627078125 0.80726949375 0.6507927734375001 0.804639165625 0.6849944234375 0.8062320921874999 0.6892599171875 0.8181259484375 0.690487628125 0.8309112796875 0.650982659375
1 0.8187255171875 0.798330446875 0.8173594359375 0.77030030625 0.811487646875 0.7564517546875 0.7959968765625 0.7668397859375 0.7883580453125 0.78013069375 0.7961413390625001 0.82971915625 0.8031155421875 0.8333962828124999 0.8176808921875001 0.833653621875 0.8187283953125 0.83020935 0.8187255171875 0.798330446875
1 0.7079141296875 0.8015668078125 0.7101456671874999 0.8081672937500001 0.7152329187500001 0.8174153203125 0.72285513125 0.8122039421875 0.7295779390625 0.79833490625 0.7407992375 0.7671403171875 0.739662884375 0.7472244359375 0.7316122843749999 0.734415709375 0.716477671875 0.7313841609375 0.715530584375 0.7325976265625 0.7072993546874999 0.79429625625 0.7079141296875 0.8015668078125
1 0.691447378125 0.8005924328124999 0.6966870734375 0.7690035953125001 0.69854008125 0.7333453875 0.686062515625 0.72305553125 0.6693949328125 0.72654276875 0.66972073125 0.7611611515625001 0.6758822062500001 0.79390824375 0.677829115625 0.7991216265625 0.6890294515625001 0.8047414984374999 0.691447378125 0.8005924328124999
1 0.665032975 0.75735735625 0.6657264953124999 0.752965196875 0.6593259 0.7233273421875 0.6511510421875 0.7176849843750001 0.6397953843749999 0.7210230734375 0.6331664781249999 0.7757637 0.634972509375 0.7962229828125 0.6376967390625 0.8028929218749999 0.641599953125 0.8020961890624999 0.665032975 0.75735735625
1 0.619621909375 0.745118746875 0.613434421875 0.7316746796875 0.6053433640625 0.73188104375 0.60077769375 0.735278346875 0.592122421875 0.7502219375 0.5915365421875001 0.7555272578125 0.6059638953125 0.8029093968750001 0.617252371875 0.7856430609375 0.6219134078125 0.7625035140625 0.619621909375 0.745118746875
1 0.576966846875 0.7840048515625 0.5794996375 0.7839129109375 0.58402701875 0.779163234375 0.5869687 0.773292028125 0.589773846875 0.7539317875 0.5880682296875 0.7312416984375 0.5852840453125 0.7137874765625 0.581782496875 0.705660975 0.5691640546875 0.71061701875 0.5676000218749999 0.7189273968750001 0.5649985859375 0.7657049203125 0.576966846875 0.7840048515625
1 0.53612145 0.7683689375 0.5584231703125 0.721225659375 0.5589779874999999 0.7177119296875001 0.5559640765625 0.6921434484375 0.5484588984375 0.6870444906250001 0.5370266640625 0.687677828125 0.535555825 0.6906134296875 0.520962290625 0.724026584375 0.5205844625 0.72801425625 0.5280686796875 0.7699276765625 0.53612145 0.7683689375
1 0.48471938750000004 0.766959578125 0.49400892812499997 0.7830859109375 0.49868946249999996 0.7837457359375 0.5062806109375 0.78032595 0.50701241875 0.7772861640625 0.5044695265625 0.7423552328125 0.5024698843750001 0.7295015390625 0.49899217656249995 0.7164394749999999 0.4950123890625 0.7145314578125 0.48183912968750003 0.723001228125 0.48133704687499995 0.734155271875 0.48471938750000004 0.766959578125
1 0.447019384375 0.772869740625 0.4509753328125 0.779713321875 0.45934597187500004 0.763382628125 0.4646145578125 0.7443696656250001 0.47252791875 0.6974429890625 0.471260084375 0.681549509375 0.46720371875 0.6769367374999999 0.4584884921875 0.681096046875 0.45356666562500003 0.6979129281249999 0.4511010546875 0.71193311875 0.446043403125 0.761507334375 0.447019384375 0.772869740625
1 0.42390569375 0.7422227859375 0.43234063593750005 0.7079414390625 0.4370182890625 0.6767223625 0.42504785937499995 0.6727898984375 0.4191189875 0.6800359640625 0.41488345937500004 0.689316715625 0.40717598437499997 0.749293209375 0.40764482968750004 0.754298225 0.414934728125 0.7575708640625 0.42390569375 0.7422227859375
1 0.789664115625 0.9504831203125 0.79187328125 0.9014053328125 0.78674774375 0.8908049312499999 0.7747079593749999 0.8873116828125 0.7729214234375 0.8906517734375001 0.7679157984375 0.901619934375 0.7640848171875 0.9338563546875 0.7644532468749999 0.9410921796875 0.7741950171875 0.9703030578125 0.789664115625 0.9504831203125
1 0.731800034375 0.969265459375 0.7335699515624999 0.9740048984375 0.7471282578125 0.964691421875 0.7528035609375 0.9542666609375001 0.75797173125 0.93748450625 0.7597365984375 0.924712509375 0.7601548828125 0.9077097468750001 0.7587772359375 0.9052705734375 0.749578715625 0.898136928125 0.74258789375 0.9025393296875001 0.740593303125 0.9071970687500001 0.7309028015625 0.9462403374999999 0.731800034375 0.969265459375
1 0.7155341187500001 0.963829465625 0.7238715203125 0.9636578312499999 0.7346810500000001 0.9063636046875001 0.7342504921875 0.902710965625 0.72342798125 0.8931034203125 0.7185704562499999 0.8919696500000001 0.70142463125 0.9016753703125 0.700307775 0.9055588609375 0.7002196328125 0.9284450718749999 0.7050966546875 0.9533782140625 0.7155341187500001 0.963829465625
1 0.6880339234374999 0.9226862890625 0.6894137421875 0.9107579984375 0.68916956875 0.8963558031250001 0.6852230171875 0.878288725 0.6659222265625 0.8840987140625 0.6563632078125 0.9191195796875 0.664825575 0.95802794375 0.6747392859375 0.97020133125 0.6777886046875 0.9652432859375001 0.6880339234374999 0.9226862890625
1 0.647370571875 0.9250357546875 0.64494036875 0.9085294203125001 0.6398697375 0.8912018625 0.63616735625 0.8875369796875001 0.617481340625 0.9006175187500001 0.6103236296875 0.9395688468750001 0.62368398125 0.966595890625 0.64647404375 0.9482570000000001 0.648207846875 0.9372765953125001 0.647370571875 0.9250357546875
1 0.5860721234375 0.9496198421875001 0.58986769375 0.9479099515625 0.6113516359375 0.9123252031250001 0.6128506625 0.8757191046875 0.6119201921874999 0.8688530406250001 0.6090500359375 0.8599175640625001 0.597433590625 0.8569329874999999 0.5950084390625 0.8579380875 0.574942603125 0.8829469187500001 0.5728403703125 0.8866914984375001 0.5746709531249999 0.9484615859375 0.5860721234375 0.9496198421875001
1 0.5388651265625 0.951944821875 0.5560875265624999 0.9449438515624999 0.56018435 0.936541534375 0.5616790296875 0.92867036875 0.566246165625 0.8646592328124999 0.553252071875 0.85923548125 0.5295604296875001 0.88328418125 0.5284818625 0.8885200484375 0.5318548078124999 0.9325478515625001 0.5380184546875 0.9509274781249999 0.5388651265625 0.951944821875
1 0.5117123968749999 0.95485193125 0.5292931249999999 0.920063915625 0.530472109375 0.9125972421874999 0.5310240484375 0.8772046109374999 0.527252315625 0.8739789437500001 0.51528910625 0.8731904484375 0.502261775 0.88392575625 0.5004896859375 0.893553784375 0.49877538125000004 0.928333559375 0.506924225 0.95327894375 0.5117123968749999 0.95485193125
1 0.4903346828125 0.8988571046875 0.48809809218750005 0.8747451828124999 0.4843574234375 0.8697279234374999 0.4746423734375 0.8674603843750001 0.4657862703125 0.8868655921874999 0.4577529953125 0.912223703125 0.4662030890625 0.9304766640625 0.47250038906249997 0.9304664218750001 0.48964116406249997 0.9032492640625 0.4903346828125 0.8988571046875
1 0.43831855312499995 0.9364235578125 0.443453484375 0.9358004640625 0.450127903125 0.8855561812499999 0.44946256875 0.8562778484375 0.4472382515625 0.85282133125 0.435729440625 0.8507499140625001 0.4245774953125 0.8815052874999999 0.42276711875000006 0.8897809390625 0.421686378125 0.9093842734375001 0.42420254999999996 0.9173718624999999 0.43831855312499995 0.9364235578125
1 0.4188920890625 0.8569071781250001 0.41090144687499996 0.8548827328125 0.40264062031250003 0.8577591218749999 0.3939882265625 0.904581615625 0.4116368421875 0.9299682171875 0.41526264687500003 0.93092835 0.4222650359375 0.9009349828125 0.4221595671875 0.8856543578125 0.4188920890625 0.8569071781250001
1 0.3628824328125 0.932524046875 0.37854731406250003 0.8907310562499999 0.3834091828125 0.86312989375 0.3809002328125 0.8582862718750001 0.37614312499999997 0.8549216953125001 0.3703074484375 0.8567929828124999 0.35959545625 0.879977496875 0.35743831875 0.8904492312500001 0.3562882265625 0.9104917796875001 0.35905579374999996 0.93602553125 0.3628824328125 0.932524046875
1 0.335100484375 0.9218726671875 0.3415502265625 0.8810255625 0.34294666406249996 0.8610177406249999 0.32665690625 0.8605173078125 0.32199081875 0.8661454203125001 0.31891548593749997 0.8904064921874999 0.321135459375 0.9225979421874999 0.3242447359375 0.928424178125 0.3325438515625 0.9269001671874999 0.335100484375 0.9218726671875
1 0.2791421453125 0.9126371109375 0.28921335 0.9014850703124999 0.298692915625 0.8318805499999999 0.293189553125 0.8252678203125001 0.28956374687499997 0.8243076890625 0.28337408750000004 0.8252310906250001 0.278492721875 0.8290328812500001 0.27547229375 0.8465668000000001 0.2721101578125 0.8838082359375001 0.27566226718750003 0.9139425156250001 0.2791421453125 0.9126371109375
1 0.2054087609375 0.8995487875 0.21626885312500002 0.8642623421875 0.2117862734375 0.827261996875 0.20600550156250003 0.822406134375 0.19560415625 0.827674725 0.19347086093750002 0.8332108968749999 0.1881907078125 0.8778148218749999 0.19764062031250001 0.9024946296874999 0.2035145859375 0.9019757187499999 0.2054087609375 0.8995487875
1 0.232544871875 0.90472120625 0.25169685468749997 0.8647667796875 0.2514237921875 0.8377887125000001 0.2499789640625 0.8214212875 0.247053903125 0.8192129640625 0.2384008046875 0.8197890875 0.23120915000000003 0.82865310625 0.22552950156249998 0.8678127999999999 0.2252166859375 0.900096190625 0.2293879125 0.9087660906249999 0.232544871875 0.90472120625
1 0.1608024953125 0.8088498734374999 0.152574903125 0.7955672015624999 0.1505348 0.795728596875 0.140786515625 0.8096201171875 0.1308691671875 0.8724280296875 0.1341171484375 0.877375834375 0.141746584375 0.8753084234375 0.156124840625 0.84006895 0.1608024953125 0.8088498734374999
1 0.080904 0.83799575625 0.0750401375 0.8735375390625 0.07791029375 0.8824730171875 0.108291503125 0.8607143390625 0.101354884375 0.8121432203125 0.0928404890625 0.8118409124999999 0.086064946875 0.818069634375 0.080904 0.83799575625
1 0.0399711703125 0.8914924234375 0.05342835312500001 0.8381633875000001 0.0542533546875 0.8297488234375001 0.0510436609375 0.8261533953125 0.039527629687499996 0.8209380109375 0.030657078124999997 0.8340552812500001 0.026512571875 0.8523287234374999 0.019331021875 0.8962156125 0.0243344734375 0.89961491875 0.0380459296875 0.8957109453125 0.0399711703125 0.8914924234375
1 0.0269547484375 0.6772838296875 0.014891125 0.678726140625 0.011965278125000001 0.6854903515624999 0.013198879687500002 0.756163353125 0.0139786875 0.756273284375 0.033666696875 0.7352521265624999 0.033249878125 0.6916410546875 0.0269547484375 0.6772838296875
1 0.07513989843749999 0.67195379375 0.06325326406250001 0.67387005 0.0547128578125 0.6928707671875001 0.0507626671875 0.7497849921874999 0.053833654687499996 0.754258853125 0.0597076203125 0.7537399406249999 0.0802061859375 0.7180162828125 0.07936603125 0.6738965390625 0.07513989843749999 0.67195379375
1 0.08272235781250001 0.7260038718749999 0.087123309375 0.742788028125 0.088285678125 0.743400884375 0.0980028984375 0.7313009562499999 0.106273121875 0.71720106875 0.11739834687499999 0.65950235625 0.1051122203125 0.6559743796874999 0.09910677500000001 0.6605156937500001 0.093115775 0.6713449453125 0.0885334875 0.6828217765625 0.0872468625 0.6893752906249999 0.08404944375 0.7064352656249999 0.08272235781250001 0.7260038718749999
1 0.1512984328125 0.6840370171875 0.150013978125 0.676223065625 0.141755321875 0.6647319859375 0.135527375 0.6643030109375 0.1298831359375 0.6729361796875 0.117638175 0.7026394828125 0.11404848593750001 0.7173991953125001 0.11148245937500001 0.7336501921874999 0.11659355 0.737962659375 0.149277825 0.707997784375 0.1512984328125 0.6840370171875
1 0.16937108750000002 0.756178659375 0.19478713593750002 0.732373053125 0.197728815625 0.72650185 0.2011458578125 0.682533259375 0.200607659375 0.6779674609375 0.1908781625 0.669411984375 0.1849731359375 0.6717224890625 0.1808069578125 0.6805640234375 0.1732591484375 0.7028476218749999 0.167457415625 0.7348062203125 0.16691704375 0.7446078859374999 0.16937108750000002 0.756178659375
1 0.2191397671875 0.7663376171875 0.236141834375 0.7399988937499999 0.2451315921875 0.7022038187499999 0.24542561875 0.6923674234375 0.2375065 0.675536296875 0.22902822031249997 0.69095383125 0.220918371875 0.713607190625 0.2181681296875 0.7262402765625 0.2153297453125 0.7617595734375 0.2155833125 0.7649382703125001 0.2191397671875 0.7663376171875
1 0.28352294375 0.7062689578125 0.284063315625 0.696467290625 0.2787058796875 0.6921200984375 0.2666039671875 0.6922100343750001 0.2580014296875 0.7147939375 0.255720034375 0.732432040625 0.2634217 0.7618043140624999 0.2741864265625 0.7462601125 0.27803690625 0.7378230671875 0.28352294375 0.7062689578125
1 0.385676890625 0.7323436531249999 0.394025859375 0.7065810531250001 0.3929111765625 0.6960970750000001 0.3890007390625 0.6937498421875 0.38101731875 0.6948693640625 0.377575728125 0.6975271453125 0.3698798203125 0.731912675 0.3667206890625 0.7503250265625 0.370891915625 0.7589949265625 0.3820727546875 0.7408154265625 0.385676890625 0.7323436531249999
1 0.3333334953125 0.795905559375 0.337274996875 0.7964612015625 0.35420988593749997 0.756194228125 0.35502478593750003 0.7127567953125 0.3539577828125 0.6924016984375 0.34554380625 0.6898685796875 0.341116840625 0.6923874515625 0.3372663609375 0.7008244968749999 0.3352096390625 0.709065421875 0.3296231859375 0.7428503390625 0.328293928125 0.7767864125 0.3333334953125 0.795905559375
1 0.3214649453125 0.729128453125 0.327907465625 0.6851373796875 0.325606575 0.6789761109375 0.3225738734375 0.6758546265625001 0.315745596875 0.6744430359375 0.30649722343749997 0.6915479796875 0.302237853125 0.705764290625 0.3005661796875 0.7131615109375 0.30452500625 0.7518839921875 0.3128624109375 0.75171235625 0.3214649453125 0.729128453125