1 0.81845238125 0.31349206406249996 0.822420634375 0.31040564375 0.8206845234375001 0.2513227515625 0.818204365625 0.24470899531249998 0.815228175 0.2420634921875 0.8023313484375001 0.24118165781249998 0.8013392859374999 0.24470899531249998 0.8015873015625001 0.267636684375 0.8080357140625001 0.29850088124999996 0.8134920640625 0.31349206406249996 0.81845238125 0.31349206406249996
1 0.75595238125 0.3227513234375 0.7581845234375 0.3143738984375 0.7614087296875 0.2680776015625 0.7601686515625 0.2605820109375 0.7552083328125 0.2552910046875 0.7480158734375 0.2552910046875 0.7420634921875 0.2791005296875 0.7398313484375 0.29850088124999996 0.74032738125 0.317901234375 0.743799603125 0.32363315625 0.75595238125 0.3227513234375
1 0.787450396875 0.31040564375 0.7921626984375 0.29497354531250003 0.797123015625 0.271164021875 0.7956349203124999 0.259259259375 0.78720238125 0.2552910046875 0.7857142859375 0.2561728390625 0.7822420640625001 0.2636684296875 0.775545634375 0.294532628125 0.77529761875 0.3108465609375 0.7770337296875 0.317901234375 0.7795138890625 0.3205467375 0.787450396875 0.31040564375
1 0.7264384921875 0.3024691359375 0.7304067453124999 0.27777777812500004 0.7306547625 0.25485008750000004 0.72842261875 0.2477954140625 0.7227182546875001 0.2486772484375 0.7140376984375 0.255731921875 0.708829365625 0.27954144687500004 0.7085813484375 0.286155203125 0.7135416671875 0.3064373890625 0.7170138890625 0.308641975 0.7264384921875 0.3024691359375
1 0.693700396875 0.3090828921875 0.6964285718750001 0.30379188749999997 0.6981646828125 0.28880070468749997 0.699652778125 0.2561728390625 0.6981646828125 0.24823633125 0.6892361109375 0.2469135796875 0.6855158734375 0.25 0.6810515875 0.271164021875 0.6803075390625 0.2870370375 0.6832837296875 0.31040564375 0.6855158734375 0.31349206406249996 0.693700396875 0.3090828921875
1 0.6607142859375 0.291887125 0.6644345234375 0.29232804218749997 0.6664186515625 0.29056437343749997 0.6696428578125 0.282627865625 0.6708829359374999 0.240740740625 0.6698908734375 0.2319223984375 0.662450396875 0.22795414531249997 0.6540178578125 0.2319223984375 0.652777778125 0.2513227515625 0.6540178578125 0.2716049375 0.6574900796875001 0.286155203125 0.6607142859375 0.291887125
1 0.63467261875 0.29100529062499997 0.6391369046875 0.2773368609375 0.643601190625 0.241622575 0.6423611109375 0.2270723109375 0.628472221875 0.22839506250000002 0.625744046875 0.2319223984375 0.6237599203124999 0.242504409375 0.62450396875 0.262786596875 0.628472221875 0.28747795468750004 0.6302083328125 0.29056437343749997 0.63467261875 0.29100529062499997
1 0.609375 0.287918871875 0.611855159375 0.23985890625 0.6078869046875 0.227513228125 0.599454365625 0.228835978125 0.5957341265625 0.232363315625 0.5922619046875 0.23985890625 0.583829365625 0.2799823640625 0.5954861109375 0.301146384375 0.60615079375 0.29717813125000003 0.609375 0.287918871875
1 0.57217261875 0.30026454999999996 0.5744047625 0.29850088124999996 0.5803571421875 0.2830687828125 0.578125 0.2438271609375 0.574652778125 0.2310405640625 0.564980159375 0.232363315625 0.5602678578125 0.250881834375 0.5625 0.2870370375 0.568204365625 0.299382715625 0.57217261875 0.30026454999999996
1 0.5426587296875 0.2764550265625 0.5431547625 0.2486772484375 0.5416666671875 0.240740740625 0.537450396875 0.232363315625 0.52529761875 0.24514991249999998 0.521329365625 0.2530864203125 0.518105159375 0.2636684296875 0.521329365625 0.2870370375 0.54092261875 0.28747795468750004 0.5426587296875 0.2764550265625
1 0.5064484125 0.267636684375 0.5084325390625 0.252645503125 0.5089285718750001 0.23148148124999998 0.505704365625 0.2195767203125 0.5017361109375 0.2178130515625 0.490575396875 0.232363315625 0.484375 0.2716049375 0.4982638890625 0.282627865625 0.5037202375 0.275132275 0.5064484125 0.267636684375
1 0.47296627031250005 0.2870370375 0.4761904765625 0.2292768953125 0.47569444375 0.21649029999999997 0.47470238125 0.21472663125000002 0.46676587343750003 0.212081128125 0.4610615078125 0.21649029999999997 0.4513888890625 0.27777777812500004 0.45114087343750003 0.28395061718750003 0.45882936562500004 0.299382715625 0.46279761875 0.299382715625 0.47296627031250005 0.2870370375
1 0.44717261875 0.3007054671875 0.44915674531249994 0.294532628125 0.44593253906249997 0.2632275125 0.43948412656249997 0.228835978125 0.4320436515625 0.223985890625 0.42757936562500004 0.22663139375000002 0.4228670640625 0.2522045859375 0.4233630953125 0.2632275125 0.43526785781250005 0.294532628125 0.439980159375 0.2998236328125 0.44717261875 0.3007054671875
1 0.4109623015625 0.294532628125 0.4164186515625 0.2786596125 0.40972222187499996 0.22442680781250002 0.4074900796875 0.2208994703125 0.39657738125 0.2292768953125 0.39409722187499996 0.2328042328125 0.3970734125 0.2702821875 0.403769840625 0.29717813125000003 0.4109623015625 0.294532628125
1 0.3864087296875 0.22442680781250002 0.3792162703125 0.215608465625 0.3737599203125 0.2125220453125 0.36904761875 0.21516754843750002 0.3616071421875 0.223985890625 0.368799603125 0.29012345625 0.3727678578125 0.291887125 0.3824404765625 0.27689594375 0.3864087296875 0.22442680781250002
1 0.341269840625 0.2998236328125 0.346230159375 0.24823633125 0.3457341265625 0.22442680781250002 0.3415178578125 0.21075837812499998 0.3373015875 0.20855379218749998 0.333829365625 0.2094356265625 0.3318452375 0.2125220453125 0.327380953125 0.22839506250000002 0.32490079375 0.24514991249999998 0.3261408734375 0.2755731921875 0.330853175 0.2958553796875 0.33407738125 0.2998236328125 0.341269840625 0.2998236328125
1 0.30654761875 0.28747795468750004 0.3137400796875 0.2632275125 0.3177083328125 0.2477954140625 0.3174603171875 0.244268078125 0.3075396828125 0.2310405640625 0.30282738125 0.227513228125 0.30133928593750003 0.228835978125 0.2896825390625 0.26014109375 0.286954365625 0.2848324515625 0.2867063484375 0.29365079375 0.2894345234375 0.2980599640625 0.30282738125 0.294532628125 0.30654761875 0.28747795468750004
1 0.228174603125 0.3090828921875 0.23263888906250002 0.3090828921875 0.24156746093749998 0.2830687828125 0.24305555625 0.2561728390625 0.24255952343749998 0.23324514999999998 0.23263888906250002 0.2270723109375 0.2264384921875 0.22795414531249997 0.2229662703125 0.23941798906249998 0.221726190625 0.25485008750000004 0.22048611093749998 0.27336860625 0.221726190625 0.29717813125000003 0.22569444375 0.30687830625 0.228174603125 0.3090828921875
1 0.2638888890625 0.3090828921875 0.268105159375 0.309523809375 0.27157738125 0.307760140625 0.2730654765625 0.30423280468749997 0.28174603125000003 0.2477954140625 0.2795138890625 0.24470899531249998 0.262896825 0.2438271609375 0.255704365625 0.255731921875 0.25669642812500004 0.2848324515625 0.2579365078125 0.29850088124999996 0.2638888890625 0.3090828921875
1 0.20982142812500001 0.29497354531250003 0.21354166718749998 0.284391534375 0.2172619046875 0.2477954140625 0.2142857140625 0.2319223984375 0.21279761874999997 0.22971781249999998 0.2085813484375 0.22839506250000002 0.196924603125 0.2319223984375 0.1984126984375 0.28174603125000003 0.20039682499999997 0.2958553796875 0.20486111093749998 0.30026454999999996 0.20982142812500001 0.29497354531250003
1 0.0796130953125 0.328042328125 0.08779761875 0.31040564375 0.09052579375 0.2799823640625 0.090277778125 0.2671957671875 0.088045634375 0.2605820109375 0.0758928578125 0.2570546734375 0.06994047656249999 0.2680776015625 0.0696924609375 0.313051146875 0.071428571875 0.3293650796875 0.07291666718749999 0.3311287484375 0.0796130953125 0.328042328125
1 0.13715277812499999 0.29232804218749997 0.1364087296875 0.2477954140625 0.13095238125 0.22795414531249997 0.1230158734375 0.22839506250000002 0.11954365156249999 0.232363315625 0.1111111109375 0.2764550265625 0.1108630953125 0.28571428593750003 0.11656746093749999 0.3064373890625 0.1230158734375 0.30687830625 0.13715277812499999 0.29232804218749997
1 0.10491071406250001 0.40432098749999995 0.0957341265625 0.353174603125 0.09052579375 0.353174603125 0.0818452375 0.357583775 0.0761408734375 0.36948853593750003 0.0744047625 0.3871252203125 0.07217261875 0.4400352734375 0.07986111093750001 0.440476190625 0.087053571875 0.43518518593750005 0.10491071406250001 0.40432098749999995
1 0.1448412703125 0.38007054687499997 0.13888888906250002 0.3646384484375 0.12276785781249999 0.3509700171875 0.11904761875 0.3571428578125 0.11656746093749999 0.391093475 0.1170634921875 0.42636684375 0.11904761875 0.43165784843750005 0.1230158734375 0.432098765625 0.1448412703125 0.38007054687499997
1 0.161954365625 0.41446208125000006 0.17633928593749998 0.392416225 0.1676587296875 0.3553791890625 0.158978175 0.35052910000000004 0.1547619046875 0.35052910000000004 0.153273809375 0.3536155203125 0.1498015875 0.37257495625 0.15029761875 0.3963844796875 0.1542658734375 0.41093474375000005 0.161954365625 0.41446208125000006
1 0.23363095312499998 0.3963844796875 0.2420634921875 0.3492063484375 0.23189484062500001 0.3359788359375 0.2070932546875 0.357583775 0.20560515937499999 0.3611111109375 0.21180555625 0.4082892421875 0.2165178578125 0.4131393296875 0.23363095312499998 0.3963844796875
1 0.2797619046875 0.41225749531250006 0.283730159375 0.38095238125 0.2834821421875 0.37257495625 0.27529761875 0.36904761875 0.259424603125 0.3721340390625 0.2633928578125 0.42768959375 0.27157738125 0.43298059999999994 0.275545634375 0.42813051093750004 0.2797619046875 0.41225749531250006
1 0.318204365625 0.4290123453125 0.3261408734375 0.4272486765625 0.328373015625 0.42019400312500005 0.32862103125000003 0.39417989375 0.32142857187499996 0.3571428578125 0.3196924609375 0.353174603125 0.3112599203125 0.35229276875000004 0.3048115078125 0.356701940625 0.3060515875 0.3769841265625 0.3102678578125 0.4047619046875 0.3167162703125 0.42680775937500004 0.318204365625 0.4290123453125
1 0.3546626984375 0.3999118171875 0.3573908734375 0.393298059375 0.3606150796875 0.33377425 0.359375 0.3284832453125 0.349454365625 0.3209876546875 0.34325396874999997 0.3258377421875 0.34027777812500004 0.3386243390625 0.33705357187499996 0.36992945312500003 0.33779761875 0.41225749531250006 0.3415178578125 0.4149029984375 0.3452380953125 0.41358024687499995 0.3546626984375 0.3999118171875
1 0.396329365625 0.3963844796875 0.4012896828125 0.3492063484375 0.396329365625 0.3373015875 0.39161706406249996 0.3350970015625 0.3851686515625 0.3359788359375 0.37599206406249996 0.349647265625 0.3737599203125 0.3875661375 0.37549603125000003 0.40784832499999996 0.38467261875 0.4197530859375 0.396329365625 0.3963844796875
1 0.4327876984375 0.3963844796875 0.4389880953125 0.3492063484375 0.4392361109375 0.3373015875 0.43328372968749995 0.33068783125 0.42757936562500004 0.3311287484375 0.42113095312500004 0.341269840625 0.4117063484375 0.38271605000000003 0.412946428125 0.411816578125 0.4144345234375 0.41931216875 0.41617063437499996 0.4206349203125 0.4327876984375 0.3963844796875
1 0.45659722187499996 0.41358024687499995 0.4595734125 0.4082892421875 0.4632936515625 0.388447971875 0.46428571406249997 0.3544973546875 0.46279761875 0.341269840625 0.45362103125 0.3417107578125 0.44890872968749995 0.3562610234375 0.4456845234375 0.3796296296875 0.4449404765625 0.40211640156249995 0.45114087343750003 0.4113756609375 0.4546130953125 0.41446208125000006 0.45659722187499996 0.41358024687499995
1 0.48660714218749995 0.40608465625 0.49032738125 0.3999118171875 0.49305555625 0.38051146406249997 0.493799603125 0.3730158734375 0.4925595234375 0.3611111109375 0.48214285781250005 0.3209876546875 0.47098214218749995 0.332892415625 0.471230159375 0.35052910000000004 0.47445436562500004 0.39197530937499997 0.481646825 0.40432098749999995 0.48660714218749995 0.40608465625
1 0.513144840625 0.39021164062499997 0.5200892859375 0.3730158734375 0.5203373015625 0.36684303281249997 0.5109126984375 0.325396825 0.505704365625 0.3249559078125 0.49801587343750003 0.328042328125 0.49603174531249994 0.3571428578125 0.49578372968749995 0.37257495625 0.497519840625 0.3840388 0.509424603125 0.39417989375 0.513144840625 0.39021164062499997
1 0.537450396875 0.40917107656249996 0.5391865078125 0.40784832499999996 0.5431547625 0.39197530937499997 0.5488591265625 0.3417107578125 0.5414186515625 0.332892415625 0.5290178578125 0.33201058125 0.5275297625 0.33377425 0.5235615078125 0.3417107578125 0.525049603125 0.3888888890625 0.5327380953125 0.40784832499999996 0.537450396875 0.40917107656249996
1 0.5691964281249999 0.392416225 0.5701884921875 0.38932980625 0.571924603125 0.3417107578125 0.568204365625 0.3258377421875 0.5605158734375 0.32319224062499996 0.5555555562500001 0.3258377421875 0.5533234125 0.35052910000000004 0.552579365625 0.37125220468750003 0.5535714281249999 0.3761022921875 0.5605158734375 0.3906525578125 0.5691964281249999 0.392416225
1 0.603670634375 0.38139329843750003 0.606398809375 0.35229276875000004 0.6049107140625 0.3373015875 0.599454365625 0.32716049375 0.5947420640625001 0.326278659375 0.58779761875 0.3492063484375 0.58134920625 0.384920634375 0.580853175 0.388447971875 0.591269840625 0.40784832499999996 0.6004464281249999 0.3999118171875 0.603670634375 0.38139329843750003
1 0.6319444437499999 0.4096119921875 0.6423611109375 0.40299823593750006 0.6455853171875 0.3928571421875 0.6455853171875 0.38932980625 0.6391369046875 0.3377425046875 0.6329365078125 0.3377425046875 0.619295634375 0.3492063484375 0.6207837296875 0.39594356249999996 0.6227678578125 0.4038800703125 0.6269841265625 0.408730159375 0.6319444437499999 0.4096119921875
1 0.672123015625 0.4104938265625 0.67509920625 0.3822751328125 0.6738591265625 0.3571428578125 0.6703869046875 0.35405643750000004 0.6617063484375 0.3518518515625 0.6525297625 0.365079365625 0.652777778125 0.42372134062500005 0.6572420640625001 0.42504409218749994 0.6698908734375 0.41578483281249995 0.672123015625 0.4104938265625
1 0.7011408734375 0.4206349203125 0.7018849203124999 0.3875661375 0.7011408734375 0.36419753125 0.6989087296875 0.3492063484375 0.6827876984375 0.3492063484375 0.6770833328125 0.3963844796875 0.6808035718750001 0.4197530859375 0.68427579375 0.42151675468749994 0.7011408734375 0.4206349203125
1 0.724454365625 0.4241622578125 0.7259424609375 0.3990299828125 0.7254464281249999 0.3659612 0.721478175 0.3562610234375 0.7202380953125 0.354938271875 0.7120535718750001 0.3571428578125 0.7048611109375 0.36375661406250004 0.703125 0.38051146406249997 0.70262896875 0.3963844796875 0.7048611109375 0.42372134062500005 0.71279761875 0.42592592656250006 0.724454365625 0.4241622578125
1 0.7477678578125 0.424603175 0.752728175 0.42372134062500005 0.7609126984375 0.41578483281249995 0.7616567453124999 0.38051146406249997 0.7606646828125 0.365079365625 0.755704365625 0.361552028125 0.740079365625 0.363315696875 0.7380952375 0.365079365625 0.740575396875 0.41578483281249995 0.7430555562500001 0.4206349203125 0.7477678578125 0.424603175
1 0.790674603125 0.401675484375 0.7948908734375 0.39417989375 0.799851190625 0.36904761875 0.8008432546875 0.3571428578125 0.8005952375 0.3492063484375 0.7986111109375 0.342151675 0.781994046875 0.3417107578125 0.7735615078125 0.3571428578125 0.780505953125 0.4007936515625 0.783730159375 0.40608465625 0.790674603125 0.401675484375
1 0.831101190625 0.4012345671875 0.8345734125 0.365079365625 0.83407738125 0.3611111109375 0.8226686515624999 0.348324515625 0.8105158734375 0.3509700171875 0.802579365625 0.3611111109375 0.8020833328125001 0.36904761875 0.818204365625 0.415343915625 0.82490079375 0.41578483281249995 0.831101190625 0.4012345671875
1 0.8422619046875001 0.525132275 0.8303571421875 0.46649029999999997 0.818204365625 0.46164021093749996 0.8058035718750001 0.46164021093749996 0.8060515875 0.4977954140625 0.80927579375 0.5061728390625 0.833829365625 0.5299823640625 0.8422619046875001 0.525132275
1 0.7862103171875 0.5326278656250001 0.7914186515625 0.521164021875 0.7926587296875 0.4894179890625 0.79092261875 0.45679012343750003 0.786954365625 0.4457671953125 0.7748015875 0.44532627812500003 0.771329365625 0.44973545000000004 0.7705853171875 0.45767195781250003 0.7700892859375 0.50176366875 0.778521825 0.5339506171874999 0.7829861109375 0.53527336875 0.7862103171875 0.5326278656250001
1 0.7517361109375 0.5383597890625 0.7574404765625 0.5224867718749999 0.759920634375 0.4783950625 0.7564484125 0.46781305156249997 0.74404761875 0.46296296249999996 0.7363591265625 0.470458553125 0.7279265875 0.48985890625 0.7395833328125 0.5374779546874999 0.7477678578125 0.54012345625 0.7517361109375 0.5383597890625
1 0.7165178578125 0.5330687828125 0.7234623015625 0.4977954140625 0.7229662703125 0.473985890625 0.721478175 0.46649029999999997 0.7085813484375 0.4625220453125 0.706101190625 0.46913580312500003 0.70362103125 0.48589065312499996 0.703869046875 0.5061728390625 0.7073412703125 0.5282186953125 0.71279761875 0.5339506171874999 0.7165178578125 0.5330687828125
1 0.68154761875 0.5273368609375 0.69072420625 0.5097001765625 0.6884920640625001 0.4792768953125 0.6855158734375 0.46737213437499997 0.678075396875 0.46296296249999996 0.6741071421875 0.46649029999999997 0.6676587296875 0.49029982343749995 0.6728670640625001 0.5255731921875 0.6736111109375 0.5273368609375 0.68154761875 0.5273368609375
1 0.6423611109375 0.534391534375 0.6525297625 0.5136684296875 0.653769840625 0.502645503125 0.650049603125 0.465608465625 0.64657738125 0.46164021093749996 0.634424603125 0.463844796875 0.6331845234375 0.465608465625 0.6302083328125 0.505731921875 0.6299603171875 0.5136684296875 0.6341765875 0.5291005296875 0.6386408734375 0.5335097 0.6423611109375 0.534391534375
1 0.615575396875 0.462081128125 0.6135912703125 0.45370370312499997 0.6081349203124999 0.44664902968750003 0.59970238125 0.4484126984375 0.5979662703125 0.45105820156250004 0.599950396875 0.50176366875 0.60342261875 0.5189594359374999 0.615575396875 0.48897707187500006 0.615575396875 0.462081128125
1 0.572420634375 0.525132275 0.578869046875 0.494268078125 0.5823412703125 0.4669312171875 0.580853175 0.45105820156250004 0.5763888890625 0.44664902968750003 0.5610119046875 0.450617284375 0.5582837296875 0.48236331562499996 0.5580357140625 0.48985890625 0.5642361109375 0.519400353125 0.5696924609375 0.525132275 0.572420634375 0.525132275
1 0.549355159375 0.46649029999999997 0.54737103125 0.4519400359375 0.5448908734375 0.4484126984375 0.53720238125 0.447089946875 0.5329861109375 0.4501763671875 0.531001984375 0.47795414531249997 0.531994046875 0.5097001765625 0.536954365625 0.5171957671875 0.5458829359374999 0.49029982343749995 0.549355159375 0.46649029999999997
1 0.497023809375 0.48809523749999995 0.5012400796875001 0.490740740625 0.505704365625 0.48985890625 0.5081845234375 0.4863315703125 0.5136408734375 0.46516754843749997 0.5136408734375 0.45502645468749997 0.5081845234375 0.43518518593750005 0.497519840625 0.43165784843750005 0.4918154765625 0.44312169375000005 0.4918154765625 0.480599646875 0.49404761875 0.48589065312499996 0.497023809375 0.48809523749999995
1 0.48387896875 0.49955908281249994 0.48387896875 0.4947089953125 0.471230159375 0.44973545000000004 0.46651785781250005 0.44797178125 0.446924603125 0.46472663125 0.44717261875 0.470458553125 0.4608134921875 0.5136684296875 0.4632936515625 0.51499118125 0.48387896875 0.49955908281249994
1 0.428571428125 0.530864196875 0.434523809375 0.5313051140625 0.4365079359375 0.5273368609375 0.4429563484375 0.4783950625 0.43799603125 0.450617284375 0.4362599203125 0.447089946875 0.43154761875 0.44312169375000005 0.422123015625 0.45105820156250004 0.4136904765625 0.47442680781249996 0.41493055625 0.5180776015624999 0.41592261875 0.5216049375 0.428571428125 0.530864196875
1 0.34970238125 0.5524691359375 0.36259920625 0.5330687828125 0.3640873015625 0.4783950625 0.35107994374999996 0.4822371546875 0.3436802234375 0.4783662203125 0.34716243125 0.48533388593750004 0.3384568609375 0.477592015625 0.3519505203125 0.4729469046875 0.331101190625 0.4783950625 0.32713293593750004 0.525132275 0.3298611109375 0.5339506171874999 0.3415178578125 0.552910053125 0.34970238125 0.5524691359375
1 0.3234126984375 0.5330687828125 0.3234126984375 0.525132275 0.3142361109375 0.463844796875 0.3102678578125 0.4625220453125 0.2986111109375 0.46649029999999997 0.2886904765625 0.519400353125 0.2884424609375 0.5286596125 0.30654761875 0.56040564375 0.322420634375 0.53527336875 0.3234126984375 0.5330687828125
1 0.2224702375 0.5339506171874999 0.22470238125000003 0.5313051140625 0.22916666718749998 0.5110229281249999 0.23710317500000003 0.470458553125 0.23710317500000003 0.4625220453125 0.21701388906250002 0.4634038796875 0.21279761874999997 0.47442680781249996 0.21180555625 0.48985890625 0.21155753906250002 0.509259259375 0.2147817453125 0.5326278656250001 0.21676587343749998 0.5357142859375 0.2224702375 0.5339506171874999
1 0.27529761875 0.5467372140625 0.2896825390625 0.4783950625 0.286954365625 0.474867725 0.26215277812500004 0.48368606718749996 0.2591765875 0.4894179890625 0.2581845234375 0.5052910046875 0.25967261875 0.5414462078125 0.2633928578125 0.5489417984375 0.2671130953125 0.5515873015625 0.27529761875 0.5467372140625
1 0.193204365625 0.5207231046875 0.20114087343749998 0.455467371875 0.193204365625 0.440476190625 0.1855158734375 0.4426807765625 0.1798115078125 0.450617284375 0.1755952375 0.46649029999999997 0.17212301562500001 0.49382716093749995 0.171875 0.505731921875 0.177579365625 0.54717813125 0.18923611093749998 0.542768959375 0.193204365625 0.5207231046875
1 0.14657738125 0.5357142859375 0.1540178578125 0.5326278656250001 0.15550595312499998 0.5291005296875 0.16468253906250002 0.47442680781249996 0.15451388906250002 0.460758378125 0.146329365625 0.46119929531250003 0.1386408734375 0.46649029999999997 0.1359126984375 0.49338624375 0.13467261875 0.5180776015624999 0.13740079375 0.5339506171874999 0.1386408734375 0.5357142859375 0.14657738125 0.5357142859375
1 0.12202380937499999 0.559523809375 0.1351686515625 0.5449735453125 0.13616071406250002 0.5414462078125 0.1326884921875 0.49338624375 0.1292162703125 0.4783950625 0.11507936562500001 0.47574955937499996 0.11185515937499999 0.48236331562499996 0.10987103125 0.4977954140625 0.109375 0.5291005296875 0.1111111109375 0.5520282187500001 0.11507936562500001 0.559523809375 0.12202380937499999 0.559523809375
1 0.07217261875 0.5542328046875 0.07936507968749999 0.5564373890625001 0.083829365625 0.5551146390625 0.1014384921875 0.525132275 0.09920634843750001 0.5180776015624999 0.083829365625 0.49338624375 0.0736607140625 0.49338624375 0.068700396875 0.49823633125000005 0.06770833281250001 0.5052910046875 0.06646825468749999 0.519400353125 0.0669642859375 0.5370370375 0.068700396875 0.5485008812500001 0.07217261875 0.5542328046875
1 0.08333333281250001 0.6027336859375 0.08134920625 0.5886243390625 0.0758928578125 0.576278659375 0.07118055625 0.5758377421875001 0.06299603125 0.5956790125 0.055803571875 0.6287477953125 0.055555556250000006 0.636684303125 0.0553075390625 0.68959435625 0.056547618749999994 0.703703703125 0.0801091265625 0.6653439156250001 0.08333333281250001 0.6027336859375
1 0.1269841265625 0.6340388 0.12748015937499999 0.6265432093750001 0.11532738125 0.6027336859375 0.10714285781249999 0.6018518515625 0.0917658734375 0.606701940625 0.096478175 0.6538800703125001 0.103174603125 0.6772486765625 0.11185515937499999 0.675485009375 0.1269841265625 0.6340388
1 0.15625 0.661816578125 0.1626984125 0.6044973546875 0.16220238125 0.599647265625 0.15798611093749998 0.5961199296874999 0.13814484062500001 0.5934744265624999 0.134424603125 0.5992063484375 0.12946428593749998 0.6300705468750001 0.127728175 0.6463844796875 0.15029761875 0.68606701875 0.1515376984375 0.6851851859375 0.15625 0.661816578125
1 0.19196428593749998 0.5758377421875001 0.1862599203125 0.5714285718750001 0.1773313484375 0.5701058203125 0.174603175 0.576278659375 0.177579365625 0.58068783125 0.1897321421875 0.578042328125 0.19196428593749998 0.5758377421875001
1 0.1773313484375 0.6794532625 0.193204365625 0.6040564374999999 0.1894841265625 0.582892415625 0.17361111093749998 0.5824514984375 0.1654265875 0.615079365625 0.1641865078125 0.6353615515625 0.165674603125 0.650352734375 0.17113095312499998 0.6798941796875 0.1773313484375 0.6794532625
1 0.23363095312499998 0.6313932984374999 0.2390873015625 0.5873015875 0.23611111093749998 0.582892415625 0.2165178578125 0.5820105812499999 0.21378968281250002 0.58377425 0.20882936562499999 0.5934744265624999 0.206101190625 0.615079365625 0.20808531718749998 0.661816578125 0.21279761874999997 0.6697530859375 0.22445436562499999 0.6825396828125 0.23363095312499998 0.6313932984374999
1 0.2633928578125 0.6891534390625 0.27529761875 0.67768959375 0.2765376984375 0.6300705468750001 0.26512896874999997 0.6230158734375 0.2564484125 0.6230158734375 0.25322420625 0.6305114640625 0.24950396874999997 0.65255731875 0.2487599203125 0.673721340625 0.2517361109375 0.68959435625 0.259920634375 0.691358025 0.2633928578125 0.6891534390625
1 0.318204365625 0.657848325 0.321924603125 0.638447971875 0.3105158734375 0.6018518515625 0.302579365625 0.6027336859375 0.2983630953125 0.60582010625 0.2829861109375 0.63932980625 0.302579365625 0.688712521875 0.30654761875 0.68606701875 0.318204365625 0.657848325
1 0.3382936515625 0.6759259265625001 0.3454861109375 0.6741622578124999 0.3571428578125 0.6424162250000001 0.35838293593750004 0.6344797171875001 0.35838293593750004 0.6305114640625 0.353174603125 0.615079365625 0.343501984375 0.6027336859375 0.34052579375 0.601410934375 0.3318452375 0.60582010625 0.3261408734375 0.615079365625 0.3239087296875 0.6230158734375 0.32142857187499996 0.6424162250000001 0.322420634375 0.6538800703125001 0.33482142812500004 0.674603175 0.3382936515625 0.6759259265625001
1 0.38467261875 0.674603175 0.3948412703125 0.62742504375 0.3928571421875 0.615079365625 0.377480159375 0.5718694890625 0.365079365625 0.574514990625 0.3640873015625 0.58377425 0.362103175 0.6344797171875001 0.365079365625 0.651675484375 0.36904761875 0.6657848328125 0.38467261875 0.674603175
1 0.42509920625 0.6424162250000001 0.43526785781250005 0.6111111109375 0.43526785781250005 0.6071428578125 0.42584325468750006 0.57716049375 0.41989087343750003 0.5701058203125 0.41021825468750006 0.5718694890625 0.400049603125 0.5895061734375 0.39955357187499996 0.61904761875 0.41195436562500004 0.6397707234375 0.41592261875 0.6437389765625 0.42509920625 0.6424162250000001
1 0.47470238125 0.6040564374999999 0.47098214218749995 0.5873015875 0.45907738125 0.5705467375 0.450644840625 0.5714285718750001 0.44618055625 0.575396825 0.4392361109375 0.591269840625 0.4365079359375 0.5992063484375 0.43799603125 0.6071428578125 0.45882936562500004 0.6437389765625 0.47470238125 0.6040564374999999
1 0.4789186515625 0.641093475 0.4853670640625 0.638447971875 0.49578372968749995 0.615079365625 0.497023809375 0.6027336859375 0.4918154765625 0.5559964734375 0.48635912656249997 0.5520282187500001 0.47991071406249997 0.554673721875 0.47743055625 0.558641975 0.475446428125 0.5679012343750001 0.4737103171875 0.5917107578125 0.4739583328125 0.6102292765625 0.4761904765625 0.638447971875 0.4789186515625 0.641093475
1 0.5267857140625 0.6582892421875 0.5292658734375 0.598324515625 0.5235615078125 0.576278659375 0.521329365625 0.5727513234375 0.512152778125 0.576278659375 0.50967261875 0.5833333328125 0.5064484125 0.5956790125 0.50049603125 0.634920634375 0.500248015625 0.638447971875 0.52157738125 0.6640211640625 0.5257936515625 0.6626984125 0.5267857140625 0.6582892421875
1 0.5570436515625 0.6305114640625 0.5587797625 0.6265432093750001 0.5510912703125 0.5758377421875001 0.5451388890625 0.5705467375 0.536954365625 0.5714285718750001 0.5327380953125 0.5758377421875001 0.531498015625 0.5917107578125 0.5334821421875 0.6265432093750001 0.5483630953125 0.631834215625 0.5570436515625 0.6305114640625
1 0.599454365625 0.62257495625 0.596726190625 0.60229276875 0.5868055562500001 0.576278659375 0.58407738125 0.573192240625 0.5758928578125 0.5727513234375 0.56845238125 0.57716049375 0.5701884921875 0.6340388 0.58779761875 0.6459435625000001 0.5927579359374999 0.643298059375 0.599454365625 0.62257495625
1 0.6113591265625 0.64770723125 0.615079365625 0.6424162250000001 0.6205357140625 0.6111111109375 0.6111111109375 0.5784832453125001 0.6073908734375 0.57363315625 0.6014384921875 0.5758377421875001 0.59697420625 0.58377425 0.5987103171875 0.6199294531249999 0.6056547625 0.641975309375 0.6113591265625 0.64770723125
1 0.646329365625 0.6556437390625 0.6507936515625 0.6265432093750001 0.650049603125 0.6146384484375 0.64657738125 0.603174603125 0.6423611109375 0.5956790125 0.6364087296875 0.591269840625 0.630704365625 0.5903880078125 0.627480159375 0.593033509375 0.6259920640625001 0.5970017640624999 0.6267361109375 0.62257495625 0.6287202375 0.6340388 0.6418650796875001 0.655202821875 0.646329365625 0.6556437390625
1 0.6634424609375 0.6424162250000001 0.6706349203124999 0.624338625 0.671626984375 0.6164021156249999 0.672619046875 0.591269840625 0.672123015625 0.5811287484375 0.6698908734375 0.5718694890625 0.662450396875 0.569664903125 0.6584821421875 0.5705467375 0.6542658734375 0.5873015875 0.6520337296875 0.6071428578125 0.6525297625 0.6234567906249999 0.6552579359374999 0.6362433859375 0.6604662703125 0.6428571421875 0.6634424609375 0.6424162250000001
1 0.718005953125 0.6455026453125 0.7197420640625001 0.641975309375 0.722222221875 0.6146384484375 0.7209821421875 0.5992063484375 0.716021825 0.5802469140625 0.71279761875 0.5749559078125001 0.7053571421875 0.582892415625 0.6991567453124999 0.5925925921874999 0.6979166671875 0.596560846875 0.6994047625 0.61067019375 0.7048611109375 0.6437389765625 0.718005953125 0.6455026453125
1 0.759920634375 0.5908289234375 0.755704365625 0.5789241625 0.740079365625 0.5714285718750001 0.7304067453124999 0.5859788359375 0.7304067453124999 0.591269840625 0.74404761875 0.6313932984374999 0.7643849203124999 0.6269841265625 0.759920634375 0.5908289234375
1 0.7643849203124999 0.6269841265625 0.7601686515625 0.6071428578125 0.7566964281249999 0.598324515625 0.750744046875 0.598324515625 0.744295634375 0.6075837749999999 0.743799603125 0.63095238125 0.7477678578125 0.6455026453125 0.7519841265625 0.645061728125 0.7643849203124999 0.6269841265625
1 0.80654761875 0.6265432093750001 0.802579365625 0.6036155203125 0.7958829359374999 0.5850970015625 0.7792658734375 0.586419753125 0.77529761875 0.606701940625 0.775049603125 0.6313932984374999 0.80654761875 0.66093474375 0.809523809375 0.657848325 0.80654761875 0.6265432093750001
1 0.833829365625 0.5701058203125 0.825396825 0.5714285718750001 0.82217261875 0.5749559078125001 0.82217261875 0.5767195765625 0.8291170640625 0.57716049375 0.8382936515624999 0.5758377421875001 0.833829365625 0.5701058203125
1 0.83779761875 0.661816578125 0.84424603125 0.6212522046875 0.8415178578125 0.59391534375 0.8400297625 0.588183421875 0.8382936515624999 0.5868606703125 0.8229166671874999 0.58377425 0.8209325390625001 0.624338625 0.8236607140625001 0.6582892421875 0.8258928578125 0.6622574953125 0.83779761875 0.661816578125
1 0.860119046875 0.7989417984375 0.8551587296875001 0.767636684375 0.849454365625 0.7402998234375 0.8415178578125 0.7275132281250001 0.827876984375 0.7398589062500001 0.822420634375 0.7539682546875001 0.83779761875 0.8015873015625001 0.8452380953124999 0.8042328046874999 0.859623015625 0.8024691359375 0.860119046875 0.7989417984375
1 0.749751984375 0.7923280421875 0.756200396875 0.8007054671875 0.762896825 0.794532628125 0.7673611109375 0.7799823640625 0.7735615078125 0.7477954140625 0.7693452375 0.7283950625 0.759424603125 0.7169312171875 0.74404761875 0.7160493828125001 0.7433035718750001 0.7173721343749999 0.7447916671875 0.7791005296875 0.746527778125 0.786155203125 0.749751984375 0.7923280421875
1 0.72842261875 0.7918871249999999 0.7301587296875 0.7874779546874999 0.7304067453124999 0.755731921875 0.7266865078125 0.7204585531250001 0.71279761875 0.712081128125 0.696924603125 0.7178130515625 0.70262896875 0.75176366875 0.7137896828125 0.7830687828125 0.7165178578125 0.787918871875 0.72842261875 0.7918871249999999
1 0.681299603125 0.7958553796875 0.697420634375 0.7486772484374999 0.697420634375 0.744268078125 0.6865079359374999 0.7160493828125001 0.677579365625 0.7116402109375 0.6669146828125 0.7164903 0.668898809375 0.771164021875 0.6738591265625 0.791005290625 0.677579365625 0.79717813125 0.681299603125 0.7958553796875
1 0.65575396875 0.7597001765625 0.6507936515625 0.7429453265625 0.6426091265625 0.730599646875 0.63467261875 0.7319223984375001 0.630704365625 0.735890653125 0.62450396875 0.75176366875 0.624751984375 0.7570546734375 0.646329365625 0.8015873015625001 0.6547619046875 0.7830687828125 0.65575396875 0.7597001765625
1 0.6173115078125 0.7865961203125 0.6210317453124999 0.7813051140625 0.6230158734375 0.775132275 0.6227678578125 0.755731921875 0.6175595234375 0.7336860671875 0.612103175 0.7169312171875 0.6073908734375 0.7094356265624999 0.5957341265625 0.7160493828125001 0.5954861109375 0.7244268078125 0.6001984125 0.7707231046875 0.6148313484375 0.7870370375 0.6173115078125 0.7865961203125
1 0.57217261875 0.7773368609375 0.5868055562500001 0.7279541453125 0.5868055562500001 0.7244268078125 0.5798611109375 0.69973545 0.5716765875 0.6957671953125 0.5605158734375 0.6979717812499999 0.559523809375 0.7010582015625 0.550347221875 0.735890653125 0.5505952375 0.7398589062500001 0.5644841265625 0.7799823640625 0.57217261875 0.7773368609375
1 0.5329861109375 0.797619046875 0.5376984125 0.797619046875 0.5446428578125 0.7932098765625 0.5448908734375 0.79012345625 0.536954365625 0.7561728390625 0.5329861109375 0.7438271609375 0.5275297625 0.73148148125 0.5233134921875 0.7301587296875 0.5116567453124999 0.7402998234375 0.512896825 0.7513227515625001 0.521329365625 0.7830687828125 0.5329861109375 0.797619046875
1 0.49007936562500004 0.80026455 0.49578372968749995 0.7830687828125 0.49801587343750003 0.7636684296875 0.4985119046875 0.7164903 0.4947916671875 0.7010582015625 0.49007936562500004 0.697089946875 0.48214285781250005 0.702380953125 0.47991071406249997 0.7195767203125001 0.4796626984375 0.7336860671875 0.48239087343750003 0.7830687828125 0.48511904687499996 0.7940917109375001 0.49007936562500004 0.80026455
1 0.45114087343750003 0.7835097 0.45758928593750003 0.7671957671875 0.4605654765625 0.732363315625 0.46031746093750003 0.7010582015625 0.4479166671875 0.698853615625 0.44320436562500004 0.7067901234375 0.440476190625 0.7164903 0.4422123015625 0.7764550265625 0.44345238125 0.7813051140625 0.45114087343750003 0.7835097
1 0.838045634375 0.9426807765625 0.8501984125 0.9210758374999999 0.8447420640625 0.87257495625 0.838045634375 0.8628747796875 0.825644840625 0.8611111109375 0.8244047625 0.8646384484375 0.8211805562500001 0.8761022921875 0.822420634375 0.9082892421875 0.8239087296875001 0.9153439156250001 0.838045634375 0.9426807765625
1 0.8105158734375 0.9409171078125 0.8144841265625 0.9298941796875001 0.8169642859374999 0.9126984125 0.8167162703124999 0.8999118171875 0.8144841265625 0.8831569671875 0.812748015625 0.88095238125 0.802579365625 0.8752204578124999 0.79637896875 0.8805114640625 0.7951388890625 0.8853615515625 0.7916666671875 0.9250440921875 0.796130953125 0.9475308640625 0.7986111109375 0.9519400359375 0.8105158734375 0.9409171078125
1 0.7792658734375 0.9444444437499999 0.787450396875 0.94312169375 0.7891865078125 0.8853615515625 0.7881944437499999 0.8818342156250001 0.7760416671875 0.8738977078125 0.7710813484375 0.8734567906249999 0.755704365625 0.8853615515625 0.7552083328125 0.8893298062499999 0.7586805562500001 0.9118165781249999 0.7673611109375 0.9356261015625 0.7792658734375 0.9444444437499999
1 0.7423115078125 0.9510582015625 0.7457837296875 0.907848325 0.7452876984375 0.8959435625 0.7428075390625 0.8818342156250001 0.7361111109375 0.8646384484375 0.718005953125 0.8730158734375 0.7140376984375 0.908730159375 0.72842261875 0.9457671953125001 0.740079365625 0.95634920625 0.7423115078125 0.9510582015625
1 0.708829365625 0.92768959375 0.706101190625 0.9157848328125 0.7011408734375 0.8999118171875 0.69345238125 0.8835978843750001 0.6892361109375 0.8805114640625 0.6728670640625001 0.8959435625 0.671875 0.9351851859375 0.6892361109375 0.9598765437500001 0.708829365625 0.9387125218750001 0.708829365625 0.92768959375
1 0.65302579375 0.9462081124999999 0.66865079375 0.9082892421875 0.6644345234375 0.8721340390625001 0.662450396875 0.8655202828125 0.6582341265625 0.8571428578125 0.646329365625 0.85582010625 0.644097221875 0.8571428578125 0.62822420625 0.8844797171875 0.6267361109375 0.888447971875 0.638144840625 0.9488536156249999 0.6495535718750001 0.9484126984374999 0.65302579375 0.9462081124999999
1 0.60342261875 0.9572310406250001 0.619295634375 0.94797178125 0.622023809375 0.9391534390625 0.622271825 0.93121693125 0.6168154765625 0.8677248671875001 0.603174603125 0.86419753125 0.5835813484375 0.8910934749999999 0.5833333328125 0.8963844796875 0.593501984375 0.9391534390625 0.6024305562500001 0.95634920625 0.60342261875 0.9572310406250001
1 0.5771329359374999 0.963844796875 0.5890376984375 0.9272486765625001 0.5890376984375 0.9197530859375 0.58407738125 0.884920634375 0.5798611109375 0.8822751328124999 0.5679563484375 0.8831569671875 0.556795634375 0.8955026453125001 0.55654761875 0.9052028218749999 0.5602678578125 0.93959435625 0.57217261875 0.9629629625 0.5771329359374999 0.963844796875
1 0.54737103125 0.9162257500000001 0.54737103125 0.9118165781249999 0.5414186515625 0.888447971875 0.536954365625 0.8840388000000001 0.5270337296875 0.8831569671875 0.521329365625 0.903439153125 0.5173611109375 0.9294532625 0.528521825 0.9462081124999999 0.534722221875 0.945326278125 0.54737103125 0.9162257500000001
1 0.5019841265625 0.9559082890624999 0.5069444437499999 0.9545855375000001 0.505704365625 0.9043209875 0.50049603125 0.875661375 0.49776785781250005 0.87257495625 0.4861111109375 0.8721340390625001 0.47991071406249997 0.9038800703125001 0.4794146828125 0.9122574953125 0.481398809375 0.9316578484375 0.48511904687499996 0.9391534390625 0.5019841265625 0.9559082890624999
1 0.48065476250000005 0.9232804234374999 0.478174603125 0.9082892421875 0.4704861109375 0.8805114640625 0.4623015875 0.8796296296874999 0.4546130953125 0.8835978843750001 0.453373015625 0.9307760140625 0.47470238125 0.9532627859374999 0.47842261875 0.953703703125 0.48065476250000005 0.9232804234374999
1 0.4270833328125 0.9625220453125 0.4360119046875 0.91931216875 0.4365079359375 0.8915343921875 0.43328372968749995 0.8871252203125 0.428075396875 0.8844797171875 0.42261904687499996 0.8871252203125 0.415674603125 0.9113756609375001 0.415178571875 0.921957671875 0.4171626984375 0.9417989421874999 0.42385912656249997 0.9664903 0.4270833328125 0.9625220453125
1 0.396329365625 0.9611992953125 0.3980654765625 0.9559082890624999 0.3980654765625 0.9149029984375 0.396329365625 0.8950617281250001 0.3802083328125 0.896825396875 0.3764880953125 0.9029982359375 0.3772321421875 0.9272486765625001 0.384424603125 0.9585537921875 0.3883928578125 0.963844796875 0.396329365625 0.9611992953125
1 0.3415178578125 0.9545855375000001 0.34970238125 0.942239859375 0.34821428593750003 0.87257495625 0.3417658734375 0.8668430328125 0.338045634375 0.8664021156249999 0.3320932546875 0.8681657843749999 0.327876984375 0.87257495625 0.32762896874999997 0.890211640625 0.3301091265625 0.9272486765625001 0.3382936515625 0.95634920625 0.3415178578125 0.9545855375000001
1 0.265376984375 0.9545855375000001 0.2668650796875 0.9519400359375 0.2720734125 0.9157848328125 0.2619047625 0.880070546875 0.2554563484375 0.8761022921875 0.2460317453125 0.88271605 0.24479166718749998 0.888447971875 0.246527778125 0.9329805999999999 0.25967261875 0.9559082890624999 0.265376984375 0.9545855375000001
1 0.294394840625 0.9532627859374999 0.3070436515625 0.9113756609375001 0.302579365625 0.884920634375 0.2986111109375 0.86904761875 0.2953869046875 0.86728395 0.286954365625 0.86904761875 0.28125 0.8787477953125 0.28174603125000003 0.9179894187500001 0.2864583328125 0.94973545 0.2919146828125 0.9576719578124999 0.294394840625 0.9532627859374999
1 0.20039682499999997 0.9369488531249999 0.20907738125000003 0.900352734375 0.20882936562499999 0.86904761875 0.19866071406250002 0.8571428578125 0.1966765875 0.8575837749999999 0.18923611093749998 0.87257495625 0.18923611093749998 0.9356261015625 0.193204365625 0.9400352734374999 0.20039682499999997 0.9369488531249999
1 0.1507936515625 0.8805114640625 0.14236111093749998 0.8813932984375 0.1366567453125 0.888447971875 0.13467261875 0.908730159375 0.134424603125 0.9444444437499999 0.1386408734375 0.9528218687500001 0.165178571875 0.9272486765625001 0.1507936515625 0.8805114640625
1 0.102678571875 0.9669312171875 0.1076388890625 0.9126984125 0.10714285781249999 0.9043209875 0.10342261875 0.9012345671875 0.091269840625 0.8977072312500001 0.0845734125 0.9118165781249999 0.08333333281250001 0.9303350968749999 0.0830853171875 0.9744268078125 0.08854166718749999 0.9770723109375 0.1014384921875 0.9713403875 0.102678571875 0.9669312171875
1 0.06423611093750001 0.900352734375 0.06423611093750001 0.8831569671875 0.044394840625 0.8840388000000001 0.0389384921875 0.9074074078125 0.03447420625 0.9514991187499999 0.03447420625 0.990740740625 0.036954365625 0.9951499125 0.056795634375 0.958994709375 0.06423611093750001 0.900352734375
1 0.050347221875 0.8377425046875 0.0560515875 0.8377425046875 0.07217261875 0.8143738984375 0.064980159375 0.7716049375 0.056547618749999994 0.758377425 0.0448908734375 0.7614638453125 0.0404265875 0.7786596125 0.0396825390625 0.81040564375 0.044146825 0.83068783125 0.046626984375 0.83553791875 0.050347221875 0.8377425046875
1 0.11532738125 0.791005290625 0.1076388890625 0.7477954140625 0.103174603125 0.7464726625 0.0917658734375 0.75 0.08630952343750001 0.7698412703125 0.091269840625 0.826278659375 0.09499007968749999 0.8302469140625 0.10069444375 0.8289241625000001 0.11532738125 0.791005290625
1 0.1272321421875 0.8148148140625 0.134920634375 0.8015873015625001 0.14087301562500001 0.7865961203125 0.1428571421875 0.7283950625 0.1302083328125 0.72663139375 0.125 0.7319223984375001 0.1207837296875 0.7433862437500001 0.11805555625 0.7552910046875 0.11780753906250001 0.7619047625 0.1173115078125 0.7791005296875 0.11904761875 0.7985008812500001 0.12599206406250002 0.8143738984375 0.1272321421875 0.8148148140625
1 0.1800595234375 0.7477954140625 0.177579365625 0.7402998234375 0.1676587296875 0.7301587296875 0.1614583328125 0.730599646875 0.15724206406250002 0.7398589062500001 0.1498015875 0.7707231046875 0.1485615078125 0.7857142859375 0.1485615078125 0.80202821875 0.1542658734375 0.8055555562500001 0.181795634375 0.7716049375 0.1800595234375 0.7477954140625
1 0.2304067453125 0.789241621875 0.23239087343749998 0.7830687828125 0.2289186515625 0.7394179890625 0.22767857187499999 0.73500881875 0.21676587343749998 0.7279541453125 0.21130952343749998 0.7310405640625001 0.2085813484375 0.7402998234375 0.2046130953125 0.7632275125 0.20386904687500002 0.7954144624999999 0.20486111093749998 0.8051146390625 0.20907738125000003 0.816137565625 0.2304067453125 0.789241621875
1 0.25967261875 0.8192239859375 0.27232142812500004 0.791005290625 0.27529761875 0.752645503125 0.2740575390625 0.7429453265625 0.2636408734375 0.7275132281250001 0.2576884921875 0.7438271609375 0.25322420625 0.7671957671875 0.252480159375 0.7799823640625 0.2552083328125 0.8152557312500001 0.25595238125 0.8183421515625 0.25967261875 0.8192239859375
1 0.313244046875 0.7830687828125 0.3137400796875 0.7513227515625001 0.312748015625 0.741622575 0.306795634375 0.7380952375 0.2948908734375 0.7398589062500001 0.28993055624999997 0.7632275125 0.2904265875 0.780864196875 0.302579365625 0.8086419749999999 0.3107638890625 0.7918871249999999 0.313244046875 0.7830687828125
1 0.41840277812500004 0.7627865968750001 0.42261904687499996 0.7363315703125 0.41989087343750003 0.7261904765625 0.415674603125 0.7244268078125 0.4079861109375 0.72663139375 0.4050099203125 0.7297178125 0.40277777812500004 0.7645502640624999 0.40252976250000005 0.7830687828125 0.4079861109375 0.791005290625 0.41617063437499996 0.7716049375 0.41840277812500004 0.7627865968750001
1 0.380704365625 0.8324514984375 0.39112103125000003 0.7905643734375001 0.3851686515625 0.7477954140625 0.38095238125 0.7279541453125 0.372271825 0.72663139375 0.36830357187499996 0.7297178125 0.3658234125 0.7385361546875 0.365079365625 0.7469135796875 0.3648313484375 0.780864196875 0.368799603125 0.8143738984375 0.3767361109375 0.8324514984375 0.380704365625 0.8324514984375
1 0.3546626984375 0.76851851875 0.3541666671875 0.7244268078125 0.3509424609375 0.7186948859375 0.3474702375 0.7160493828125001 0.34052579375 0.715608465625 0.33407738125 0.7336860671875 0.3320932546875 0.74823633125 0.33159722187499996 0.755731921875 0.3415178578125 0.7932098765625 0.34970238125 0.7918871249999999 0.3546626984375 0.76851851875