1 0.721190775 0.12844176875 0.714143778125 0.1268240859375 0.653745065625 0.13314745781249998 0.6510976687500001 0.1376072328125 0.6517181843750001 0.142653709375 0.667670690625 0.1461522390625 0.6999154765625 0.148486728125 0.7233005296874999 0.145599790625 0.726769353125 0.14410753125 0.7242577796874999 0.13110743281249998 0.721190775 0.12844176875
1 0.7122826390625 0.189658884375 0.704492540625 0.1894235640625 0.6577387046875 0.19904266875 0.6494847359375 0.20246062187499997 0.6501067671875 0.21494523124999998 0.6563796359375 0.2176929484375 0.6762027859375 0.21554129843749997 0.6956846546875 0.210614084375 0.71919229375 0.2012983078125 0.718292546875 0.1939809171875 0.7122826390625 0.189658884375
1 0.71429021875 0.161431140625 0.709193296875 0.1533954640625 0.6968810140625 0.153511521875 0.6732492718749999 0.161818003125 0.6581197046875 0.168725121875 0.6487828625 0.1781880046875 0.6517878171875 0.1803490203125 0.6591908515625 0.1811493609375 0.6757771140625 0.17866333125 0.70637753125 0.1676246546875 0.7135781406249999 0.163065825 0.71429021875 0.161431140625
1 0.729278303125 0.22020559374999998 0.7218132171875 0.21890060625 0.698490215625 0.22229219531250002 0.6738361375 0.22971011875 0.6687274953125 0.2401436125 0.6714074359375 0.24337429375 0.692687284375 0.24564372968749998 0.6993929953125 0.24448584843750001 0.7229937125 0.23592704531250003 0.7290936640625 0.2261297828125 0.729278303125 0.22020559374999998
1 0.732614334375 0.25104947499999997 0.72434409375 0.2506222 0.6912956718750001 0.25660355468749996 0.6762429109375 0.2604224171875 0.671194803125 0.263922421875 0.667727496875 0.27285281562499997 0.671150540625 0.2747011375 0.6953259921875 0.27452939062500004 0.7114010890625 0.2715990828125 0.7324001875 0.264159471875 0.7350786109375 0.259952021875 0.732614334375 0.25104947499999997
1 0.7436621437500001 0.2777788 0.7011512609375 0.28477561093750003 0.693470509375 0.2891424890625 0.691922253125 0.29140256249999996 0.69283675625 0.29512704843750004 0.6990785984375 0.29762244375 0.7143337843750001 0.2991627515625 0.7351482453125 0.29764733125 0.754754215625 0.2937294125 0.75774138125 0.28460706875 0.7527685640625 0.2775806875 0.7436621437500001 0.2777788
1 0.7611527046875 0.3049245578125 0.7461767499999999 0.3056551640625 0.7103568250000001 0.3150869984375 0.696992696875 0.3215003125 0.6980002765625 0.3259817703125 0.70136126875 0.32732544531249996 0.727008171875 0.32798188125 0.74776058125 0.3259618125 0.75829115625 0.32249433125000004 0.7615428 0.3192358046875 0.7611527046875 0.3049245578125
1 0.7650161734375 0.3400579453125 0.751944515625 0.337711134375 0.703301140625 0.34681475 0.6942730421875 0.3513627390625 0.6915651078125 0.3627559984375 0.7145808828125 0.371717440625 0.7543955546875 0.35764471875 0.7615961625 0.3530858890625 0.764723703125 0.34881806718749997 0.7650161734375 0.3400579453125
1 0.7118714328125 0.3756725671875 0.6968969953124999 0.3838413046875 0.6953797640625 0.3863537 0.696774409375 0.390270140625 0.710063246875 0.3943832171875 0.7471699843749999 0.3917037578125 0.7654433609375 0.3843740453125 0.7655807046875001 0.3743523046875 0.75212198125 0.3725705125 0.7118714328125 0.3756725671875
1 0.7598265843750001 0.409239525 0.75155634375 0.40881225 0.7233240921874999 0.4131202359375 0.7123133765625 0.4163957609375 0.7152135296875 0.4362689765625 0.7394200078125001 0.436349553125 0.74979545625 0.431620453125 0.7573831281250001 0.42649660312500004 0.7688872250000001 0.41238199218749994 0.7598265843750001 0.409239525
1 0.773353425 0.44127849374999994 0.7518579140625 0.444680921875 0.7368361796875 0.44875210781249997 0.7295424921875 0.4525539671875 0.7225900890625 0.4591313890625 0.73555543125 0.4717522640625 0.7747511015625 0.46007119999999996 0.7881757671875 0.4467244015625 0.785882890625 0.4429287015625 0.773353425 0.44127849374999994
1 0.7947013890625 0.4738051078125 0.7927808234375 0.47303729375000003 0.7796944109374999 0.47428339062499997 0.7212635609375 0.4854721265625 0.709960375 0.497507775 0.7104567875 0.501544959375 0.72713764375 0.50725403125 0.733394240625 0.5061565234375001 0.7946113453125 0.4879244015625 0.7983889093750001 0.48151725 0.7947013890625 0.4738051078125
1 0.7847353453125 0.5115669484375001 0.7488976328125 0.5097154234375 0.7166070671875 0.5107215140625 0.710567653125 0.513585290625 0.71236563125 0.5207819406249999 0.7183445125000001 0.5248516484375 0.7517209796875 0.5326768921875 0.7630109296875001 0.5316722781250001 0.7884701609375 0.523376640625 0.79060639375 0.5184725890624999 0.7847353453125 0.5115669484375001
1 0.736870646875 0.5418549265625 0.721385040625 0.5495793859375 0.71959009375 0.557259 0.7478238609375001 0.560389146875 0.7863710234375 0.558285546875 0.7896536921874999 0.55527934375 0.7968217578125001 0.54303005625 0.7929495984375 0.5412421046875 0.736870646875 0.5418549265625
1 0.805748090625 0.57107053125 0.795866025 0.5649605484375 0.7429176453124999 0.576181809375 0.7288577109375 0.5880750359375 0.7311505859375 0.5918707359375001 0.7994177203125 0.5901325625 0.8074692640625001 0.5813554375 0.8095744703125 0.5761990625 0.805748090625 0.57107053125
1 0.817713434375 0.6164006078125001 0.81817730625 0.6127473328125 0.8154042875 0.60875968125 0.80095425625 0.6063416578124999 0.7766399453124999 0.609097015625 0.7247139 0.62120683125 0.7256136484375 0.6285242234374999 0.7300590265625 0.6312611 0.7513078484375 0.6332782140625 0.7824519750000001 0.6303742734375 0.799208121875 0.6255569578125 0.8148178312500001 0.618841790625 0.817713434375 0.6164006078125001
1 0.8031779078125 0.650416278125 0.7989954906250001 0.6461050875 0.78428098125 0.6378232453125 0.780657028125 0.6380538859375 0.765434384375 0.6442040328124999 0.7416327578125 0.6548417984375 0.734912290625 0.659592584375 0.73299475625 0.6737010359375 0.7378272 0.6758728921875 0.746778490625 0.674413159375 0.7715876984375 0.668256853125 0.802016715625 0.65211133125 0.8031779078125 0.650416278125
1 0.8124073265625 0.72176355625 0.8048786703124999 0.7125157875 0.781462590625 0.7151504015625 0.7542526765625001 0.7203469421875 0.7288717671875 0.7329924578125 0.7294302312500001 0.7375342859375 0.73198606875 0.739755671875 0.74236303125 0.742464703125 0.7667704203125 0.7404663203124999 0.785478159375 0.7366691421875 0.8010420859374999 0.7332945578125 0.8122847390624999 0.7281923921875 0.8124073265625 0.72176355625
1 0.7287548375 0.6911995953125001 0.7253480625 0.6931965 0.7239859609375 0.6969705171875 0.7249625156249999 0.7011996515625001 0.736485915625 0.705806534375 0.7505636390625 0.7051966703125 0.7803293921875001 0.702221515625 0.7915557734374999 0.693274121875 0.7885788125000001 0.6764891656249999 0.7851557687499999 0.67464084375 0.7287548375 0.6911995953125001
1 0.809762959375 0.7410995953125 0.793222478125 0.7402450453125 0.75641124375 0.7490406468749999 0.7460978500000001 0.754274396875 0.7413289734374999 0.76004531875 0.7463785984375 0.76398344375 0.7609985125 0.7640701812499999 0.811934765625 0.7587622640625 0.8140694796875 0.7464200796875 0.8121946937500001 0.7423116859375 0.809762959375 0.7410995953125
1 0.7893465859375 0.872091153125 0.7762912 0.873589571875 0.7456434859375001 0.8805306953125 0.728702703125 0.8912722000000001 0.7263965859375 0.8985075359374999 0.7283792046875 0.899779996875 0.7452136734375 0.8993125578125 0.790992471875 0.89290245 0.80147575 0.8853374171875 0.7963625578125 0.8734565109375 0.7893465859375 0.872091153125
1 0.824229671875 0.8253370734375001 0.8033368890625001 0.82250261875 0.7578831046875 0.8278430609375 0.74483075 0.8442177453124999 0.7460865375 0.85071779375 0.7679085765625 0.8536838343750001 0.7773089859375 0.8521637296875 0.8211656984375001 0.837547675 0.82477338125 0.8334718078125001 0.824229671875 0.8253370734375001
1 0.701737959375 0.8836110640625 0.7010864171875 0.8783122640625001 0.64784101875 0.8759792515625 0.6186367625 0.8983724984375 0.6141471203125 0.9064143359375001 0.615558034375 0.91417600625 0.6691727125 0.9046606390624999 0.6869201671875 0.9004795546875 0.6983327046875 0.8930461046874999 0.701737959375 0.8836110640625
1 0.6840109140624999 0.8359775453125 0.6675472390625 0.8320347375000001 0.6172818328125 0.8613629484375 0.6182273609375 0.8653397593750001 0.623864959375 0.8666339046875 0.6598562828125 0.8623089171875 0.6941279484375 0.85513715625 0.6999501859375 0.8505071125000001 0.6840109140624999 0.8359775453125
1 0.68984335625 0.8054401999999999 0.65103171875 0.8016799812500001 0.63037541875 0.8193332874999999 0.634930146875 0.8266723624999999 0.650247384375 0.8287173203125 0.6745616937500001 0.8259619640625001 0.6934393156249999 0.8198335015625 0.6963969734375001 0.817896965625 0.695869534375 0.8136074593749999 0.68984335625 0.8054401999999999
1 0.6398227140625 0.7439365078125 0.624897090625 0.7636409296875 0.6304268546875 0.7677710078125 0.6792579015625 0.76761946875 0.682664675 0.765622559375 0.7015687749999999 0.737432025 0.6868232390625 0.728897859375 0.6398227140625 0.7439365078125
1 0.649274559375 0.690854125 0.6178837421875001 0.6991776078124999 0.602243009375 0.70564045 0.597799146875 0.710341703125 0.6042123890625 0.717943946875 0.6612974046875 0.714374453125 0.6624555671875 0.697803134375 0.6578387875 0.6899594125 0.649274559375 0.690854125
1 0.668810896875 0.6492408984375 0.6301854109375 0.646994621875 0.6037186 0.6508088 0.5968119765625 0.65404564375 0.5960083390625 0.6623614890625 0.5984400734374999 0.6635735781250001 0.6217025390625001 0.6671154765625 0.6505242796874999 0.6676016453125 0.671338740625 0.666086225 0.6750232296875 0.6589221000000001 0.6730701203125 0.6504638296875 0.668810896875 0.6492408984375
1 0.7021324859375 0.615777925 0.6932564828125 0.6067112703124999 0.6877119640625 0.6061740953125 0.6274846515625 0.6176043140624999 0.6210891968750001 0.6212854343750001 0.6083455843750001 0.6327452234375001 0.6074636234375 0.6367111921874999 0.6106237046875 0.6401338265625001 0.653831909375 0.6350952375000001 0.685315803125 0.6275287265625 0.6979678546875 0.6227500984375001 0.7021324859375 0.615777925
1 0.679651321875 0.570322425 0.666904675 0.5669059484375001 0.619469790625 0.5784120625 0.5971248578125 0.5934709171875 0.61039894375 0.6011768984375 0.63127545625 0.600166125 0.669620190625 0.592703353125 0.6823948296875 0.5814958875 0.682486390625 0.574814725 0.679651321875 0.570322425
1 0.681765215625 0.5318206156249999 0.6742838578125 0.5266703984375 0.6621887531249999 0.5285527250000001 0.614908996875 0.5413204578124999 0.59228635 0.56154653125 0.593850878125 0.5631316843749999 0.6016720046875 0.56361933125 0.6314687828125 0.5608965015625 0.6725066984375 0.545633375 0.6820296921875 0.5376844328125 0.681765215625 0.5318206156249999
1 0.6672943640625 0.5032429671875 0.65363473125 0.5035401375 0.6191769093749999 0.5091979578125 0.59943208125 0.515699484375 0.5944149999999999 0.519451815625 0.593764975 0.521591146875 0.597343146875 0.5247010875 0.6075502265625 0.5297414046875 0.6303620609375 0.5259055421875 0.6537618671875001 0.5194256968750001 0.6679932015625 0.5126393203124999 0.6672943640625 0.5032429671875
1 0.6310797921875 0.4760491578125 0.6235379 0.477832428125 0.604118084375 0.48326428750000006 0.5982958484374999 0.48789433125 0.600712828125 0.49269932812499995 0.6141878203125 0.498326346875 0.6568080515625 0.49593173593750006 0.6748037140625 0.4937692421875 0.6855336828125 0.48078466875 0.64336105 0.4756807765625 0.6310797921875 0.4760491578125
1 0.6774435296875 0.45211880625 0.63404765625 0.4482053203125 0.6277910578125 0.4493028296875 0.6111442593749999 0.45872234531249995 0.607567603125 0.4630505375 0.6193865078125 0.4737735625 0.6312807031250001 0.473970196875 0.6469687328125 0.4716049078125 0.676362178125 0.46560186875 0.6785441890625 0.45735723593750005 0.6774435296875 0.45211880625
1 0.6560792953125001 0.4157469640625 0.6055936734375 0.42843264062499997 0.589921915625 0.43464315937500003 0.5887917484375 0.43659053593749997 0.5907285859375 0.441203578125 0.6110023703125 0.44642968906249997 0.6592439265625 0.441483996875 0.6668316 0.43636014687499997 0.668441909375 0.43460472031249997 0.6659923859375 0.42210927031249995 0.6560792953125001 0.4157469640625
1 0.6698274546875 0.3938923671875 0.6531938953124999 0.3922808453125 0.6049065578125 0.40056711875 0.60188685 0.4019990078125 0.6047692171875 0.4105888609375 0.6204587640625 0.41566170468749997 0.6255231421875 0.416006925 0.6465385125 0.41241254375 0.6714097703124999 0.406760884375 0.6734839499999999 0.40135218437500003 0.6698274546875 0.3938923671875
1 0.66457085625 0.362280675 0.6535586234374999 0.3581180671875 0.638102528125 0.358656721875 0.6088021625 0.36541673124999996 0.5903426296875 0.3712325015625 0.583406496875 0.3816551515625 0.6044706796875 0.389596453125 0.6080015546875 0.388608840625 0.6435732734374999 0.3771584171875 0.666058578125 0.3669540859375 0.66457085625 0.362280675
1 0.595474715625 0.3238606703125 0.5918817875 0.3243436328125 0.58195545625 0.3290123640625 0.5765218015625 0.3405155203125 0.5780405484375 0.3454412578125 0.5835082640625 0.3490666890625 0.5918405546875001 0.3499986109375 0.639632996875 0.3451132890625 0.6496035921875001 0.3296658453125 0.648827946875 0.3233577484375 0.595474715625 0.3238606703125
1 0.624723234375 0.2906887109375 0.5989684984375 0.2928682046875 0.5705973906249999 0.2997597984375 0.56548723125 0.302755159375 0.5576381125000001 0.3168914546875 0.5595439265625 0.321252171875 0.6193073671875 0.313475228125 0.6316328890625 0.30232813125 0.6283014078125 0.29379865 0.624723234375 0.2906887109375
1 0.590228321875 0.26634167343750004 0.55663770625 0.2716264296875 0.557849228125 0.2889051921875 0.560080053125 0.29219624375 0.584348584375 0.29278146718750003 0.6316903921875 0.2805183828125 0.629673715625 0.2641173328125 0.6141245421875 0.2638990140625 0.590228321875 0.26634167343750004
1 0.6211669890625 0.243202296875 0.6196645125 0.24212178906249998 0.60928755 0.23941275625 0.5755418046874999 0.2434358921875 0.5501283546875 0.24839095000000003 0.549790103125 0.260491653125 0.5530285078125 0.2682641640625 0.5811529265625001 0.2667921109375 0.597259046875 0.264114128125 0.6141082703125 0.26005378437500004 0.6199452609375 0.2518308375 0.6211669890625 0.243202296875
1 0.5899369578125 0.20456570156249998 0.5541007625 0.2101523046875 0.5470405281249999 0.2195656609375 0.5467628125 0.22473287968750003 0.5513943453125 0.228983696875 0.556644878125 0.2308428609375 0.6086034671875 0.22642350000000003 0.6101517234375 0.224163428125 0.6099935624999999 0.20802554374999999 0.60578011875 0.2034620296875 0.5899369578125 0.20456570156249998
1 0.6088380234375 0.1614988984375 0.5968359984375 0.1641381953125 0.5718569078125 0.1726257875 0.5647493765625 0.17794159062499998 0.5611269390625 0.1856103640625 0.566919665625 0.188166128125 0.6122508625 0.189254521875 0.6269150421874999 0.1785625453125 0.624387196875 0.16171721875 0.6169531375 0.16066455468750002 0.6088380234375 0.1614988984375
1 0.6006385234375 0.1282308375 0.5965344296875 0.128269525 0.5601412859375 0.1367524328125 0.54609610625 0.145052753125 0.54738291875 0.151805128125 0.5965567671875001 0.16186728125 0.6045788 0.16027596718749998 0.6139156406249999 0.1508130828125 0.6150900734375 0.13808699375 0.6006385234375 0.1282308375
1 0.43254355625 0.142361953125 0.42865815781250005 0.1516050390625 0.4559819703125 0.1733250953125 0.464918509375 0.1754582671875 0.5017770390625 0.170760215625 0.5002257484375 0.1581440234375 0.4937652109375 0.14644422968749998 0.43254355625 0.142361953125
1 0.5203031734375 0.1877634921875 0.5085788625000001 0.185235571875 0.47512710468749997 0.1879367171875 0.4429458890625 0.1935450078125 0.43192041718749996 0.200413440625 0.42962905625000003 0.20405587343749998 0.43153486875 0.208416590625 0.46537520624999995 0.212588559375 0.5102247453125 0.20604686874999997 0.5182157546874999 0.204203228125 0.5222725515625 0.20006699062500002 0.5203031734375 0.1877634921875
1 0.4904504078125 0.2197342046875 0.44584907500000004 0.2282944859375 0.430394496875 0.2362712703125 0.4290944453125 0.24054993281249998 0.432812990625 0.2485143984375 0.4827757234375 0.2538536109375 0.5014819453125 0.242618303125 0.5081551156249999 0.2337699640625 0.5016635515625001 0.221817846875 0.4904504078125 0.2197342046875
1 0.5073855359375 0.2572143984375 0.49956441093750004 0.25672675312500004 0.47525010156249997 0.259482109375 0.44018955000000004 0.2713768125 0.43975670625 0.27528240937500004 0.4462777796875 0.28004871875 0.46916793593749995 0.28056273125 0.48985829374999995 0.278038015625 0.506614440625 0.2732207 0.5130409218749999 0.26979190468750003 0.5073855359375 0.2572143984375
1 0.49848760625 0.2925242125 0.4672193765625 0.294418859375 0.4504026953125 0.3061696578125 0.45139552031249996 0.314244021875 0.4532850625 0.3147595109375 0.4898658765625 0.315228675 0.5133114640625001 0.30540825312500003 0.516407978125 0.30088810781249997 0.5109860453125 0.2939220984375 0.49848760625 0.2925242125
1 0.521695603125 0.33275212656250003 0.5172191984375 0.3297629265625 0.479028075 0.33104918437499997 0.46795530625000004 0.333820065625 0.4481189171875 0.347002753125 0.4494825359375 0.3506668703125 0.45453215937499997 0.35460499375 0.4707786546875 0.356781534375 0.478831715625 0.35544254375 0.5193289531249999 0.34692094687499997 0.5209702875 0.345417846875 0.521695603125 0.33275212656250003
1 0.5339061203125001 0.36522452968749997 0.5251247109375 0.3643529765625 0.4977286421875 0.3680355734375 0.4687090234375 0.38450463125 0.48665890625 0.38568271875 0.5385554406249999 0.3807587109375 0.54103295625 0.37863021875 0.5417745421875 0.369809728125 0.5339061203125001 0.36522452968749997
1 0.5406962203125001 0.39816905468749997 0.5243418937500001 0.39882844687499996 0.49693106875000004 0.40610394687499995 0.4662996265625 0.41689029843750003 0.46664091093750004 0.41966586250000004 0.4731619859375 0.4244321703125 0.504028396875 0.426695446875 0.5116323390625 0.4254168265625 0.5436274015625 0.41829459062499996 0.5457458453124999 0.4021071796875 0.5406962203125001 0.39816905468749997
1 0.5478896578125 0.434393790625 0.5439864734375 0.432353515625 0.5289174421875 0.4323271484375 0.50509954375 0.43911968437500004 0.47882040156250005 0.4518859421875 0.4870758890625 0.455906121875 0.5195363375000001 0.4525687453125 0.5475824328125001 0.4467468171875 0.5501988046874999 0.44203471875 0.5478896578125 0.434393790625
1 0.5347325046875 0.4684806703125 0.513857509375 0.47692957812500003 0.510574840625 0.47993577812500005 0.5102350718750001 0.48459835 0.51345720625 0.48852563125000004 0.5160750953125001 0.491251665625 0.5217437171875 0.4927981359375 0.5599185703125 0.48766664843749996 0.570881990625 0.48029356874999996 0.5659549546875 0.46992660624999993 0.5450621703125 0.46709215156250006 0.5347325046875 0.4684806703125
1 0.508364834375 0.5028043515625 0.5034245609375 0.5034684265625 0.49028064374999997 0.5265242734375 0.49193825 0.5288664 0.537658028125 0.5368279078125 0.5435275609375 0.5362954171875 0.5581429265625 0.5140677546875 0.5557569734375 0.509515084375 0.508364834375 0.5028043515625
1 0.5590161984375001 0.5434472203125 0.5301013796875 0.54220408125 0.48105618593750005 0.5554656203125 0.4772623484375 0.55802754375 0.478456084375 0.5640229453125001 0.489469834375 0.575623684375 0.4931868640625 0.576150015625 0.5378044671875 0.5714349609375 0.5605527328125001 0.5596563171875 0.5674578390625 0.54898134375 0.5628263062500001 0.5447305250000001 0.5590161984375001 0.5434472203125
1 0.53501696875 0.64061198125 0.54254980625 0.6432006593749999 0.5376812171875 0.636202415625 0.539967584375 0.6224430640625 0.4844633671875 0.6314429406250001 0.46631560937499994 0.64722008125 0.4668903453125 0.6556071390625 0.48766054218750005 0.66487043125 0.49698414375000005 0.6664385828125 0.544094015625 0.6560021359375 0.5470353125 0.6340446953125001 0.5439918296874999 0.648408746875 0.53501696875 0.64061198125
1 0.5610245953125 0.671167934375 0.49744953125 0.6702234406249999 0.48936544375 0.671310109375 0.4872439671875 0.67262125625 0.4636300125 0.6922110984375001 0.498231240625 0.7062840687499999 0.50763165 0.7047639640625001 0.5602845265624999 0.687426559375 0.56286835625 0.6750240046875 0.5610245953125 0.671167934375
1 0.5720209671875 0.7494595375 0.56393688125 0.75054620625 0.52361104375 0.7641746515625 0.5035101765625 0.77149351875 0.5010947140625001 0.77412665625 0.5000118421875 0.7801715875 0.5034038609375 0.781767584375 0.5276103390625 0.7818481625 0.5473404140625 0.7789395375 0.562935365625 0.7758172796875 0.573635825 0.7700185109375 0.5720209671875 0.7494595375
1 0.5532095359375 0.70043281875 0.549275325 0.6981402203125 0.48146185468749997 0.7221324203124999 0.4775454328125 0.7311231828125 0.48070551562499997 0.7345458171875 0.4888058734375 0.737304375 0.52581953125 0.73386794375 0.5418636 0.7306853140625 0.5473297968749999 0.726872609375 0.5532095359375 0.70043281875
1 0.59868455 0.79922623125 0.5999683296875 0.7911023375 0.5837055624999999 0.7850805703125 0.518229234375 0.80208975625 0.49626985156250003 0.8091454625000001 0.49323690625000005 0.8216083859375001 0.53616739375 0.8217370140625 0.5482624984375 0.8198546875 0.5756733234375 0.8125791859374999 0.59131405625 0.8061163453125 0.59868455 0.79922623125
1 0.5841490234375 0.8332418984375 0.5689543718750001 0.8247681046875 0.5144119546875 0.8415900203125 0.51100518125 0.8435869265625 0.50879214375 0.8515792359375001 0.50978496875 0.8596536 0.5117365625 0.8606737359375 0.52824601875 0.8612759640625001 0.5532413796875 0.8566336 0.5802961671875 0.8501754390625 0.5847237578125 0.8416289578124999 0.5841490234375 0.8332418984375
1 0.5693490171875 0.8613937484375 0.5536447156250001 0.859913809375 0.504256721875 0.8629616531250001 0.500787896875 0.8644539109375 0.48761143906250004 0.8798193 0.48848016093749996 0.8868843671875 0.49661154375 0.889895253125 0.5201827531250001 0.8885222546874999 0.55200793125 0.8837313078125 0.5674787796875 0.87959975 0.573812184375 0.875413984375 0.5693490171875 0.8613937484375
1 0.5597567984375 0.909621609375 0.5326827078124999 0.8973582734375001 0.525217621875 0.8960532859375 0.49688057187499995 0.9180734703125 0.49609168906249995 0.9227964078124999 0.49923701718749997 0.9298119484375 0.5055098828125 0.9325596656249999 0.517404078125 0.9327563015625 0.5354307671874999 0.93084613125 0.5496473468749999 0.9276526578125001 0.5567090968749999 0.9256774375000001 0.56102885625 0.9199668843750001 0.5597567984375 0.909621609375
1 0.4773544390625 0.9337793953125001 0.47631583437499997 0.9290456125000001 0.4630580203125 0.9251848609375 0.44843810624999997 0.9250981218750001 0.3850669828125 0.9369509359375 0.34894135 0.9661739296875 0.3634681875 0.96550369375 0.4173310703125 0.95800691875 0.42538413124999996 0.9566679265625 0.458168075 0.9448227515625 0.4773544390625 0.9337793953125001
1 0.4186632546875 0.8834444828124999 0.41109033593750005 0.8849754265625001 0.37076601249999996 0.9060420015625 0.370055453125 0.9151148203125 0.39469629375 0.9187279281249999 0.44334118437500003 0.9170624453125 0.44635785937500005 0.9007542921875 0.4444357765625 0.8925483468750001 0.4186632546875 0.8834444828124999
1 0.445836078125 0.8482430890625 0.4417157125 0.844436546875 0.43671338593750003 0.8445959734375 0.3791349890625 0.8590045515625 0.3559213359375 0.8669983359375 0.3551782328125 0.868380696875 0.3984220125 0.8859088281249999 0.4148221203125 0.8819088546874999 0.44563971718750006 0.8726364468750001 0.4510128375 0.868066775 0.445836078125 0.8482430890625
1 0.4602785265625 0.8134704484374999 0.459104096875 0.8261965390625001 0.46396756562499997 0.8286207203125 0.46991390468749994 0.8249999734375001 0.46744962812499996 0.816097425 0.462244875 0.81089768125 0.4602785265625 0.8134704484374999
1 0.433346328125 0.8134997703125 0.35853315937499997 0.8399718406250001 0.3588596890625 0.8463403078124999 0.38963302187500004 0.8478466125 0.40508911875000003 0.8473079609375 0.4255933203125 0.843269303125 0.4578040453125 0.830475203125 0.45536927812499994 0.814386846875 0.433346328125 0.8134997703125
1 0.45288569843750004 0.7867628078125 0.44953642812499994 0.7669499625 0.4446729609375 0.7645257812499999 0.40044393749999996 0.7761139484374999 0.3494944453125 0.7924529031249999 0.36397701875 0.80256138125 0.372650596875 0.806268865625 0.42050508906250006 0.8018881906249999 0.44217048437499995 0.7961544765624999 0.45143051874999995 0.7897798500000001 0.45288569843750004 0.7867628078125
1 0.4050368625 0.7429217828125 0.39642382187499997 0.7322808125 0.3480744328125 0.740062440625 0.3378866578125 0.753743615625 0.3360754390625 0.7575780015625 0.338895753125 0.76566320625 0.35543623593749996 0.7665177562500001 0.376900721875 0.7628630046875 0.3988911296875 0.756059625 0.406122765625 0.7517531187500001 0.4050368625 0.7429217828125
1 0.382212896875 0.6872525875 0.362917184375 0.69369374375 0.335631978125 0.7094166734375 0.333433696875 0.713816078125 0.38618571562500004 0.726988171875 0.41839492656250005 0.706755940625 0.42101129843749996 0.7020438437500001 0.42091670312499996 0.6938487375 0.382212896875 0.6872525875
1 0.41761169843749996 0.6632571828125 0.415892040625 0.66041040625 0.402106790625 0.6522601484375 0.385736190625 0.6490743140624999 0.38169414687500003 0.649617646875 0.373765190625 0.651965934375 0.3428870578125 0.668171828125 0.3419903421875 0.6757307015625 0.3437720515625 0.6790821234375 0.3664317890625 0.6888609031249999 0.37823290625 0.68830056875 0.39768374687499997 0.6831210328124999 0.4054886015625 0.6797634484375 0.4142064421875 0.6726922203125001 0.41761169843749996 0.6632571828125
1 0.39714266249999997 0.6118883328125 0.38431920937499997 0.611560115625 0.337535865625 0.628365028125 0.34847280937499997 0.6430540234375 0.36334093125 0.6451593515625 0.3812287609375 0.6458327890625 0.43262888437499997 0.6368716 0.441936215625 0.634594525 0.44307961875 0.621616109375 0.39714266249999997 0.6118883328125
1 0.4316401984375 0.573137403125 0.3999213359375 0.5676542875 0.3958792921875 0.5681976234375 0.365264121875 0.5828292 0.365064728125 0.5923462953125 0.369603184375 0.5958401421875 0.392262921875 0.6056189234375 0.42229163593749997 0.6010694562500001 0.43898421406250004 0.5883093625 0.439570671875 0.5782272500000001 0.4316401984375 0.573137403125
1 0.434219478125 0.5384204515625 0.4156638375 0.528602984375 0.3981320453125 0.5271122015625 0.3596972640625 0.54869426875 0.3995800515625 0.564878725 0.40785029375 0.5653060015625 0.4155930953125 0.56144376875 0.4308925453125 0.5522053671875 0.434376125 0.5471202046875 0.434219478125 0.5384204515625
1 0.44966950937499994 0.5081292703125 0.44494489843749996 0.5031214796875 0.3966870703125 0.5042219453125 0.3842669546875 0.5071739359375 0.36176689375 0.5209711703125001 0.3598788703125 0.5278938140625 0.3629148484375 0.5303071546875 0.3919375 0.5287143609375 0.41083139375 0.526431125 0.43486647187500005 0.52140485625 0.4440497 0.5181184859375 0.447781484375 0.5150519140625 0.44966950937499994 0.5081292703125
1 0.42174145156250004 0.4852079640625 0.424186425 0.47538901874999995 0.42031426562499996 0.47360106718750006 0.39714487656249997 0.47081614062500005 0.3363753703125 0.481549759375 0.332008315625 0.48316275624999994 0.3311884046875 0.487633375 0.35990534687500003 0.5058317406249999 0.363467246875 0.505096453125 0.40269394375 0.4936677109375 0.4148658546875 0.4886971296875 0.42174145156250004 0.4852079640625
1 0.417319515625 0.4455327515625 0.3647093875 0.444653309375 0.360884525 0.4469629109375 0.36062308125000003 0.4559753578125 0.36787401875 0.47039034375 0.4036023828125 0.46763966874999996 0.41961542500000004 0.4642047140625 0.423579146875 0.45931150625 0.4234535265625 0.45086407656249994 0.417319515625 0.4455327515625
1 0.4124026859375 0.4092584875 0.384663815625 0.4027273875 0.3636632 0.402728865625 0.3433924484375 0.4123790203125 0.34131826875 0.4177877203125 0.3556472296875 0.4340727125 0.41380036249999996 0.4280511921875 0.41736074843750004 0.4198777734375 0.41588778125000003 0.41161145625 0.4124026859375 0.4092584875
1 0.37270301875 0.37971170781249997 0.341498359375 0.3895491328125 0.336574353125 0.3940584359375 0.3431264546875 0.39907706875 0.36645097187500003 0.4031236140625 0.40349565781249996 0.39993950625 0.41102127812499994 0.3943110078125 0.41252223906249996 0.3879533828125 0.407116578125 0.384832603125 0.37270301875 0.37971170781249997
1 0.390927584375 0.3608463109375 0.38569180625 0.3553942421875 0.377529396875 0.3521310375 0.365418021875 0.350168134375 0.353198815625 0.3510411625 0.32411563125 0.359567440625 0.325123209375 0.3640489 0.3483251421875 0.37452428437499996 0.36025036250000003 0.37497324375 0.3863921609375 0.37222872812499996 0.39024804999999996 0.3701714515625 0.392539409375 0.36652901875 0.390927584375 0.3608463109375
1 0.40967655468749997 0.33139415625 0.4065002015625 0.3241262921875 0.396789534375 0.3231231578125 0.38639781875 0.32400703124999997 0.3609223140625 0.328457440625 0.35296233125 0.33055340312500003 0.335448328125 0.3403459828125 0.335371521875 0.3434342375 0.3427598015625 0.3478274828125 0.3561254453125 0.34885230312500004 0.3728047859375 0.34712324375 0.3927357703125 0.34213566093750003 0.409274734375 0.3355520796875 0.40967655468749997 0.33139415625
1 0.3921962 0.2783410953125 0.37226370000000003 0.2758905484375 0.3563895140625 0.27674189375 0.3288545859375 0.28300809843749997 0.32547883906249997 0.2852573296875 0.3289196703125 0.2983890125 0.36328593124999997 0.29941235312500003 0.3778437953125 0.29899444218750004 0.38173070781249996 0.2971894890625 0.3908356140625 0.2895532421875 0.39798892656249996 0.2808968609375 0.3921962 0.2783410953125
1 0.3759258515625 0.235128665625 0.3385398828125 0.23553721093750002 0.336592840625 0.2568314703125 0.37916880625 0.265215575 0.384558196875 0.2644911296875 0.398169015625 0.25265827500000004 0.38857942031250003 0.23778816875 0.3759258515625 0.235128665625
1 0.3592775375 0.2371100484375 0.3385398828125 0.23553721093750002 0.321677421875 0.2506285921875 0.32175574375 0.2549784671875 0.33707298125 0.25702342499999997 0.3608140734375 0.25331914375000003 0.3694388375 0.2454909453125 0.3686942171875 0.23943517343749998 0.3592775375 0.2371100484375
1 0.3575650515625 0.19347970781249998 0.3337146125 0.1925817875 0.3014550734375 0.19384020156249998 0.2986835734375 0.19729068125 0.332714615625 0.22529099062500002 0.35783407968750003 0.22165792343750002 0.3779969984375 0.2148437 0.3772656171875 0.1977568921875 0.3575650515625 0.19347970781249998
1 0.3813916390625 0.153341734375 0.38119224687500003 0.16285882812500002 0.3825100859375 0.169863525 0.3843065484375 0.16962204375 0.38749614062500004 0.1658588703125 0.3877886109375 0.157098746875 0.3813916390625 0.153341734375
1 0.36257455156249996 0.1525367125 0.3343880828125 0.1535041171875 0.29387608906249996 0.16561861718749998 0.2949162109375 0.17779053125 0.2992374875 0.1795181125 0.334160696875 0.17764515 0.375231153125 0.17007248125000002 0.37016374218750003 0.1548509953125 0.36859921406249996 0.1532658390625 0.36257455156249996 0.1525367125
1 0.21247524687500002 0.1645053328125 0.18391646718750002 0.1624448515625 0.151408721875 0.16168467656250002 0.14787784531249998 0.1626722890625 0.14788087968750002 0.177548553125 0.151506346875 0.1847560453125 0.20193446406249999 0.19388011562500002 0.2156236078125 0.1863971375 0.22649243281250003 0.17082895468749998 0.21247524687500002 0.1645053328125
1 0.2143341703125 0.2427427296875 0.182324353125 0.25345786718749996 0.16806199375 0.25999192031249996 0.16261206875 0.26764985 0.17195194062500002 0.2730632328125 0.1786428984375 0.27549825625 0.186045934375 0.27629859687499997 0.24910831562500002 0.26936067812500003 0.2503625859375 0.2684225953125 0.2475407546875 0.2528992578125 0.2346227078125 0.244375934375 0.2143341703125 0.2427427296875
1 0.2116485734375 0.287733746875 0.179343253125 0.292332740625 0.175069275 0.2947027125 0.1806005578125 0.3062709234375 0.185882115625 0.308382409375 0.21916550625000003 0.3154506828125 0.254461025 0.3166056078125 0.2583138796875 0.299672065625 0.24804323281250001 0.28668896875 0.2116485734375 0.287733746875
1 0.22745201874999998 0.3197231875 0.22296085937500001 0.3203268921875 0.17692213437499998 0.343187578125 0.1760401734375 0.347153546875 0.1827931828125 0.35009321875 0.203623915625 0.3524230265625 0.25956249374999996 0.3469556828125 0.263168659375 0.33544168124999996 0.257560571875 0.3269617265625 0.22745201874999998 0.3197231875
1 0.24823131250000002 0.3736152734375 0.23463221562499997 0.3669789578125 0.2169452953125 0.3642265578125 0.19326625625 0.3684354875 0.175458265625 0.3795500546875 0.2235182171875 0.39540481562499996 0.2289386328125 0.39493269531249997 0.244331159375 0.3864512640625 0.24787679062499998 0.3818707484375 0.24823131250000002 0.3736152734375
1 0.2482211078125 0.399522575 0.2251137703125 0.397242296875 0.20532164531250002 0.3996462703125 0.19928222812500002 0.40251004687499997 0.194358225 0.4070193515625 0.1942193671875 0.4096029609375 0.21266717656249998 0.4222563609375 0.26041383749999997 0.42071161718749994 0.268916015625 0.41931225625 0.27419454062500004 0.406547478125 0.2659700796875 0.402779621875 0.2482211078125 0.399522575
1 0.2875189546875 0.43322727656250004 0.26149974062500003 0.429542953125 0.2579068140625 0.4300259171875 0.2094363546875 0.4516745125 0.20770345781250002 0.45985877343750003 0.2503104515625 0.4684951984375 0.25438351875 0.46820418906250005 0.288715721875 0.45409894375000004 0.29173543125 0.45266705468749996 0.29258485 0.441010628125 0.2875189546875 0.43322727656250004
1 0.23539958125 0.48460671875 0.19982483125 0.4811808796875 0.196712046875 0.48185579531249995 0.193089609375 0.48952456718750004 0.1936791 0.4943187203125 0.2099581375 0.5041857171874999 0.24334935937500002 0.50841805625 0.2547323859375 0.508170415625 0.2636038390625 0.4949226734375 0.261729053125 0.4908142796875 0.24847124062499998 0.4869535265625 0.23539958125 0.48460671875
1 0.2968134546875 0.5199554671875 0.2806290125 0.518283575 0.2326356609375 0.5252478593750001 0.21315379375000001 0.5301750734375 0.1963518671875 0.53833296875 0.20326000624999999 0.542534259375 0.2148291875 0.5438005609375 0.26547145156249996 0.5398146328125 0.279812134375 0.5376304562499999 0.29704842343750004 0.5330050953125001 0.3014449890625 0.5242062859375001 0.2968134546875 0.5199554671875
1 0.2692077859375 0.559062459375 0.23409993906249998 0.566859609375 0.218289321875 0.575653734375 0.2214967015625 0.5831739234375 0.2265921046875 0.58377146875 0.28788905 0.5773273546875 0.297428315625 0.57322364375 0.3049229109375 0.567342821875 0.3011260421875 0.55502848125 0.2692077859375 0.559062459375
1 0.07832996406250001 0.18741061718750002 0.028244646875 0.18850024062499998 0.0077582328125 0.2038222625 0.037371889062500004 0.2144617546875 0.0447438984375 0.21500976875000002 0.0776844890625 0.21186434687500003 0.088958165625 0.20701450625 0.0923959640625 0.20526992187499998 0.08904821093750001 0.1928952125 0.07832996406250001 0.18741061718750002
1 0.073799090625 0.2211074328125 0.0713363296875 0.21964301874999997 0.05399069375 0.2196661796875 0.0409353078125 0.2211645984375 0.02373004375 0.22604228437499999 0.012998559375 0.23158872656249999 0.0032599000000000005 0.24520953125 0.0080613171875 0.24712906562499998 0.031524692187499995 0.2485920015625 0.0715107640625 0.23962612968750002 0.076295909375 0.23770043593749998 0.0809096546875 0.2306678953125 0.073799090625 0.2211074328125
1 0.0759724125 0.246208234375 0.0722553828125 0.24568190156249997 0.013638379687499999 0.255356696875 0.013314882812500001 0.2638644953125 0.0237864390625 0.27476863125 0.049124601562499995 0.2803399609375 0.0724638734375 0.280793603125 0.076443865625 0.27974562187499996 0.0866463953125 0.2624715421875 0.0855767625 0.25748543437500004 0.0759724125 0.246208234375
1 0.06696816718750001 0.2917921140625 0.0547799859375 0.29291746875 0.011200987499999999 0.3023663046875 0.0060908296874999995 0.3053616640625 0.018327823437499998 0.31577199375 0.05785305625 0.3253356625 0.0937350328125 0.3164084734375 0.10000335 0.2968417953125 0.081650134375 0.292383496875 0.06696816718750001 0.2917921140625
1 0.0684487171875 0.3372490921875 0.051660028125 0.3343759515625 0.039192615624999996 0.333230390625 0.027964717187499998 0.33473965156249996 0.008858192187499999 0.3575710171875 0.0361804890625 0.371852940625 0.0760277 0.365470678125 0.0896990546875 0.34670433749999996 0.0860278046875 0.3428374265625 0.0684487171875 0.3372490921875
1 0.117380421875 0.3750451859375 0.10831978281250002 0.37190271875 0.10133483593749999 0.3707896859375 0.06397989375 0.3714505546875 0.0273105515625 0.3925388140625 0.025499332812499997 0.3963732015625 0.0264774046875 0.40804046875 0.0894334703125 0.41137661562499994 0.0932893578125 0.40931933750000005 0.11914889375 0.38942764531249996 0.12021700937499999 0.38697561875 0.117380421875 0.3750451859375
1 0.0464276921875 0.421774378125 0.03837463125 0.42311336875 0.029733596875 0.427096340625 0.0222878140625 0.4445128453125 0.0233101484375 0.4454014 0.0419425984375 0.45213061093749995 0.0867789 0.45661995624999996 0.0921372640625 0.45564318750000005 0.1170822953125 0.43202700624999996 0.11178295 0.41863215781249996 0.0464276921875 0.421774378125
1 0.098362834375 0.4542933546875 0.062262162499999996 0.4540161421875 0.05462719218749999 0.4550424390625 0.018839809375 0.47216473125 0.0203585578125 0.477090465625 0.0456509390625 0.48600237812499997 0.0811473671875 0.485078340625 0.09099689062500001 0.4834978671875 0.102175975 0.47045292187500004 0.10158496875 0.4582206359375 0.098362834375 0.4542933546875
1 0.1001063453125 0.49817602031249997 0.0755585828125 0.49531988125000004 0.0710674234375 0.4959235859375 0.0430080890625 0.51277655 0.042885503125 0.5192053859375 0.06134806875 0.5282658812500001 0.08734949374999999 0.520666846875 0.1072952328125 0.5120863578125 0.10515596875 0.5021141453125 0.1001063453125 0.49817602031249997
1 0.1182499625 0.5380587125 0.0884058875 0.5366839890625 0.0370515453125 0.5423046 0.0363247140625 0.5475321875 0.0555008734375 0.5623961328125 0.06360123125 0.56515469375 0.0836105359375 0.564516984375 0.0920816875 0.5628653 0.1236423875 0.55221053125 0.121735059375 0.5404116812499999 0.1182499625 0.5380587125
1 0.0878077078125 0.56523526875 0.072227509375 0.564764625 0.0415177453125 0.5712011 0.0424322484375 0.5749255875 0.0680053765625 0.5935465468750001 0.11590565156249999 0.585825290625 0.11898589531249999 0.5774599171875 0.1170638109375 0.569253971875 0.0878077078125 0.56523526875
1 0.11498094218749999 0.6080081046875 0.110086446875 0.6053316 0.081854196875 0.6096395859375 0.0389577671875 0.624639546875 0.035319059375 0.6284630890625 0.061307246875 0.6318950890624999 0.08176567031250001 0.6311970109375 0.09248239999999999 0.629243471875 0.1163150515625 0.6188580296875 0.11832717968749999 0.612944684375 0.11498094218749999 0.6080081046875
1 0.0910923046875 0.647641428125 0.049324525 0.6532558796875 0.044152314062499996 0.655746590625 0.04245044375 0.6641831765624999 0.048336246875 0.6674959140625 0.081123225 0.6705270046875 0.1059176765625 0.6679636015625 0.11173991406249999 0.6633335578125 0.1115197 0.646691028125 0.0910923046875 0.647641428125
1 0.14708879531250002 0.6983385656250001 0.1404436171875 0.6925629609375 0.06929715 0.700587546875 0.0577457546875 0.71060460625 0.056352626562499994 0.7141262984375001 0.08701812656249999 0.7184685359375 0.125054121875 0.7159206578124999 0.1429877328125 0.7132535171875001 0.1469514515625 0.7083603078125 0.148003296875 0.7020630515625 0.14708879531250002 0.6983385656250001
1 0.105955178125 0.775942684375 0.069779215625 0.7861918609375 0.067270675 0.7880680265625 0.0666369203125 0.7940525859374999 0.091635315625 0.8042864875 0.1372132015625 0.7999553406250001 0.1428965796875 0.79790890625 0.1484543390625 0.78741504375 0.14360562500000001 0.78139795625 0.105955178125 0.775942684375
1 0.1502417046875 0.7425447671875001 0.1335771171875 0.7406809203125 0.10607169999999999 0.7397613171875 0.0649880046875 0.7583650265624999 0.060807103125 0.7614919687499999 0.0695737578125 0.7659564249999999 0.1024995921875 0.76640390625 0.142532959375 0.7615355859374999 0.1516999171875 0.7544039859375 0.152441503125 0.7455834953125 0.1502417046875 0.7425447671875001
1 0.1295547890625 0.837919978125 0.093364071875 0.8517620578124999 0.0911200078125 0.8595020421875 0.0961075796875 0.8629355203125 0.1603311546875 0.8543025468750001 0.174670321875 0.8446802359375001 0.1748712296875 0.8426012765625 0.16147304375 0.8338859984375 0.1295547890625 0.837919978125
1 0.1570560671875 0.8944994109375 0.10765028437499999 0.88626389375 0.084921321875 0.9167640312499999 0.0939819640625 0.9199064968749999 0.130329325 0.9147641703125 0.1507404515625 0.9099685390625 0.1572127125 0.9031991625 0.1570560671875 0.8944994109375
1 0.141873546875 0.9455306765625 0.1382643484375 0.9421684109375 0.12966909531249998 0.942810803125 0.0750483546875 0.95528284375 0.07071232499999999 0.9571481671875001 0.0664871609375 0.9710538234375001 0.069864421875 0.9762427234375 0.11474498749999999 0.9699533578124999 0.1334527265625 0.9661561796875 0.14698673906249998 0.9574115828125 0.141873546875 0.9455306765625
1 0.16637034374999998 0.99806410625 0.165189375 0.9829226562500001 0.14767385625 0.985277103125 0.0964032375 0.9988782468749999 0.16637034374999998 0.99806410625
1 0.2787226234375 0.9668919656250001 0.23425863125 0.96543050625 0.21247216562500001 0.9850311890624999 0.213185759375 0.9908346375000001 0.21589672656249997 0.9943176421875 0.221147259375 0.9961768062499999 0.23433046562499998 0.9972733187499999 0.24755953125 0.9971193843749999 0.27460832343749997 0.9928379515625 0.291565378125 0.9859416765625 0.293250978125 0.9736598624999999 0.2787226234375 0.9668919656250001
1 0.29763844375000004 0.9202322593750001 0.25266328437499996 0.9183265234375 0.215869840625 0.9384054875000001 0.2152360859375 0.9443900468749999 0.219743515625 0.9476315718749999 0.2778508671875 0.9449506328125 0.297378515625 0.9366828375 0.29954425625000003 0.924592978125 0.29763844375000004 0.9202322593750001
1 0.3116348109375 0.900396253125 0.316372659375 0.8943730078125001 0.3129938796875 0.8817459734374999 0.2539587875 0.8917334625000001 0.23943346562499998 0.8998418296875 0.22692178749999997 0.90947498125 0.2275260328125 0.9106762312500001 0.2445629265625 0.9155679624999999 0.26454120937500003 0.91467793125 0.2819946765625 0.9118188359375001 0.28870039062499997 0.9106609562499999 0.300485234375 0.906255390625 0.3116348109375 0.900396253125
1 0.308421365625 0.8631235374999999 0.3080948359375 0.8567550718750001 0.2965241390625 0.8480506374999999 0.2885789109375 0.8465536953124999 0.264109471875 0.8480474328125001 0.232971409375 0.8807039031249999 0.2372779296875 0.8860243890625 0.25389521875 0.88379068125 0.2690100296875 0.8804764671875001 0.2995173703125 0.8686808218750001 0.308421365625 0.8631235374999999
1 0.3041973078125 0.8064930968749999 0.29564631874999997 0.796356775 0.2910000296875 0.7956988593750001 0.24610319375 0.7981429984374999 0.2400637765625 0.8010067765625 0.21533592656249997 0.8263892234375 0.22709126249999997 0.82916946875 0.23709591562500001 0.8288506124999999 0.2697882984375 0.8236866015625001 0.2926459140625 0.81651015625 0.30173606406250003 0.8124668140625 0.3041973078125 0.8064930968749999
1 0.28176040625 0.7502588828125 0.27172472812500004 0.7503254140625 0.23302395312500002 0.7586055265625 0.2058628515625 0.7753377515625 0.20722647031250002 0.77900186875 0.210463359375 0.7793362484374999 0.246733915625 0.7772821734375001 0.2596651984375 0.7747744609375 0.282909878125 0.7670329984375 0.2987825484375 0.75874351875 0.28176040625 0.7502588828125
1 0.2782677296875 0.7107152515624999 0.2682630765625 0.71103410625 0.23598878281250002 0.715885425 0.22731672343749998 0.719616071875 0.2112741703125 0.7302368359375 0.24108873593750002 0.738797365625 0.2591154234375 0.7368871968749999 0.2822980515625 0.7286410859375 0.2826052765625 0.7162880609375 0.2782677296875 0.7107152515624999
1 0.28290754218749997 0.6036464078125 0.280583640625 0.599598384375 0.2699126921875 0.598211340625 0.243493175 0.6061230734375 0.234790090625 0.609601396875 0.21605284062500002 0.6205843828125001 0.2248194953125 0.625048840625 0.2436513375 0.62226095625 0.27885226093750004 0.615220778125 0.2816237625 0.6117703 0.28290754218749997 0.6036464078125
1 0.286091478125 0.6481049343749999 0.283658228125 0.639454709375 0.2629205734375 0.6378818749999999 0.2186117109375 0.637682034375 0.177248784375 0.6540148265625 0.177745196875 0.6580520078125 0.197151775 0.663651184375 0.23178099687499998 0.6631002125000001 0.2663318953125 0.658199365625 0.27477202031250003 0.6562953546875 0.2834440796875 0.6525647078125 0.286091478125 0.6481049343749999
1 0.299972840625 0.671888428125 0.296843784375 0.6687181171875001 0.290601940625 0.666222721875 0.2456283 0.6717551187499999 0.2224456734375 0.6800012296875 0.22212217656250002 0.6885090265625 0.26153805937499996 0.69347049375 0.269110978125 0.6919395484375 0.283683596875 0.68792873125 0.301290678125 0.678893125 0.299972840625 0.671888428125