1 0.140187721875 0.954692209375 0.13920055781250001 0.9334672062499999 0.08942356093750001 0.9337572125 0.0904107265625 0.9549822156250001 0.140187721875 0.954692209375
1 0.132931175 0.8822220749999999 0.13204184531250002 0.8631006171875001 0.074016525 0.8634386796875001 0.0749058546875 0.8825601375 0.132931175 0.8822220749999999
1 0.1193639921875 0.809788709375 0.118284109375 0.78657023125 0.0692439125 0.786855946875 0.0703237921875 0.810074421875 0.1193639921875 0.809788709375
1 0.11327690937499998 0.741575040625 0.11202467812500001 0.714650903125 0.071357196875 0.7148878359374999 0.0726094265625 0.7418119734374999 0.11327690937499998 0.741575040625
1 0.109697328125 0.67490038125 0.1087482734375 0.6544947828125001 0.060674525 0.654774865625 0.0616235796875 0.6751804640625 0.109697328125 0.67490038125
1 0.2169347734375 0.673342821875 0.21607246249999998 0.654802284375 0.1723333890625 0.6550571125 0.1731957015625 0.6735976499999999 0.2169347734375 0.673342821875
1 0.2307651984375 0.74104345625 0.22982296875000002 0.7207846171875001 0.18328979843749998 0.721055725 0.18423202968750002 0.7413145640625001 0.2307651984375 0.74104345625
1 0.235964090625 0.8110483500000001 0.2350827234375 0.792098109375 0.18600425 0.7923840453125 0.186885615625 0.8113342859375001 0.235964090625 0.8110483500000001
1 0.2458084453125 0.8869898734375001 0.244983959375 0.869262625 0.1895996328125 0.8695853 0.1904241203125 0.8873125500000001 0.2458084453125 0.8869898734375001
1 0.2590137515625 0.9621380640625 0.257979659375 0.9399040953125001 0.2050162453125 0.9402126656249999 0.2060503375 0.9624466343750001 0.2590137515625 0.9621380640625
1 0.3776453921875 0.9654043515625 0.37680241875 0.94727963125 0.334603925 0.947525484375 0.335446896875 0.9656502031249999 0.3776453921875 0.9654043515625
1 0.3793979828125 0.8881505328125 0.37838237812500003 0.866314034375 0.3229502078125 0.8666369875 0.3239658140625 0.8884734859375 0.3793979828125 0.8881505328125
1 0.368474321875 0.8098909843750001 0.36763959687500003 0.7919435984375001 0.3110017546875 0.792273578125 0.3118364796875 0.8102209625000001 0.368474321875 0.8098909843750001
1 0.3585575859375 0.73239320625 0.3575650171875 0.7110520203124999 0.3078454328125 0.7113416906250001 0.30883800156249996 0.7326828765625 0.3585575859375 0.73239320625
1 0.3463713734375 0.6688667515625 0.345408096875 0.64815540625 0.29399483125 0.648454946875 0.29495810625 0.669166290625 0.3463713734375 0.6688667515625
1 0.337469340625 0.6130831437500001 0.3364488984375 0.5911426921875 0.29012624531250003 0.5914125718750001 0.2911466859375 0.6133530234375 0.337469340625 0.6130831437500001
1 0.2003278703125 0.6086096265625 0.1995235765625 0.591316540625 0.158339378125 0.5915564828125001 0.159143671875 0.6088495703125 0.2003278703125 0.6086096265625
1 0.11497201718750001 0.610813453125 0.1140698890625 0.591416821875 0.064417284375 0.591706103125 0.0653194125 0.6111027328125 0.11497201718750001 0.610813453125
1 0.1064484078125 0.5527736671875 0.1054347921875 0.5309799765625 0.06342767499999999 0.531224715625 0.06444129062500001 0.55301840625 0.1064484078125 0.5527736671875
1 0.21583408906249998 0.555628959375 0.21494675000000002 0.53655030625 0.164413815625 0.5368447171875 0.16530115625 0.5559233703124999 0.21583408906249998 0.555628959375
1 0.3279843578125 0.5553639640625 0.32705009218750003 0.5352763453125 0.2808518328125 0.5355455 0.2817860984375 0.5556331218749999 0.3279843578125 0.5553639640625
1 0.10431904375 0.504315 0.1033762453125 0.48404393125 0.0503267109375 0.48435300156250005 0.051269509375 0.5046240703125 0.10431904375 0.504315
1 0.1149355765625 0.4507450421875 0.1141014203125 0.4328098859375 0.063109184375 0.43310697343750004 0.06394333906250001 0.451042128125 0.1149355765625 0.4507450421875
1 0.2067354546875 0.4513723640625 0.20570278281249998 0.4291689703125 0.16487263125 0.42940685 0.1659053 0.4516102453125 0.2067354546875 0.4513723640625
1 0.21836252968749997 0.50287681875 0.217297153125 0.47997020468749996 0.16239126875 0.48029009218749996 0.16345664531249998 0.50319670625 0.21836252968749997 0.50287681875
1 0.32175840624999996 0.5022744218749999 0.320491103125 0.47502619218750003 0.2641020515625 0.47535472187499994 0.2653693546875 0.5026029515625 0.32175840624999996 0.5022744218749999
1 0.3097214546875 0.44185433749999997 0.3090169859375 0.4267076 0.2594217953125 0.426996546875 0.2601262640625 0.442143284375 0.3097214546875 0.44185433749999997
1 0.20361514375 0.394778259375 0.20299400625000003 0.3814232015625 0.163867103125 0.381651159375 0.164488240625 0.3950062171875 0.20361514375 0.394778259375
1 0.1109749515625 0.39686855312499997 0.11007993281249999 0.37762479375 0.075105896875 0.3778285578125 0.076000915625 0.3970723140625 0.1109749515625 0.39686855312499997
1 0.11314464843750001 0.33907841250000004 0.11225361250000002 0.31992026562500003 0.071203375 0.3201594296875 0.0720944140625 0.33931757500000004 0.11314464843750001 0.33907841250000004
1 0.1103812890625 0.2797664546875 0.10957244375 0.2623755296875 0.06367081875 0.2626429578125 0.0644796640625 0.2800338828125 0.1103812890625 0.2797664546875
1 0.11407754218749999 0.223517984375 0.1130852578125 0.2021829140625 0.0669444125 0.202451734375 0.06793669531249999 0.22378680625 0.11407754218749999 0.223517984375
1 0.10366208750000001 0.166577978125 0.1026942625 0.14576879375000001 0.0582470953125 0.146027746875 0.05921492187500001 0.1668369328125 0.10366208750000001 0.166577978125
1 0.0954365828125 0.115050646875 0.094429509375 0.093397596875 0.0473222125 0.09367204999999999 0.0483292875 0.11532509843750001 0.0954365828125 0.115050646875
1 0.19459660781250002 0.1067201265625 0.19376273593749999 0.0887910828125 0.1563295140625 0.0890091734375 0.1571633875 0.10693821562500001 0.19459660781250002 0.1067201265625
1 0.20930320624999998 0.1620815125 0.20848696718749998 0.14453159843750002 0.1637718734375 0.1447921140625 0.1645881125 0.162342028125 0.20930320624999998 0.1620815125
1 0.21091501875000002 0.21752224843749998 0.209741284375 0.19228583906250002 0.1672078828125 0.1925336421875 0.168381615625 0.21777005312500003 0.21091501875000002 0.21752224843749998
1 0.2060707484375 0.2803680546875 0.20494706875 0.2562078765625 0.156835046875 0.25648818281249997 0.15795872500000002 0.2806483609375 0.2060707484375 0.2803680546875
1 0.20733410000000002 0.3389150015625 0.206400971875 0.318851840625 0.1548920171875 0.3191519390625 0.1558251453125 0.33921509843750003 0.20733410000000002 0.3389150015625
1 0.30737991249999996 0.10257351249999999 0.30636885625 0.0808348546875 0.26699316562500003 0.0810642625 0.268004221875 0.1028029203125 0.30737991249999996 0.10257351249999999
1 0.3136748421875 0.15426500781250002 0.3127968875 0.135388146875 0.2622543828125 0.13568261406249998 0.2631323375 0.1545594734375 0.3136748421875 0.15426500781250002
1 0.30536742499999997 0.21580980312500003 0.304254553125 0.19188199374999998 0.2545732421875 0.192171440625 0.2556861140625 0.21609925156249998 0.30536742499999997 0.21580980312500003
1 0.42655952812500003 0.1487996734375 0.4256167296875 0.1285286046875 0.377227209375 0.1288105265625 0.3781700078125 0.1490815953125 0.42655952812500003 0.1487996734375
1 0.4270882734375 0.097606684375 0.4260738046875 0.0757946484375 0.376593440625 0.0760829265625 0.3776079078125 0.0978949625 0.4270882734375 0.097606684375
1 0.43222702343749997 0.20809471093749998 0.43117927968750003 0.185567225 0.3853350671875 0.18583431718750001 0.3863828109375 0.20836180468749999 0.43222702343749997 0.20809471093749998
1 0.44192351093750004 0.2704643390625 0.4407995484375 0.24629804531250002 0.3881614703125 0.2466047203125 0.3892854359375 0.27077101406250004 0.44192351093750004 0.2704643390625
1 0.44022376249999995 0.32786333437500004 0.439229203125 0.3064793453125 0.38610311875000003 0.30678886250000004 0.3870976796875 0.3281728515625 0.44022376249999995 0.32786333437500004
1 0.3045331765625 0.333697028125 0.303621378125 0.3140924890625 0.267527790625 0.3143027734375 0.2684395890625 0.3339073125 0.3045331765625 0.333697028125
1 0.3002480453125 0.272843375 0.299282778125 0.25208922500000003 0.260395096875 0.25231578906249996 0.2613603640625 0.2730699390625 0.3002480453125 0.272843375
1 0.3091307890625 0.390670928125 0.30836801875000003 0.37427062499999997 0.26244725625 0.37453816562500003 0.26321002656250003 0.39093846875 0.3091307890625 0.390670928125
1 0.44122157656249994 0.380597990625 0.44030010781250006 0.36078554375 0.39348944218750004 0.361058265625 0.394410909375 0.3808707140625 0.44122157656249994 0.380597990625
1 0.45100821875 0.4449060578125 0.44984841875 0.41996927968750003 0.3913829328125 0.42030990625 0.39254273125 0.445246684375 0.45100821875 0.4449060578125
1 0.4600101171875 0.502631109375 0.45893279531250003 0.4794676671875 0.3971947734375 0.47982735937500004 0.39827209531249996 0.5029908015625 0.4600101171875 0.502631109375
1 0.4599054921875 0.5526533546875 0.45873772968750004 0.5275453578125 0.4127691203125 0.527813175 0.41393688281249996 0.552921171875 0.4599054921875 0.5526533546875
1 0.460980040625 0.6069350640625 0.45992461875 0.584242475 0.41662571249999997 0.5844947390625 0.417681134375 0.607187328125 0.460980040625 0.6069350640625
1 0.481409509375 0.670407375 0.48007679375 0.6417527062499999 0.42355377812499995 0.642082015625 0.42488649375 0.670736684375 0.481409509375 0.670407375
1 0.484325553125 0.7332079703125001 0.48344674374999996 0.7143127671875 0.431162715625 0.714617378125 0.432041521875 0.7335125828125 0.484325553125 0.7332079703125001
1 0.49458949375000005 0.8180681249999999 0.4933964203125 0.7924158968749999 0.44572456093749996 0.7926936390625 0.446917634375 0.818345865625 0.49458949375000005 0.8180681249999999
1 0.511881865625 0.9649372812499999 0.5109737640625001 0.9454122359375001 0.4561444296875 0.9457316765625 0.45705253125 0.9652567218750001 0.511881865625 0.9649372812499999
1 0.5079805234375 0.8975182687500001 0.5069768625 0.8759385999999999 0.451956153125 0.8762591546875 0.45295981249999995 0.897838825 0.5079805234375 0.8975182687500001
1 0.6459943359375 0.9696241750000001 0.6450805484375 0.9499768312500001 0.5961073296875 0.9502621546875 0.5970211187500001 0.9699094984375 0.6459943359375 0.9696241750000001
1 0.640552965625 0.9016085921875 0.6393684234375 0.8761398125 0.5898210765624999 0.87642848125 0.59100561875 0.9018972609375 0.640552965625 0.9016085921875
1 0.6402969671875 0.8215039015625001 0.6393038296875 0.8001504859375 0.5874886734375 0.8004523671875001 0.5884818109375 0.8218057828124999 0.6402969671875 0.8215039015625001
1 0.6341978078125 0.7437698 0.6328596875 0.714998946875 0.5850730046875 0.7152773578125 0.5864111234375 0.7440482109375 0.6341978078125 0.7437698
1 0.6201102421875 0.6675563437500001 0.6187820765625001 0.6389995125000001 0.5776648609375 0.639239065625 0.5789930265625001 0.667795896875 0.6201102421875 0.6675563437500001
1 0.6246018703125 0.6041253953125 0.623439796875 0.579139696875 0.5694525171875 0.5794542328125 0.5706145921875 0.6044399312500001 0.6246018703125 0.6041253953125
1 0.6138683078125 0.5467254390625 0.6128356375 0.5245220453125 0.556063834375 0.524852803125 0.557096503125 0.5470561968750001 0.6138683078125 0.5467254390625
1 0.6005132734374999 0.486365025 0.599535209375 0.4653357015625 0.5517580953125 0.46561405625 0.552736159375 0.48664337812499997 0.6005132734374999 0.486365025
1 0.6047283359375 0.4303643109375 0.6036447578125 0.40706634062499997 0.5552456703125 0.40734831875 0.55632925 0.4306462890625 0.6047283359375 0.4303643109375
1 0.6041065765625 0.3768659453125 0.602839275 0.3496177171875 0.559549934375 0.3498699265625 0.5608172375 0.3771181546875 0.6041065765625 0.3768659453125
1 0.5987259109374999 0.314477290625 0.5978027359375 0.2946281546875 0.5531163515624999 0.29488850312500003 0.5540395265625 0.31473763906249996 0.5987259109374999 0.314477290625
1 0.5950683203125 0.26248600781250003 0.5939474859375 0.238386978125 0.549729971875 0.23864459531249999 0.5508508078125 0.2627436234375 0.5950683203125 0.26248600781250003
1 0.592875459375 0.202063621875 0.5915984875 0.17460748125 0.5452088500000001 0.174877753125 0.5464858218749999 0.20233389218750003 0.592875459375 0.202063621875
1 0.588112125 0.1396744265625 0.5869736578125 0.11519627031249999 0.5393496437499999 0.1154737328125 0.5404881109375 0.1399518875 0.588112125 0.1396744265625
1 0.5856016937499999 0.08569773750000001 0.584315334375 0.058039804687499995 0.541341765625 0.0582901734375 0.542628125 0.0859481046875 0.5856016937499999 0.08569773750000001
1 0.76427265625 0.07276303125 0.7632812234374999 0.05144630625 0.71854699375 0.051706932812499995 0.719538425 0.07302365937500001 0.76427265625 0.07276303125
1 0.9009860875 0.06453484375 0.89987975625 0.040747678125 0.8544852781250001 0.041012150000000004 0.855591609375 0.06479931718750001 0.9009860875 0.06453484375
1 0.90705769375 0.128402753125 0.9056513171875 0.09816430937500001 0.857156540625 0.0984468453125 0.8585629171875 0.1286852875 0.90705769375 0.128402753125
1 0.9031326828124999 0.190845625 0.9015693140625001 0.157231728125 0.856796809375 0.1574925765625 0.8583601765625 0.1911064734375 0.9031326828124999 0.190845625
1 0.90502606875 0.2448289671875 0.9037707109375 0.21783756406250002 0.8534195812500001 0.2181309140625 0.8546749390624999 0.24512231718750002 0.90502606875 0.2448289671875
1 0.8968815453125 0.2963966234375 0.8956074171875 0.269001634375 0.8511411140625 0.2692606984375 0.85241524375 0.29665568750000004 0.8968815453125 0.2963966234375
1 0.905528265625 0.3622282515625 0.9041386703125 0.332350590625 0.858744190625 0.33261506406249997 0.8601337859375 0.3624927234375 0.905528265625 0.3622282515625
1 0.9010265937499999 0.41278685 0.9000246390625 0.391243871875 0.8568309875000001 0.3914955234375 0.8578329421875001 0.41303850156250005 0.9010265937499999 0.41278685
1 0.910631534375 0.47267366875 0.9093849921875 0.44587182968750005 0.86401921875 0.4461361359375 0.8652657609375 0.47293797499999995 0.910631534375 0.47267366875
1 0.9206001359375 0.5404824359375 0.9192748156249999 0.5119867546875 0.8717464890625 0.5122636593750001 0.8730718109375 0.540759340625 0.9206001359375 0.5404824359375
1 0.9289523046875001 0.5998780484374999 0.9275527531250001 0.569786365625 0.871335940625 0.570113890625 0.872735490625 0.600205571875 0.9289523046875001 0.5998780484374999
1 0.9264141015625 0.665282453125 0.9254010562499999 0.6435009921875 0.8832886828125 0.6437463421875 0.8843017281250001 0.6655278046875 0.9264141015625 0.665282453125
1 0.7775708328125 0.6661435140624999 0.776594759375 0.6451569953125 0.730654859375 0.645424646875 0.7316309328124999 0.6664111640625 0.7775708328125 0.6661435140624999
1 0.7716194796875 0.6047582499999999 0.7702569 0.575461509375 0.725092075 0.57572464375 0.726454653125 0.6050213859375 0.7716194796875 0.6047582499999999
1 0.7681593484375 0.54384168125 0.7668294765625 0.5152481625 0.719186325 0.5155257359375 0.720516196875 0.54411925625 0.7681593484375 0.54384168125
1 0.77360503125 0.4873414125 0.7721926828125001 0.45697455624999994 0.731984503125 0.45720881406249997 0.733396853125 0.48757566875 0.77360503125 0.4873414125
1 0.769822546875 0.432870571875 0.768198603125 0.3979541921875 0.719158403125 0.3982399046875 0.72078235 0.433156284375 0.769822546875 0.432870571875
1 0.7591993671874999 0.3645701734375 0.7579721640625 0.33818415 0.7132762109375 0.3384445546875 0.7145034124999999 0.3648305765625 0.7591993671874999 0.3645701734375
1 0.737239309375 0.3057462296875 0.7361184749999999 0.2816471984375 0.6982450859375 0.28186785312499996 0.699365921875 0.3059668828125 0.737239309375 0.3057462296875
1 0.75335355625 0.252153415625 0.7521226578125 0.2256879 0.7111489734374999 0.22592661718749998 0.712379871875 0.2523921328125 0.75335355625 0.252153415625
1 0.7606045906250001 0.1946486796875 0.7593739765625 0.1681892796875 0.7092524984375 0.16848129218750002 0.7104831140625001 0.19494069375 0.7606045906250001 0.1946486796875
1 0.76695706875 0.131200775 0.7658271328125 0.1069060671875 0.7304225015625 0.10711233906249999 0.7315524375 0.131407046875 0.76695706875 0.131200775
1 0.7962212484375 0.7436362859375001 0.7948504234375 0.7141622109375 0.740547371875 0.7144785859375 0.7419181984375001 0.7439526609375 0.7962212484375 0.7436362859375001
1 0.941887775 0.7319918000000001 0.9409617562499999 0.7120815125 0.8893475437499999 0.7123822234375 0.8902735640625 0.732292509375 0.941887775 0.7319918000000001
1 0.9590004859375 0.8090409 0.957835 0.7839818234375 0.89671895 0.784337890625 0.8978844374999999 0.8093969671875 0.9590004859375 0.8090409
1 0.79048389375 0.814136115625 0.7891844531250001 0.7861968953125 0.7463065734375001 0.78644670625 0.747606015625 0.814385928125 0.79048389375 0.814136115625
1 0.8003866468749999 0.9025490671874999 0.799315865625 0.87952626875 0.746620378125 0.8798332765625 0.7476911578125 0.9028560765625 0.8003866468749999 0.9025490671874999
1 0.9721231453125 0.897435090625 0.97118631875 0.877292434375 0.9091038203125 0.8776541343750001 0.9100406453125001 0.8977967890624999 0.9721231453125 0.897435090625
1 0.9869778281249999 0.9847916 0.9858026687500001 0.9595246156250001 0.9322459890625 0.9598366421875 0.9334211453125001 0.9851036265625 0.9869778281249999 0.9847916
1 0.8160499671875 0.9796127265625 0.8150087640624999 0.9572258843749999 0.7695473046875 0.9574907484375 0.77058850625 0.9798775921875 0.8160499671875 0.9796127265625