1 0.013214453125000001 0.062507453125 0.014770659375 0.0847894078125 0.06694385 0.0847894078125 0.06538764375 0.062507453125 0.013214453125000001 0.062507453125
1 0.00831626875 0.1586838484375 0.0680327984375 0.1586838484375 0.066630821875 0.1386101875 0.0072642515625 0.13861018593750002 0.00831626875 0.1586838484375
1 0.0125300515625 0.2390876203125 0.062961946875 0.2390876203125 0.061259579687499996 0.21471291875 0.0112526265625 0.21471291875 0.0125300515625 0.2390876203125
1 0.02058309375 0.28634128593749997 0.022557159375 0.3146061828125 0.0651823140625 0.3146061828125 0.0632082484375 0.28634128593749997 0.02058309375 0.28634128593749997
1 0.0197976078125 0.37776085937500004 0.0690916625 0.37776085937500004 0.067595534375 0.3563391109375 0.018674942187499998 0.3563391109375 0.0197976078125 0.37776085937500004
1 0.13426445781250002 0.3573180796875 0.1356238421875 0.376781890625 0.18146845 0.376781890625 0.180109065625 0.3573180796875 0.13426445781250002 0.3573180796875
1 0.1375603859375 0.2861808 0.1390457546875 0.30744848125 0.1878189609375 0.30744848281250003 0.1863335921875 0.2861808 0.1375603859375 0.2861808
1 0.13179497499999998 0.21267795 0.133184396875 0.2325718640625 0.1846254390625 0.23257186562499998 0.1832360171875 0.2126779515625 0.13179497499999998 0.21267795
1 0.12622930000000002 0.13291612343749998 0.1275290515625 0.151526146875 0.1855795 0.151526146875 0.18427974687499998 0.132916121875 0.12622930000000002 0.13291612343749998
1 0.13342765 0.0539663578125 0.1350578328125 0.077307525 0.1905708296875 0.077307525 0.188940646875 0.0539663578125 0.13342765 0.0539663578125
1 0.268570225 0.0498129640625 0.269899121875 0.068840253125 0.3141289890625 0.068840253125 0.31280009375 0.0498129640625 0.268570225 0.0498129640625
1 0.265962875 0.13088115312499998 0.267563915625 0.15380505625000002 0.3256645109375 0.15380505625000002 0.3240634703125 0.13088115312499998 0.265962875 0.13088115312499998
1 0.2628078171875 0.213082375 0.264123709375 0.2319235 0.323488015625 0.2319235 0.322172121875 0.2130823765625 0.2628078171875 0.213082375
1 0.26912948124999997 0.2944779546875 0.27069420625 0.3168818828125 0.3228072203125 0.3168818828125 0.32124249531250004 0.2944779546875 0.26912948124999997 0.2944779546875
1 0.2623425359375 0.36122432187500003 0.26386108125 0.3829670453125 0.317749309375 0.38296704375 0.3162307640625 0.36122432187500003 0.2623425359375 0.36122432187500003
1 0.265161515625 0.419824390625 0.26677018124999996 0.44285742343749995 0.3153227390625 0.44285742343749995 0.3137140765625 0.419824390625 0.265161515625 0.419824390625
1 0.1274475015625 0.4253579671875 0.128715421875 0.44351220781249995 0.17188216875 0.44351220781249995 0.170614246875 0.4253579671875 0.1274475015625 0.4253579671875
1 0.028898421875000004 0.42356693593749994 0.030320575 0.4439294734375 0.0823633828125 0.4439294734375 0.0809412296875 0.42356693593749994 0.028898421875000004 0.42356693593749994
1 0.0350669671875 0.4845325765625 0.0366648703125 0.5074115421875 0.0806941484375 0.5074115421875 0.07909624531250001 0.4845325765625 0.0350669671875 0.4845325765625
1 0.1403558640625 0.48086706250000005 0.14175469999999998 0.5008957875 0.19472021718750002 0.5008957875 0.193321378125 0.48086706250000005 0.1403558640625 0.48086706250000005
1 0.26240082187499997 0.480459428125 0.2638736359375 0.5015473625 0.3122958140625 0.5015473640625 0.31082299999999996 0.480459428125 0.26240082187499997 0.480459428125
1 0.0827795421875 0.5354036109375 0.0286004625 0.5354036109375 0.0300867265625 0.5566841296875 0.08426580624999999 0.5566841296875 0.0827795421875 0.5354036109375
1 0.046990065625 0.5915610734375 0.0483050625 0.6103893578124999 0.10175199374999999 0.6103893578124999 0.100436996875 0.5915610734375 0.046990065625 0.5915610734375
1 0.15371850468749998 0.5903413750000001 0.15534644687500002 0.61365044375 0.198142103125 0.61365044375 0.19651416093750002 0.5903413765625001 0.15371850468749998 0.5903413750000001
1 0.1448583671875 0.536215671875 0.1465378671875 0.56026298125 0.20408684375 0.56026298125 0.202407340625 0.536215671875 0.1448583671875 0.536215671875
1 0.25167700625 0.5362156734375 0.2536748328125 0.5648208 0.312778371875 0.5648207984375 0.31078054375 0.536215671875 0.25167700625 0.5362156734375
1 0.2535634375 0.5997009531249999 0.25467398750000003 0.6156019609375 0.30665661875 0.6156019625 0.3055460671875 0.5997009531249999 0.2535634375 0.5997009531249999
1 0.15914190625 0.6497567140625 0.16012109218749998 0.663776821875 0.20113150468750002 0.6637768203125 0.20015231875 0.6497567125 0.15914190625 0.6497567140625
1 0.06620570625 0.6481293796875 0.06761664843750001 0.6683314296875 0.1042742828125 0.6683314296875 0.102863340625 0.6481293796875 0.06620570625 0.6481293796875
1 0.06916202187500001 0.708767628125 0.0705666875 0.7288798046875 0.1135930203125 0.7288798046875 0.11218835468749999 0.708767628125 0.06916202187500001 0.708767628125
1 0.0684208015625 0.7710332078125 0.069695896875 0.7892901609375 0.117807159375 0.789290159375 0.116532065625 0.7710332078125 0.0684208015625 0.7710332078125
1 0.0789059015625 0.8300441218750001 0.0804701765625 0.8524416265625 0.12883217656249998 0.852441628125 0.1272679015625 0.8300441218750001 0.0789059015625 0.8300441218750001
1 0.076720346875 0.889867096875 0.078246065625 0.9117125296875 0.12483285156249999 0.9117125296875 0.12330713281250001 0.8898670953125001 0.076720346875 0.889867096875
1 0.0716046734375 0.9439960093750001 0.0731922640625 0.9667273281250001 0.1225672390625 0.9667273281250001 0.120979646875 0.9439960078125 0.0716046734375 0.9439960093750001
1 0.1866240015625 0.952132678125 0.18793854999999998 0.9709545437499999 0.22717375 0.9709545421874999 0.2258592015625 0.952132678125 0.1866240015625 0.952132678125
1 0.187639665625 0.893940246875 0.188926415625 0.9123641046875001 0.2357940296875 0.9123641046875001 0.234507278125 0.893940246875 0.187639665625 0.893940246875
1 0.1848489328125 0.8357446046874999 0.186699253125 0.862237728125 0.23128015156249998 0.862237728125 0.2294298296875 0.8357446046874999 0.1848489328125 0.8357446046874999
1 0.166258359375 0.76981671875 0.16802977187499998 0.79518001875 0.2184578375 0.7951800171875 0.21668642500000002 0.76981671875 0.166258359375 0.76981671875
1 0.156876403125 0.7083632 0.158347425 0.729425459375 0.2123359453125 0.729425459375 0.21086492343750002 0.7083632 0.156876403125 0.7083632
1 0.303226396875 0.9557949812500001 0.3048202640625 0.9786161718749999 0.34609144375 0.9786161718749999 0.3444975765625 0.9557949796875 0.303226396875 0.9557949812500001
1 0.29180734531249997 0.90150558125 0.29319138749999996 0.9213224640625001 0.3461669328125 0.9213224656250001 0.34478289218749997 0.9015055828125 0.29180734531249997 0.90150558125
1 0.2764979640625 0.836964303125 0.2782523390625 0.8620836625000001 0.3303252359375 0.8620836609375001 0.32857085937499997 0.836964303125 0.2764979640625 0.836964303125
1 0.412969465625 0.9065512796874999 0.4144557296875 0.9278318000000001 0.46517464999999997 0.9278318000000001 0.46368838593749995 0.9065512796874999 0.412969465625 0.9065512796874999
1 0.4186272625 0.960275765625 0.42022650937500006 0.983173990625 0.4720887875 0.9831739921875 0.4704895390625 0.9602757671875001 0.4186272625 0.960275765625
1 0.4143375234375 0.8442857015625 0.41598922812500005 0.8679350015624999 0.464040315625 0.8679349999999999 0.46238860937500004 0.8442857 0.4143375234375 0.8442857015625
1 0.40976171250000004 0.7787686609375 0.411533571875 0.804138378125 0.46670556718749995 0.8041383765625 0.46493370624999997 0.7787686609375 0.40976171250000004 0.7787686609375
1 0.400465165625 0.71853805 0.40203303124999995 0.7409869109375 0.4577165265625 0.7409869109375 0.4561486640625 0.71853805 0.400465165625 0.71853805
1 0.27547961249999997 0.713245203125 0.27691700625000004 0.733826 0.314748084375 0.733826 0.313310690625 0.713245203125 0.27547961249999997 0.713245203125
1 0.2754889171875 0.7771381171875 0.2770106015625 0.7989257734375 0.3177702796875 0.7989257750000001 0.3162485953125 0.7771381171875 0.2754889171875 0.7771381171875
1 0.263042228125 0.653422228125 0.2642446921875 0.6706392265625001 0.3123760140625 0.6706392265625001 0.311173553125 0.653422228125 0.263042228125 0.653422228125
1 0.40169426875 0.66318623125 0.4031469078125 0.683985290625 0.45221096875000005 0.683985290625 0.45075832968749996 0.6631862296875 0.40169426875 0.66318623125
1 0.39188137031250003 0.5956342218749999 0.3937097234375 0.6218127921875001 0.454989653125 0.6218127906250001 0.4531613 0.5956342218749999 0.39188137031250003 0.5956342218749999
1 0.3908356671875 0.534995975 0.3925339984375 0.5593129015625 0.4572439984375 0.5593129015625 0.45554566718749995 0.5349959765625 0.3908356671875 0.534995975
1 0.40115014687499995 0.48249760625000004 0.40299105468749996 0.5088559218750001 0.45117252499999994 0.5088559234375001 0.44933161874999994 0.48249760625000004 0.40115014687499995 0.48249760625000004
1 0.3984496125 0.4255216625 0.4001134234375 0.4493442890625 0.44549667812499993 0.44934429062500003 0.44383286875000005 0.4255216625 0.3984496125 0.4255216625
1 0.398241465625 0.358781715625 0.40034241249999997 0.3888633203125 0.4595863640625 0.3888633203125 0.45748541875 0.35878171718749996 0.398241465625 0.358781715625
1 0.39807499218750003 0.29285383125000003 0.3994603796875 0.3126899734375 0.4542612828125 0.3126899734375 0.4528758953125 0.29285383125000003 0.39807499218750003 0.29285383125000003
1 0.4033040203125 0.20372921875 0.405184828125 0.23065886562500001 0.4551515390625 0.23065886562500001 0.45327072968750004 0.20372921875 0.4033040203125 0.20372921875
1 0.3959913359375 0.0494823625 0.397422903125 0.06997970625 0.454891640625 0.06997970625 0.453460075 0.0494823625 0.3959913359375 0.0494823625
1 0.39993184843749996 0.12026336093750001 0.4015140578125 0.1429176453125 0.45918338593749997 0.1429176453125 0.457601175 0.12026336093750001 0.39993184843749996 0.12026336093750001
1 0.542030490625 0.0437433625 0.5434710234375 0.064369096875 0.594801740625 0.064369096875 0.5933612078125 0.0437433625 0.542030490625 0.0437433625
1 0.54402955625 0.1151598890625 0.545896915625 0.14189695156249998 0.5978293984375 0.14189695156249998 0.595962040625 0.1151598890625 0.54402955625 0.1151598890625
1 0.5511600078125001 0.199232384375 0.5527256281249999 0.22164915000000002 0.6070350921875 0.22164915000000002 0.6054694703125 0.1992323828125 0.5511600078125001 0.199232384375
1 0.55848025 0.280852646875 0.5605897140625 0.31105621875 0.61067678125 0.31105621875 0.608567315625 0.280852646875 0.55848025 0.280852646875
1 0.5600157734375 0.3609258171875 0.562109546875 0.390904709375 0.6052060859374999 0.390904709375 0.6031123125 0.3609258171875 0.5600157734375 0.3609258171875
1 0.558971609375 0.427469971875 0.5608035484375 0.453699896875 0.6173896953125 0.453699896875 0.6155577578125 0.4274699703125 0.558971609375 0.427469971875
1 0.5518152109375001 0.48777761562500005 0.553443153125 0.511086684375 0.61294786875 0.5110866859375001 0.611319928125 0.48777761562500005 0.5518152109375001 0.48777761562500005
1 0.5546205390625001 0.551208328125 0.5561623984375 0.5732848625 0.606239434375 0.5732848625 0.6046975765625 0.5512083296875 0.5546205390625001 0.551208328125
1 0.565217640625 0.60995604375 0.566925834375 0.634414196875 0.617654784375 0.634414196875 0.615946590625 0.60995604375 0.565217640625 0.60995604375
1 0.576450784375 0.6661070859375 0.5784486109375 0.6947122125 0.6238218359375 0.6947122140624999 0.621824009375 0.6661070859375 0.576450784375 0.6661070859375
1 0.576964221875 0.73161770625 0.5784195515625 0.7524552828125 0.625257075 0.7524552843750001 0.6238017453125 0.73161770625 0.576964221875 0.73161770625
1 0.57996935625 0.786205609375 0.581736284375 0.8115047125 0.628082365625 0.8115047125 0.6263154375 0.786205609375 0.57996935625 0.786205609375
1 0.5827694453125 0.8496331125 0.5847825171875 0.8784565015625001 0.633405284375 0.8784565015625001 0.6313922140625 0.8496331125 0.5827694453125 0.8496331125
1 0.5841000609375 0.915140521875 0.5858947875 0.9408376328125 0.63581135 0.9408376328125 0.6340166234375 0.915140521875 0.5841000609375 0.915140521875
1 0.6399433421875 1 0.6379741671875 0.971805121875 0.5929319171875 0.9718051234375 0.5949010890624999 1 0.6399433421875 1
1 0.8277949109374999 1 0.8266975437499999 0.9842877671875 0.7798098718750001 0.9842877671875 0.7809072390625 1 0.8277949109374999 1
1 0.9714517125000001 1 0.9708990859375 0.9920874140624999 0.9233193828124999 0.9920874140624999 0.9238720109375 1 0.9714517125000001 1
1 0.9186352953125001 0.9250200765625 0.9208523640624999 0.9567643203125 0.9716816078124999 0.9567643203125 0.9694645390625001 0.9250200765625 0.9186352953125001 0.9250200765625
1 0.9108053765624999 0.85950945625 0.91326993125 0.89479724375 0.9601977187499999 0.89479724375 0.9577331640625 0.8595094578125 0.9108053765624999 0.85950945625
1 0.9003535390625 0.802841646875 0.9023325359375001 0.8311771578125 0.9551074921874999 0.8311771562500001 0.953128496875 0.8028416484375 0.9003535390625 0.802841646875
1 0.8916978015625 0.7487705109375 0.8937063875 0.7775297046875 0.940313234375 0.7775297046875 0.938304646875 0.7487705109375 0.8916978015625 0.7487705109375
1 0.8917479984375 0.679626475 0.8939386140625001 0.7109919703124999 0.9415183171875 0.7109919703124999 0.9393277015624999 0.679626475 0.8917479984375 0.679626475
1 0.8831696812500001 0.6265920828125 0.8847492015625 0.6492078515624999 0.9300221328125 0.6492078515624999 0.9284426109374999 0.6265920828125 0.8831696812500001 0.6265920828125
1 0.88364519375 0.56368134375 0.8856102921875 0.5918178515625 0.93315990625 0.5918178515625 0.9311948093750001 0.56368134375 0.88364519375 0.56368134375
1 0.8835448921875001 0.4924541953125 0.88563418125 0.5223688906249999 0.9354504515625001 0.5223688906249999 0.9333611609375 0.4924541953125 0.8835448921875001 0.4924541953125
1 0.8759381062499999 0.4300666421875 0.8781444125 0.46165681875000003 0.937067421875 0.46165681875000003 0.9348611140624999 0.4300666421875 0.8759381062499999 0.4300666421875
1 0.8800813078124999 0.361439375 0.8816783140625001 0.3843055 0.9258179156249999 0.3843055015625 0.9242209109375 0.3614393734375 0.8800813078124999 0.361439375
1 0.720061909375 0.3614457953125 0.7216006296875 0.383477390625 0.7697520109375 0.383477390625 0.7682132890625 0.36144579375 0.720061909375 0.3614457953125
1 0.722131828125 0.42590683125 0.7242798500000001 0.456662478125 0.7716188453124999 0.456662478125 0.7694708234375 0.42590682968750004 0.722131828125 0.42590683125
1 0.7233439109375001 0.48986073125 0.7254403734375 0.5198781390625 0.7753769984375001 0.5198781390625 0.773280534375 0.48986073125 0.7233439109375001 0.48986073125
1 0.7437357578125 0.5491252140625 0.745962240625 0.5810042656250001 0.78810598125 0.5810042656250001 0.7858794984374999 0.5491252140625 0.7437357578125 0.5491252140625
1 0.737164040625 0.6063162078125 0.73972409375 0.6429713421875001 0.791125015625 0.6429713421875001 0.788564965625 0.606316209375 0.737164040625 0.6063162078125
1 0.73892543125 0.6780633359375 0.7408600421875 0.70576331875 0.78770759375 0.7057633171875 0.785772984375 0.6780633359375 0.73892543125 0.6780633359375
1 0.730253434375 0.7399341203125 0.7320203625 0.765233221875 0.7717169187499999 0.7652332234375 0.769949990625 0.73993411875 0.730253434375 0.7399341203125
1 0.7504225921875001 0.7960819531250001 0.75236303125 0.8238653890625001 0.795309128125 0.8238653875 0.7933686890625 0.7960819515625001 0.7504225921875001 0.7960819531250001
1 0.7554469593750001 0.8563895968749999 0.7573869484375 0.8841666125 0.8099211984375 0.8841666140625 0.8079812093750001 0.8563895968749999 0.7554469593750001 0.8563895968749999
1 0.7852688703124999 0.92294016875 0.787050146875 0.9484446953125 0.8241591046875 0.948444696875 0.822377828125 0.92294016875 0.7852688703124999 0.92294016875
1 0.7213743046875 0.2800020671875 0.72353533125 0.31094387968750004 0.7804524500000001 0.31094387968750004 0.7782914265625 0.280002065625 0.7213743046875 0.2800020671875
1 0.878188746875 0.2913324203125 0.8796485609375001 0.312234190625 0.9337474046875001 0.3122341921875 0.9322875921874999 0.29133241875000004 0.878188746875 0.2913324203125
1 0.8767511515624999 0.210363734375 0.8785884718749999 0.2366706921875 0.9426465578125001 0.2366706921875 0.9408092390625 0.210363734375 0.8767511515624999 0.210363734375
1 0.718736565625 0.2060466453125 0.7207850546875 0.23537716875 0.7657270125 0.2353771703125 0.763678521875 0.2060466453125 0.718736565625 0.2060466453125
1 0.7080293 0.11319553125 0.7097173203125 0.137364809375 0.7649494906250001 0.137364809375 0.763261471875 0.11319553125 0.7080293 0.11319553125
1 0.8786960359375 0.117512621875 0.8801728859375 0.1386583328125 0.9452439453125001 0.1386583328125 0.9437670953125 0.117512621875 0.8786960359375 0.117512621875
1 0.8925309328125 0.025739978125 0.894383496875 0.0522652 0.9505183171875 0.0522652 0.9486657546874999 0.025739978125 0.8925309328125 0.025739978125
1 0.7226132984375 0.0322204265625 0.724254690625 0.05572208125 0.7719045999999999 0.05572208125 0.7702632078125 0.0322204265625 0.7226132984375 0.0322204265625