1 0.0862704171875 0.06495265156249999 0.0652722328125 0.06495265156249999 0.0652722328125 0.114214015625 0.0862704171875 0.114214015625 0.0862704171875 0.06495265156249999
1 0.155907440625 0.052945074999999994 0.1369903203125 0.052945074999999994 0.1369903203125 0.11036931875 0.155907440625 0.11036931875 0.155907440625 0.052945074999999994
1 0.23167876562499998 0.051747159375 0.20870840937500001 0.051747159375 0.20870840937500001 0.10027935624999999 0.23167876562499998 0.10027935624999999 0.23167876562499998 0.051747159375
1 0.30284634062500004 0.057149621875 0.276209921875 0.057149621875 0.276209921875 0.0973958328125 0.30284634062500004 0.0973958328125 0.30284634062500004 0.057149621875
1 0.362362371875 0.049346590625 0.342174834375 0.049346590625 0.342174834375 0.0969223484375 0.362362371875 0.0969223484375 0.362362371875 0.049346590625
1 0.36143980625 0.159805871875 0.3430973984375 0.159805871875 0.3430973984375 0.20309185625 0.36143980625 0.20309185625 0.36143980625 0.159805871875
1 0.296101028125 0.1676089015625 0.27605868125 0.1676089015625 0.27605868125 0.2136600375 0.296101028125 0.2136600375 0.296101028125 0.1676089015625
1 0.225538415625 0.1670123109375 0.20679068437499998 0.1670123109375 0.20679068437499998 0.21558238593749998 0.225538415625 0.21558238593749998 0.225538415625 0.1670123109375
1 0.1491621296875 0.1670170453125 0.13162431875 0.1670170453125 0.13162431875 0.2218276515625 0.1491621296875 0.2218276515625 0.1491621296875 0.1670170453125
1 0.0792196 0.1790198859375 0.05722323124999999 0.1790198859375 0.05722323124999999 0.231434659375 0.0792196 0.231434659375 0.0792196 0.1790198859375
1 0.07124016875 0.3068939390625 0.053309134375 0.3068939390625 0.053309134375 0.34865530312500004 0.07124016875 0.34865530312500004 0.07124016875 0.3068939390625
1 0.151309740625 0.299086175 0.12970659375 0.299086175 0.12970659375 0.353944128125 0.151309740625 0.353944128125 0.151309740625 0.299086175
1 0.2249274046875 0.29068655312499997 0.207171809375 0.29068655312499997 0.207171809375 0.3467376890625 0.2249274046875 0.3467376890625 0.2249274046875 0.29068655312499997
1 0.30499092499999997 0.291287878125 0.2838777984375 0.291287878125 0.2838777984375 0.340492425 0.30499092499999997 0.340492425 0.30499092499999997 0.291287878125
1 0.367268603125 0.28047822031249997 0.34677858437500003 0.28047822031249997 0.34677858437500003 0.3313589015625 0.367268603125 0.3313589015625 0.367268603125 0.28047822031249997
1 0.423708409375 0.27927556875000004 0.4020024203125 0.27927556875000004 0.4020024203125 0.32511837187500003 0.423708409375 0.32511837187500003 0.423708409375 0.27927556875000004
1 0.42432546875000005 0.148882575 0.40721718124999995 0.148882575 0.40721718124999995 0.1896401515625 0.42432546875000005 0.1896401515625 0.42432546875000005 0.148882575
1 0.42471869375000004 0.055951704687500006 0.40552934062499996 0.055951704687500006 0.40552934062499996 0.1050899625 0.42471869375000004 0.1050899625 0.42471869375000004 0.055951704687500006
1 0.48454325468750004 0.05775568125 0.46298245624999995 0.05775568125 0.46298245624999995 0.0993276515625 0.48454325468750004 0.0993276515625 0.48454325468750004 0.05775568125
1 0.478402903125 0.1574100375 0.45952813125 0.1574100375 0.45952813125 0.2074195078125 0.478402903125 0.2074195078125 0.478402903125 0.1574100375
1 0.4790169390625 0.2726704546875 0.45914398125 0.2726704546875 0.45914398125 0.3183901515625 0.4790169390625 0.3183901515625 0.4790169390625 0.2726704546875
1 0.5309770109375 0.0469507578125 0.5109225656249999 0.0469507578125 0.5109225656249999 0.0994507578125 0.5309770109375 0.0994507578125 0.5309770109375 0.0469507578125
1 0.581588021875 0.0619554921875 0.563844525 0.0619554921875 0.563844525 0.11241950781250001 0.581588021875 0.11241950781250001 0.581588021875 0.0619554921875
1 0.584661221875 0.162807765625 0.5626951 0.162807765625 0.5626951 0.2032149625 0.584661221875 0.2032149625 0.584661221875 0.162807765625
1 0.5343496671875 0.1580113640625 0.511687840625 0.1580113640625 0.511687840625 0.212348484375 0.5343496671875 0.212348484375 0.5343496671875 0.1580113640625
1 0.5386448875000001 0.258868371875 0.511687840625 0.258868371875 0.511687840625 0.3146732953125 0.5386448875000001 0.3146732953125 0.5386448875000001 0.258868371875
1 0.586500303125 0.25646306874999997 0.5715154265625 0.25646306874999997 0.5715154265625 0.3055445078125 0.586500303125 0.3055445078125 0.586500303125 0.25646306874999997
1 0.6318995765625 0.1640104171875 0.6186872359375 0.1640104171875 0.6186872359375 0.20273200781249998 0.6318995765625 0.20273200781249998 0.6318995765625 0.1640104171875
1 0.636191771875 0.076368371875 0.617153659375 0.076368371875 0.617153659375 0.1109801140625 0.636191771875 0.1109801140625 0.636191771875 0.076368371875
1 0.6932516640624999 0.07516098437499999 0.6742982453125 0.07516098437499999 0.6742982453125 0.11578598437500001 0.6932516640624999 0.11578598437500001 0.6932516640624999 0.07516098437499999
1 0.7501814875 0.0703551140625 0.7329764062499999 0.0703551140625 0.7329764062499999 0.11578124999999999 0.7501814875 0.11578124999999999 0.7501814875 0.0703551140625
1 0.8096944953125 0.0763636359375 0.7885874171875 0.0763636359375 0.7885874171875 0.122026515625 0.8096944953125 0.122026515625 0.8096944953125 0.0763636359375
1 0.8655505140624999 0.0703551140625 0.8449637031250001 0.0703551140625 0.8449637031250001 0.11434185625 0.8655505140624999 0.11434185625 0.8655505140624999 0.0703551140625
1 0.9173956437499999 0.0619554921875 0.8959739859375 0.0619554921875 0.8959739859375 0.10857481093750002 0.9173956437499999 0.10857481093750002 0.9173956437499999 0.0619554921875
1 0.9213793109375 0.1700189390625 0.9036418625 0.1700189390625 0.9036418625 0.20706439375 0.9213793109375 0.20706439375 0.9213793109375 0.1700189390625
1 0.86616455 0.17481534062499998 0.8488021781249999 0.17481534062499998 0.8488021781249999 0.21906723437500003 0.86616455 0.21906723437500003 0.86616455 0.17481534062499998
1 0.8189261953125 0.1760179921875 0.7939594671875 0.1760179921875 0.7939594671875 0.21811079531250002 0.8189261953125 0.21811079531250002 0.8189261953125 0.1760179921875
1 0.755732003125 0.1628125 0.7318300062499999 0.1628125 0.7318300062499999 0.2104261359375 0.755732003125 0.2104261359375 0.755732003125 0.1628125
1 0.6937658796874999 0.158006628125 0.6739171203125001 0.158006628125 0.6739171203125001 0.20898200781249998 0.6937658796874999 0.20898200781249998 0.6937658796874999 0.158006628125
1 0.928599515625 0.279872159375 0.9070931640625 0.279872159375 0.9070931640625 0.3188399625 0.928599515625 0.3188399625 0.928599515625 0.279872159375
1 0.874606775 0.2726704546875 0.8559316390625 0.2726704546875 0.8559316390625 0.32268939375 0.874606775 0.32268939375 0.874606775 0.2726704546875
1 0.8187810046875 0.26247159062500003 0.7951088921875 0.26247159062500003 0.7951088921875 0.3116382578125 0.8187810046875 0.3116382578125 0.8187810046875 0.26247159062500003
1 0.8807410765625001 0.3867376890625 0.8606866296875 0.3867376890625 0.8606866296875 0.43462594687499995 0.8807410765625001 0.43462594687499995 0.8807410765625001 0.3867376890625
1 0.9328947375000001 0.38853693125 0.9113157890625001 0.38853693125 0.9113157890625001 0.43750473437500004 0.9328947375000001 0.43750473437500004 0.9328947375000001 0.38853693125
1 0.8242952203125 0.3921354171875 0.8020084687500001 0.3921354171875 0.8020084687500001 0.43750473437500004 0.8242952203125 0.43750473437500004 0.8242952203125 0.3921354171875
1 0.764174228125 0.3921354171875 0.7402661828125 0.3921354171875 0.7402661828125 0.4442282203125 0.764174228125 0.4442282203125 0.764174228125 0.3921354171875
1 0.704661221875 0.38732954531249997 0.683505746875 0.38732954531249997 0.683505746875 0.43990530312500004 0.704661221875 0.43990530312500004 0.704661221875 0.38732954531249997
1 0.6979128859375 0.26966856093749997 0.6785178468749999 0.26966856093749997 0.6785178468749999 0.3053882578125 0.6979128859375 0.3053882578125 0.6979128859375 0.26966856093749997
1 0.7592619484375 0.265464015625 0.7387295828125 0.265464015625 0.7387295828125 0.3039488640625 0.7592619484375 0.3039488640625 0.7592619484375 0.265464015625
1 0.63836660625 0.261870265625 0.6221415609375 0.261870265625 0.6221415609375 0.307315340625 0.63836660625 0.307315340625 0.63836660625 0.261870265625
1 0.6509437390625 0.3921401515625 0.6313430125 0.3921401515625 0.6313430125 0.43846590937499996 0.6509437390625 0.43846590937499996 0.6509437390625 0.3921401515625
1 0.592353296875 0.38732954531249997 0.5676829999999999 0.38732954531249997 0.5676829999999999 0.44518939375000005 0.592353296875 0.44518939375000005 0.592353296875 0.38732954531249997
1 0.533454325 0.390340909375 0.510538415625 0.390340909375 0.510538415625 0.45143939375000003 0.533454325 0.45143939375000003 0.533454325 0.390340909375
1 0.48590441562500003 0.40354166718749995 0.46106473125 0.40354166718749995 0.46106473125 0.449034090625 0.48590441562500003 0.449034090625 0.48590441562500003 0.40354166718749995
1 0.4298215359375 0.40474905312500004 0.40737144531249997 0.40474905312500004 0.40737144531249997 0.44759943125 0.4298215359375 0.44759943125 0.4298215359375 0.40474905312500004
1 0.372825165625 0.4089535984375 0.34447670937499997 0.4089535984375 0.34447670937499997 0.4648910984375 0.372825165625 0.4648910984375 0.372825165625 0.4089535984375
1 0.3010405328125 0.4131439390625 0.282347246875 0.4131439390625 0.282347246875 0.46488636406249995 0.3010405328125 0.46488636406249995 0.3010405328125 0.4131439390625
1 0.22373563281250003 0.42395833281249995 0.19835753125 0.42395833281249995 0.19835753125 0.4711363640625 0.22373563281250003 0.4711363640625 0.22373563281250003 0.42395833281249995
1 0.072313975 0.427225378125 0.0529975796875 0.427225378125 0.0529975796875 0.48148674218750004 0.072313975 0.48148674218750004 0.072313975 0.427225378125
1 0.14104960625000001 0.42627840937499994 0.11970054375000001 0.42627840937499994 0.11970054375000001 0.48072916718750003 0.14104960625000001 0.48072916718750003 0.14104960625000001 0.42627840937499994
1 0.06702661875 0.565492425 0.04758923125 0.565492425 0.04758923125 0.6139583328125 0.06702661875 0.6139583328125 0.06702661875 0.565492425
1 0.14008771874999998 0.5626704546875 0.1148911078125 0.5626704546875 0.1148911078125 0.6117045453125 0.14008771874999998 0.6117045453125 0.14008771874999998 0.5626704546875
1 0.21524500937500002 0.5638589015625 0.1941197828125 0.5638589015625 0.1941197828125 0.6151373109375 0.21524500937500002 0.6151373109375 0.21524500937500002 0.5638589015625
1 0.2995009078125 0.5653882578125 0.27103750781249997 0.5653882578125 0.27103750781249997 0.612679925 0.2995009078125 0.612679925 0.2995009078125 0.5653882578125
1 0.374748940625 0.561557765625 0.34649727812500003 0.561557765625 0.34649727812500003 0.602249053125 0.374748940625 0.602249053125 0.374748940625 0.561557765625
1 0.4339261953125 0.5561837125 0.4092075015625 0.5561837125 0.4092075015625 0.6096117421875 0.4339261953125 0.6096117421875 0.4339261953125 0.5561837125
1 0.4880066546875 0.5454498109375 0.4660405328125 0.5454498109375 0.4660405328125 0.6016335234375 0.4880066546875 0.6016335234375 0.4880066546875 0.5454498109375
1 0.5466212953125 0.5439157203125 0.525816696875 0.5439157203125 0.525816696875 0.5911979171875 0.5466212953125 0.5911979171875 0.5466212953125 0.5439157203125
1 0.604228675 0.5500473484375 0.5811796734375 0.5500473484375 0.5811796734375 0.5979450749999999 0.604228675 0.5979450749999999 0.604228675 0.5500473484375
1 0.66105263125 0.5569507578125 0.634095584375 0.5569507578125 0.634095584375 0.5997916671875 0.66105263125 0.5997916671875 0.66105263125 0.5569507578125
1 0.71546884375 0.5531155296875 0.6958318203125 0.5531155296875 0.6958318203125 0.597339015625 0.71546884375 0.597339015625 0.71546884375 0.5531155296875
1 0.771116153125 0.5523532203125 0.7472746515625001 0.5523532203125 0.7472746515625001 0.5961126890624999 0.771116153125 0.5961126890624999 0.771116153125 0.5523532203125
1 0.8342105265624999 0.55081439375 0.8070477921875 0.55081439375 0.8070477921875 0.596723484375 0.8342105265624999 0.596723484375 0.8342105265624999 0.55081439375
1 0.8929975796875 0.547750946875 0.8687810046875001 0.547750946875 0.8687810046875001 0.594881628125 0.8929975796875 0.594881628125 0.8929975796875 0.547750946875
1 0.9495432546875 0.5523532203125 0.9221808828125001 0.5523532203125 0.9221808828125001 0.594881628125 0.9495432546875 0.594881628125 0.9495432546875 0.5523532203125
1 0.9550332734375001 0.7279782203125 0.93394434375 0.7279782203125 0.93394434375 0.772249053125 0.9550332734375001 0.772249053125 0.9550332734375001 0.7279782203125
1 0.9648275859375 0.862964015625 0.9412946156249999 0.862964015625 0.9412946156249999 0.9078882578125 0.9648275859375 0.9078882578125 0.9648275859375 0.862964015625
1 0.9080066546875001 0.862964015625 0.8780913484375 0.862964015625 0.8780913484375 0.9109564390625 0.9080066546875001 0.9109564390625 0.9080066546875001 0.862964015625
1 0.8496098 0.8598910984374999 0.8163551124999999 0.8598910984374999 0.8163551124999999 0.9041998109374999 0.8496098 0.9041998109374999 0.8496098 0.8598910984374999
1 0.789655171875 0.8537594703125 0.7629522078125001 0.8537594703125 0.7629522078125001 0.9035890156249999 0.789655171875 0.9035890156249999 0.789655171875 0.8537594703125
1 0.7390986078124999 0.8491524625 0.7119963703125001 0.8491524625 0.7119963703125001 0.89315814375 0.7390986078124999 0.89315814375 0.7390986078124999 0.8491524625
1 0.676394434375 0.8537594703125 0.64683605625 0.8537594703125 0.64683605625 0.8986837124999999 0.676394434375 0.8986837124999999 0.676394434375 0.8537594703125
1 0.61816999375 0.849157196875 0.5968572296875 0.849157196875 0.5968572296875 0.891903409375 0.61816999375 0.891903409375 0.61816999375 0.849157196875
1 0.5640865093749999 0.8537547343749999 0.5375710828125 0.8537547343749999 0.5375710828125 0.8986505687499999 0.5640865093749999 0.8986505687499999 0.5640865093749999 0.8537547343749999
1 0.49863883906249995 0.8583570078125 0.47044767031249995 0.8583570078125 0.47044767031249995 0.9053929921874999 0.49863883906249995 0.9053929921874999 0.49863883906249995 0.8583570078125
1 0.4414246828125 0.855288825 0.41165456718750004 0.855288825 0.41165456718750004 0.9109232953124999 0.4414246828125 0.9109232953124999 0.4414246828125 0.855288825
1 0.3685299453125 0.863726325 0.346981246875 0.863726325 0.346981246875 0.9054024625 0.3685299453125 0.9054024625 0.3685299453125 0.863726325
1 0.367749546875 0.7126373109374999 0.3469872953125 0.7126373109374999 0.3469872953125 0.7581013249999999 0.367749546875 0.7581013249999999 0.367749546875 0.7126373109374999
1 0.4367180890625 0.7103409093749999 0.40773442187500003 0.7103409093749999 0.40773442187500003 0.755037878125 0.4367180890625 0.755037878125 0.4367180890625 0.7103409093749999
1 0.496291590625 0.7072679921875 0.4680036296875 0.7072679921875 0.4680036296875 0.7544176140625 0.496291590625 0.7544176140625 0.496291590625 0.7072679921875
1 0.553895946875 0.7226136359375 0.5238536 0.7226136359375 0.5238536 0.762405303125 0.553895946875 0.762405303125 0.553895946875 0.7226136359375
1 0.6122928015625 0.7126373109374999 0.577749546875 0.7126373109374999 0.577749546875 0.7611695078125 0.6122928015625 0.7611695078125 0.6122928015625 0.7126373109374999
1 0.6714670296875 0.709569128125 0.6453629765625 0.709569128125 0.6453629765625 0.7538020828125 0.6714670296875 0.7538020828125 0.6714670296875 0.709569128125
1 0.7275105875000001 0.6973011359375 0.7036690859375 0.6973011359375 0.7036690859375 0.734782196875 0.7275105875000001 0.734782196875 0.7275105875000001 0.6973011359375
1 0.7827646703125 0.7126420453125 0.756581971875 0.7126420453125 0.756581971875 0.7531912875 0.7827646703125 0.7531912875 0.7827646703125 0.7126420453125
1 0.8395916515625 0.713409090625 0.813415003125 0.713409090625 0.813415003125 0.7630113640625 0.8395916515625 0.7630113640625 0.8395916515625 0.713409090625
1 0.9001663640625001 0.7371780296875 0.8761312765625 0.7371780296875 0.8761312765625 0.7722159093750001 0.9001663640625001 0.7722159093750001 0.9001663640625001 0.7371780296875
1 0.2993950390625 0.719247159375 0.270235934375 0.719247159375 0.270235934375 0.7729876890625 0.2993950390625 0.7729876890625 0.2993950390625 0.719247159375
1 0.3006110109375 0.8665625 0.28091349062500004 0.8665625 0.28091349062500004 0.9176420453125 0.3006110109375 0.9176420453125 0.3006110109375 0.8665625
1 0.2294010890625 0.8705445078125 0.2046098 0.8705445078125 0.2046098 0.9310274625 0.2294010890625 0.9310274625 0.2294010890625 0.8705445078125
1 0.22818209375 0.7216335234375 0.2005414390625 0.7216335234375 0.2005414390625 0.764067234375 0.22818209375 0.764067234375 0.22818209375 0.7216335234375
1 0.135816696875 0.7176467796875 0.11303992812500001 0.7176467796875 0.11303992812500001 0.7697964015625 0.135816696875 0.7697964015625 0.135816696875 0.7176467796875
1 0.1370356921875 0.8785037875 0.11710828749999999 0.8785037875 0.11710828749999999 0.93994318125 0.1370356921875 0.93994318125 0.1370356921875 0.8785037875
1 0.055620084375 0.897618371875 0.030623109375000002 0.897618371875 0.030623109375000002 0.950620265625 0.055620084375 0.950620265625 0.055620084375 0.897618371875
1 0.0588777984375 0.736756628125 0.0367301875 0.736756628125 0.0367301875 0.781747159375 0.0588777984375 0.781747159375 0.0588777984375 0.736756628125