1 0.056582503125 0.1698906296875 0.076360371875 0.1665587234375 0.07039835312500001 0.10713224375 0.0506204828125 0.11046415000000001 0.056582503125 0.1698906296875
1 0.13051626249999998 0.1468170203125 0.15453179687500002 0.1427712078125 0.149492984375 0.09254681718749999 0.1254774515625 0.0965926296875 0.13051626249999998 0.1468170203125
1 0.20078979062500002 0.131943790625 0.2286381953125 0.12725226875 0.22445966875 0.08560277499999999 0.1966112640625 0.0902942953125 0.20078979062500002 0.131943790625
1 0.26970701875 0.1198352765625 0.2908131140625 0.116279609375 0.285873603125 0.06704500468749999 0.2647675109375 0.07060067187499999 0.26970701875 0.1198352765625
1 0.2816945140625 0.22954415312499998 0.300871521875 0.226313471875 0.29637739375 0.1815182140625 0.27720038593749996 0.1847488953125 0.2816945140625 0.22954415312499998
1 0.21270269218750001 0.252288471875 0.2336569875 0.24875837656250002 0.2288757703125 0.2011015546875 0.20792147499999997 0.20463165 0.21270269218750001 0.252288471875
1 0.140482509375 0.26647814687500004 0.1600832828125 0.263176075 0.15504053906249998 0.21291248281250003 0.13543976562499999 0.2162145546875 0.140482509375 0.26647814687500004
1 0.06254440156249999 0.28618035937499997 0.0808802 0.2830913921875 0.075189540625 0.2263696765625 0.0568537390625 0.22945864375 0.06254440156249999 0.28618035937499997
1 0 0.306827003125 0.0087526484375 0.30535247656250003 0.00331073125 0.251110134375 0 0.25166788125 0 0.306827003125
1 0 0.4301851265625 0.01258046875 0.42806573906249995 0.008244634375 0.3848482625 0 0.38623720625 0 0.4301851265625
1 0.07425628749999999 0.42324117499999997 0.0968424 0.41943617343749995 0.091146825 0.3626654609375 0.0685607125 0.36647046250000004 0.07425628749999999 0.42324117499999997
1 0.1544980546875 0.4021393765625 0.1730615515625 0.39901205 0.1672420921875 0.341006553125 0.148678596875 0.34413387812499996 0.1544980546875 0.4021393765625
1 0.23404584375 0.3821659859375 0.2561196421875 0.3784472921875 0.25101102656249996 0.32752711093750003 0.228937228125 0.33124580312499996 0.23404584375 0.3821659859375
1 0.29886040468749997 0.3616351703125 0.32028274375 0.3580262265625 0.315000103125 0.3053714640625 0.293577765625 0.30898040937500004 0.29886040468749997 0.3616351703125
1 0.3559490703125 0.34545037500000003 0.37864270625 0.341627259375 0.37388311875 0.294186034375 0.3511894828125 0.29800915 0.3559490703125 0.34545037500000003
1 0.34733520625000003 0.2043298875 0.365221940625 0.20131657343749998 0.360990321875 0.159137884375 0.3431035890625 0.1621511984375 0.34733520625000003 0.2043298875
1 0.336792221875 0.117128928125 0.3568547125 0.1137490734375 0.351752978125 0.0628974890625 0.3316904875 0.0662773453125 0.336792221875 0.117128928125
1 0.3962612515625 0.10104637968750001 0.418803090625 0.09724883749999999 0.41448691875000004 0.054227356250000004 0.39194508125 0.058024900000000004 0.3962612515625 0.10104637968750001
1 0.40387228906250006 0.2135155421875 0.423605884375 0.2101910921875 0.4184136984375 0.15843792031249998 0.3986801 0.16176236718749998 0.40387228906250006 0.2135155421875
1 0.414992084375 0.3284231109375 0.43576928437499995 0.32492285 0.43102247812499994 0.2776090234375 0.410245278125 0.281109284375 0.414992084375 0.3284231109375
1 0.44639547031250004 0.0927299984375 0.4673624171875 0.089197771875 0.46191165312500004 0.0348672296875 0.44094470625 0.038399456250000005 0.44639547031250004 0.0927299984375
1 0.50307190625 0.09682969531249999 0.5216227531250001 0.0937045 0.5163833734375001 0.041480931250000005 0.497832528125 0.0446061265625 0.50307190625 0.09682969531249999
1 0.5112969374999999 0.19099340625 0.5342625421875 0.1871244734375 0.5300673015624999 0.14530837968750002 0.5071016968750001 0.1491773125 0.5112969374999999 0.19099340625
1 0.45891706875000005 0.20942939531250002 0.48261003437500005 0.20543792500000002 0.4769685328125 0.14920620625 0.4532755671875 0.1531976765625 0.45891706875000005 0.20942939531250002
1 0.46954085 0.31532201249999997 0.4977244734375 0.3105740171875 0.491930578125 0.2528233171875 0.46374695312499997 0.2575713109375 0.46954085 0.31532201249999997
1 0.53114286875 0.295337384375 0.5468095749999999 0.2926980703125 0.5417137390625 0.2419052859375 0.526047034375 0.2445446 0.53114286875 0.295337384375
1 0.569786634375 0.18063161562500002 0.5836001515625 0.17830450312499999 0.5795799171875 0.1382327875 0.5657664015625 0.1405599015625 0.569786634375 0.18063161562500002
1 0.5586572234375 0.0859506765625 0.578561590625 0.082597459375 0.574968059375 0.04677889375 0.555063690625 0.050132110937499995 0.5586572234375 0.0859506765625
1 0.6189009171875 0.0808591359375 0.6387167359375 0.0775208359375 0.6344988828125 0.0354793453125 0.6146830640625 0.038817646875 0.6189009171875 0.0808591359375
1 0.6802485078125 0.07051914375 0.6982364390625 0.06748878124999999 0.6935201125 0.020478753125 0.67553218125 0.0235091140625 0.6802485078125 0.07051914375
1 0.7390382890625 0.0671872984375 0.7611057640625 0.0634696703125 0.7563648578125 0.0162146421875 0.734297384375 0.0199322703125 0.7390382890625 0.0671872984375
1 0.7971819078125 0.049305035937500005 0.8187054406250001 0.045679043749999995 0.8141385578125 0.00015859531249999998 0.7926150234375 0.0037845875 0.7971819078125 0.049305035937500005
1 0.846468021875 0 0.8499144578125 0.0343523734375 0.8723108234374999 0.030579337499999998 0.869242921875 0 0.846468021875 0
1 0.868156821875 0.13492548124999998 0.8867013421875001 0.1318013515625 0.88285513125 0.09346421875000001 0.8643106109375 0.096588346875 0.868156821875 0.13492548124999998
1 0.8120680531250001 0.1570058453125 0.8302204312500001 0.1539477796875 0.8256260187500001 0.1081529359375 0.807473640625 0.1112110015625 0.8120680531250001 0.1570058453125
1 0.7546306375 0.1656756046875 0.780733378125 0.1612781703125 0.77636313125 0.117717696875 0.750260390625 0.1221151328125 0.7546306375 0.1656756046875
1 0.6888763625000001 0.1686659765625 0.7138659281249999 0.16445607499999998 0.7089224859375001 0.11518227031249999 0.6839329203125 0.1193921734375 0.6888763625000001 0.1686659765625
1 0.6281784421875 0.177371796875 0.648930340625 0.1738758 0.6436378687500001 0.1211230375 0.6228859703125 0.12461903593749998 0.6281784421875 0.177371796875
1 0.88337015625 0.24999049687500002 0.905855071875 0.24620254375 0.901809275 0.2058760328125 0.8793243593750001 0.20966398593750002 0.88337015625 0.24999049687500002
1 0.8302803890625 0.26298532343750003 0.8498052640625 0.25969603750000003 0.8446120953125 0.20793306406249998 0.82508721875 0.21122234999999998 0.8302803890625 0.26298532343750003
1 0.765542765625 0.2622616828125 0.7902919828125 0.25809226875 0.7851873 0.2072112859375 0.76043808125 0.21138069843750001 0.765542765625 0.2622616828125
1 0.846873446875 0.37798731406249997 0.8678403921875001 0.37445508906249997 0.8628684390625001 0.3248970859375 0.8419014921875 0.3284293140625 0.846873446875 0.37798731406249997
1 0.9001051765625 0.37204907187499997 0.9226659906249999 0.3682483328125 0.9175819531249999 0.3175731453125 0.8950211390625 0.3213738859375 0.9001051765625 0.37204907187499997
1 0.785824253125 0.39130156875 0.8091250750000001 0.38737616406250003 0.804414646875 0.3404249328125 0.781113825 0.3443503390625 0.785824253125 0.39130156875
1 0.7219706828125 0.409134265625 0.746966571875 0.4049232984375 0.7415580828125 0.351014153125 0.7165621953125 0.35522511875 0.7219706828125 0.409134265625
1 0.6621787609374999 0.4146579390625 0.6842968328125 0.41093178750000003 0.678838203125 0.356522846875 0.65672013125 0.360249 0.6621787609374999 0.4146579390625
1 0.6429977953125 0.2763291546875 0.66327533125 0.2729130703125 0.6595667656249999 0.23594791874999999 0.63928923125 0.23936400156249998 0.6429977953125 0.2763291546875
1 0.7057997890625 0.26423437031249997 0.7272664015625 0.260617965625 0.723270746875 0.2207912484375 0.7018041375 0.22440765156250003 0.7057997890625 0.26423437031249997
1 0.5842564046875001 0.2882530875 0.6012197078125 0.2853953421875 0.5965014140625 0.2383657125 0.5795381109375 0.24122345781250001 0.5842564046875001 0.2882530875
1 0.60749311875 0.42235587656250007 0.6279857015625 0.41890356406249996 0.6231759718750001 0.370962546875 0.602683390625 0.37441485625 0.60749311875 0.42235587656250007
1 0.541634565625 0.44052634687500003 0.5674273890625 0.43618112187499997 0.56142014375 0.376303846875 0.5356273203125 0.380649071875 0.541634565625 0.44052634687500003
1 0.4825387390625 0.4570592484375 0.50649735 0.4530230265625 0.5001538546875001 0.3897941921875 0.47619524531249996 0.3938304140625 0.4825387390625 0.4570592484375
1 0.43056421875 0.46328396875 0.4565341375 0.458908909375 0.451810928125 0.41183027968749997 0.4258410078125 0.4162053390625 0.43056421875 0.46328396875
1 0.3742788765625 0.471256384375 0.397750471875 0.467302209375 0.3933015703125 0.42295774374999995 0.3698299765625 0.42691191875 0.3742788765625 0.471256384375
1 0.31031765 0.5002287296875 0.3399559953125 0.495235665625 0.33414833437499997 0.4373477671875 0.304509990625 0.44234083125 0.31031765 0.5002287296875
1 0.24536073749999998 0.51116680625 0.26490458906250003 0.507874325 0.259532478125 0.454327775 0.23998862812500002 0.45762025624999997 0.24536073749999998 0.51116680625
1 0.158198296875 0.532427990625 0.184731128125 0.5279581 0.1798329125 0.4791350890625 0.15330008125 0.48360498124999995 0.158198296875 0.532427990625
1 0.007298925 0.5687417765625 0.0274942359375 0.5653395437500001 0.0218606 0.5091862234375 0.0016652875 0.5125884546874999 0.007298925 0.5687417765625
1 0.07695829374999999 0.55620926875 0.09927876249999999 0.55244901875 0.0936254625 0.4960997015625 0.07130499375 0.4998599515625 0.07695829374999999 0.55620926875
1 0.01539823125 0.706784896875 0.0357200421875 0.7033613546875 0.030688112499999996 0.6532055625 0.010366303125 0.6566291046875 0.01539823125 0.706784896875
1 0.08552842031249999 0.6925985234375001 0.1118715046875 0.6881605984375 0.106780584375 0.6374168124999999 0.0804375 0.6418547375 0.08552842031249999 0.6925985234375001
1 0.168718490625 0.6821962890625 0.190804940625 0.6784754640624999 0.1854810046875 0.62540910625 0.1633945578125 0.6291299312499999 0.168718490625 0.6821962890625
1 0.2488809234375 0.6661055593749999 0.2786394390625 0.66109225 0.273729425 0.6121516421875 0.2439709078125 0.617164953125 0.2488809234375 0.6661055593749999
1 0.326691221875 0.6420201234375 0.3562283671875 0.6370441046875001 0.35200363281249997 0.5949340171874999 0.3224664875 0.5999100328125 0.326691221875 0.6420201234375
1 0.3930192546875 0.6385942640625 0.4188626765625 0.634240515625 0.413315559375 0.5789495859375 0.3874721390625 0.583303334375 0.3930192546875 0.6385942640625
1 0.4516099203125 0.6203277578125 0.474575525 0.616458825 0.468742303125 0.5583161296875 0.44577669843749995 0.5621850625 0.4516099203125 0.6203277578125
1 0.5130225 0.5989998046875 0.5347737296874999 0.5953354531249999 0.5298646984375 0.5464046453125 0.50811346875 0.5500689984375 0.5130225 0.5989998046875
1 0.571605071875 0.5962310375000001 0.5957028281250001 0.592171375 0.590729890625 0.542603575 0.5666321328125 0.5466632390624999 0.571605071875 0.5962310375000001
1 0.6271204359375 0.5888218390625 0.6553040593749999 0.5840738453125 0.650856140625 0.5397391812500001 0.6226725171874999 0.544487175 0.6271204359375 0.5888218390625
1 0.69141109375 0.575409953125 0.7119416249999999 0.5719512484375 0.7073501624999999 0.5261858015625 0.6868196328125 0.52964450625 0.69141109375 0.575409953125
1 0.7450673109375 0.5650801484375 0.769993625 0.5608809031249999 0.7654503390625 0.5155956500000001 0.7405240234375 0.5197948984375 0.7450673109375 0.5650801484375
1 0.807623609375 0.5551842890625001 0.8360222796875 0.5504000671875 0.8312558109375001 0.5028902421875 0.802857140625 0.5076744640624999 0.807623609375 0.5551842890625001
1 0.8719745234375 0.542405028125 0.89729298125 0.5381397171875 0.89239968125 0.489365709375 0.8670812234374999 0.4936310203125 0.8719745234375 0.542405028125
1 0.92780415625 0.532999609375 0.956411546875 0.5281802250000001 0.9519960718749999 0.4841689578125 0.9233886828125 0.4889883421875 0.92780415625 0.532999609375
1 0.9145246765625 0.8678607203125001 0.9458011609374999 0.8625916828125 0.9408183906250001 0.8129258828125 0.90954190625 0.8181949218750001 0.9145246765625 0.8678607203125001
1 0.8492778718749999 0.8717422203125 0.884045684375 0.8658850109375 0.8794453734375001 0.8200313671874999 0.8446775593750001 0.8258885749999999 0.8492778718749999 0.8717422203125
1 0.7933816609375001 0.8805160796875 0.8212996390624999 0.8758128375 0.8161261328125 0.8242458609375 0.788208153125 0.828949103125 0.7933816609375001 0.8805160796875
1 0.7390243 0.8786964546875 0.7673597187500001 0.8739228875 0.76279086875 0.828382840625 0.73445545 0.8331564078125 0.7390243 0.8786964546875
1 0.6714728046875 0.895891490625 0.7023761234375 0.8906853187499999 0.6977119046875 0.84419468125 0.6668085875 0.8494008531249999 0.6714728046875 0.895891490625
1 0.618515928125 0.8976776375 0.6407984484375 0.89392378125 0.6363603609374999 0.8496871171875 0.6140778421875 0.8534409734375 0.618515928125 0.8976776375
1 0.5572327125000001 0.9151022296875 0.5849546218749999 0.9104320203125 0.5802933515625 0.8639707812499999 0.55257144375 0.86864099375 0.5572327125000001 0.9151022296875
1 0.48775513593750003 0.933902315625 0.517229034375 0.9289369531249999 0.512345565625 0.8802609421875 0.48287166875 0.8852263031250001 0.48775513593750003 0.933902315625
1 0.4268610609375 0.9499807812500001 0.45798575 0.9447373171875 0.4522095515625 0.8871630156249999 0.4210848625 0.8924064796875 0.4268610609375 0.9499807812500001
1 0.35867183593749996 0.9556584828125001 0.381201025 0.9518630703125 0.37687403750000004 0.9087337921875 0.35434485 0.9125292046875 0.35867183593749996 0.9556584828125001
1 0.3433847546875 0.8032202625 0.3650917109375 0.79956336875 0.36037145000000004 0.7525141390625001 0.3386644953125 0.75617103125 0.3433847546875 0.8032202625
1 0.40657788593750005 0.7893504984375 0.43688033906249996 0.784245553125 0.4322397171875 0.7379901125 0.40193726406249997 0.7430950593750001 0.40657788593750005 0.7893504984375
1 0.46952500781250006 0.77809328125 0.4991001046875 0.7731108703125 0.4942048375 0.7243172609374999 0.4646297421875 0.7292996703125 0.46952500781250006 0.77809328125
1 0.5287455296875 0.7765225234375001 0.5601548375000001 0.7712311109375001 0.556023503125 0.7300520078125 0.5246141953125 0.7353434203125 0.5287455296875 0.7765225234375001
1 0.5849654953125001 0.765750846875 0.6210805078125 0.7596666796875 0.616041696875 0.7094422875 0.5799266859375 0.7155264546875 0.5849654953125001 0.765750846875
1 0.654890496875 0.7462176625 0.6821823140625 0.7416199078125 0.6775898687499999 0.6958446625 0.6502980515625 0.7004424171875 0.654890496875 0.7462176625
1 0.7138748781250001 0.7162650390625 0.7388011921875 0.7120657921875 0.73490975625 0.6732778609375 0.7099834406250001 0.677477109375 0.7138748781250001 0.7162650390625
1 0.771106665625 0.725996365625 0.7984807046875 0.721384759375 0.7942707171875 0.6794216671875 0.766896678125 0.6840332734375 0.771106665625 0.725996365625
1 0.8315452234375 0.7261487375 0.8589129375000001 0.721538196875 0.8537630265624999 0.6702064171875 0.8263953125000001 0.6748169578125001 0.8315452234375 0.7261487375
1 0.8980708109375 0.7246278890625 0.9231995203125001 0.7203945453125 0.9195617453124999 0.684134984375 0.894433034375 0.6883683281249999 0.8980708109375 0.7246278890625
1 0.264686684375 0.832144034375 0.2951725609375 0.8270081875 0.289593 0.7713938609375 0.25910712187499996 0.7765297078125 0.264686684375 0.832144034375
1 0.2908686859375 0.9799614640625001 0.311462465625 0.9764921031249999 0.30615917812500004 0.92363154375 0.28556539999999997 0.9271009031249999 0.2908686859375 0.9799614640625001
1 0.23776698281250003 0.9965556078125 0.2321225546875 0.9402947265625 0.206203234375 0.9446612609375 0.21144031874999997 0.996861946875 0.23776698281250003 0.9965556078125
1 0.1908948546875 0.8351879640625001 0.2197931890625 0.8303195640625001 0.215387546875 0.786406296875 0.18648921406250002 0.791274696875 0.1908948546875 0.8351879640625001
1 0.10000675156250001 0.8565286921874999 0.12381988906250001 0.8525169796875 0.1184055015625 0.798549034375 0.0945923640625 0.802560746875 0.10000675156250001 0.8565286921874999
1 0.13968121093750002 0.9976969390624999 0.1363807953125 0.9648000140624999 0.115546671875 0.9683098640625 0.1185196640625 0.9979431765625 0.13968121093750002 0.9976969390624999
1 0.021465609375 0.8823367187500001 0.0446209625 0.8784358203125 0.0399498609375 0.8318765828125001 0.0167945109375 0.8357774812500001 0.021465609375 0.8823367187500001