1 0.9384860703125 0.960090384375 0.9412954875 0.940161534375 0.88060209375 0.93057806875 0.8777926765625 0.95050691875 0.9384860703125 0.960090384375
1 0.95040316875 0.88473656875 0.9538145390625001 0.86053770625 0.9025194140625 0.8524382218750001 0.8991080437500001 0.8766370859375 0.95040316875 0.88473656875
1 0.9547179218749999 0.8127233109375 0.958673746875 0.784662315625 0.9161363250000001 0.7779456734375 0.9121805000000001 0.8060066671874999 0.9547179218749999 0.8127233109375
1 0.9727617468749999 0.744532684375 0.9757598359375 0.7232654703125 0.9254755984375 0.7153256078125 0.9224775109375001 0.736592821875 0.9727617468749999 0.744532684375
1 0.8561510562500001 0.72512635625 0.8588751203125 0.7058029546875 0.8131248734375 0.6985790062499999 0.8104008078125 0.7179024078125 0.8561510562500001 0.72512635625
1 0.83794775625 0.79444821875 0.8409242828125001 0.7733339609375001 0.7922514640625 0.7656485390625 0.7892749375 0.786762796875 0.83794775625 0.79444821875
1 0.8282911921875 0.8675203890625 0.831075453125 0.8477699875000001 0.77974029375 0.8396641828125 0.7769560328125 0.8594145843750001 0.8282911921875 0.8675203890625
1 0.8171230906250001 0.94670603125 0.8197276640625001 0.928230259375 0.7617967015625 0.9190829812500001 0.759192128125 0.937558753125 0.8171230906250001 0.94670603125
1 0.6600173796875 0.9890888984374999 0.6603152718749999 0.9869757703125 0.6161764437499999 0.9800062640625 0.614784740625 0.9898784375 0.6600173796875 0.9890888984374999
1 0.6772504890625 0.9266854578125001 0.6804588140625001 0.9039269265625001 0.62247780625 0.89477174375 0.619269484375 0.9175302750000001 0.6772504890625 0.9266854578125001
1 0.697632803125 0.846479028125 0.70026971875 0.8277738250000001 0.641027603125 0.818419515625 0.6383906859375 0.8371247187499999 0.697632803125 0.846479028125
1 0.7083889921875001 0.7655702765625 0.7115245421874999 0.74332796875 0.659518790625 0.7351162796875 0.6563832421875 0.7573585859375 0.7083889921875001 0.7655702765625
1 0.7291555546875 0.7011094234375 0.732198565625 0.679523553125 0.6784212546874999 0.671032134375 0.6753782453125 0.6926180046875 0.7291555546875 0.7011094234375
1 0.7386280671875001 0.6431328015625 0.7418516625 0.620265925 0.6933990375 0.612615271875 0.6901754421875 0.6354821484375 0.7386280671875001 0.6431328015625
1 0.8772187578124999 0.659400278125 0.8797595421875 0.6413770000000001 0.836681646875 0.6345750156250001 0.8341408625 0.6525982921875 0.8772187578124999 0.659400278125
1 0.9751894999999999 0.6766875140625 0.9780393453125 0.656471871875 0.9261036578124999 0.6482712453125 0.9232538124999999 0.6684868875000001 0.9751894999999999 0.6766875140625
1 0.9818152906250001 0.6158606125 0.9850173249999999 0.5931466921874999 0.9410786718749999 0.5862087953125 0.9378766374999999 0.6089227140625 0.9818152906250001 0.6158606125
1 0.8759746249999999 0.60286848125 0.8787777531250001 0.58298424375 0.8259212546875 0.5746382203125 0.8231181265625 0.594522459375 0.8759746249999999 0.60286848125
1 0.75409540625 0.5840375 0.7570467765625 0.5631016890625 0.708724265625 0.55547158125 0.7057728953125 0.5764073921875 0.75409540625 0.5840375
1 1 0.5455064421875 0.9478445203125 0.537271109375 0.9448661984375001 0.5583981140625001 1 0.567103721875 1 0.5455064421875
1 0.9923555984375 0.5089033093750001 0.9949907171874999 0.49021084843749996 0.9416537953124999 0.48178896875 0.9390186765624999 0.500481428125 0.9923555984375 0.5089033093750001
1 0.8855911234375 0.49328308906249996 0.8888533531249999 0.47014216875 0.8461457828125001 0.46339865781249995 0.842883553125 0.48653957812500004 0.8855911234375 0.49328308906249996
1 0.8830854 0.5478187984375 0.8864509500000001 0.5239449640625 0.8290204296875 0.5148767046875 0.8256548796875001 0.5387505390625 0.8830854 0.5478187984375
1 0.776486625 0.5309868875 0.780490065625 0.5025881156249999 0.721508178125 0.4932748953125 0.7175047375 0.5216736671875 0.776486625 0.5309868875
1 0.7879139671875001 0.46836100468749997 0.7901393984375 0.4525747046875 0.7382637609375 0.44438355781250005 0.73603833125 0.4601698609375 0.7879139671875001 0.46836100468749997
1 0.8926354999999999 0.4340956578125 0.8945976906249999 0.42017668906249994 0.8536716875 0.41371448749999995 0.8517094984375 0.42763345468749997 0.8926354999999999 0.4340956578125
1 0.9850392359375 0.45033773125 0.9878666218750001 0.4302814171875 0.9512844390625 0.4245051046875 0.9484570546875 0.44456141718750003 0.9850392359375 0.45033773125
1 0.9948020062499999 0.39033842343749997 0.9976168140624999 0.3703713328125 0.9546790406250001 0.363591471875 0.9518642343750001 0.3835585640625 0.9948020062499999 0.39033842343749997
1 1 0.309438071875 0.9631387984374999 0.3036177015625 0.9605836390625001 0.32174295 1 0.3279667796875 1 0.309438071875
1 1 0.245346596875 0.965376378125 0.239879540625 0.962241728125 0.262115471875 1 0.2680774890625 1 0.245346596875
1 1 0.18519344843750002 0.981793803125 0.182318696875 0.97873641875 0.20400653906250002 1 0.2073640515625 1 0.18519344843750002
1 1 0.12935975625 0.9955887828125001 0.1286632265625 0.9924074125000001 0.1512305640625 1 0.15242943125 1 0.12935975625
1 0.9286040515625 0.13289825156249999 0.9312382734375 0.1142121671875 0.8920838281249999 0.10802969375 0.8894496078125 0.12671577812499998 0.9286040515625 0.13289825156249999
1 0.91539025 0.1898704234375 0.91796876875 0.171579471875 0.8711976234375 0.1641943234375 0.8686191046875 0.182485275 0.91539025 0.1898704234375
1 0.905974340625 0.2474455359375 0.9096821953124999 0.22114353125 0.8651930562500001 0.2141187125 0.8614852031250001 0.240420715625 0.905974340625 0.2474455359375
1 0.9107046578125001 0.3151016734375 0.9142543859375 0.2899213421875 0.8639301156249999 0.2819751578125 0.8603803859375001 0.3071554875 0.9107046578125001 0.3151016734375
1 0.907183375 0.37691391875 0.91013115 0.35600360000000003 0.856253753125 0.347496378125 0.853305978125 0.3684066953125 0.907183375 0.37691391875
1 0.8130094703124999 0.110929090625 0.81620341875 0.08827253125 0.7750171875 0.08176923750000001 0.7718232390625 0.1044257984375 0.8130094703124999 0.110929090625
1 0.813023075 0.1660287328125 0.8157965546874999 0.14635480781250002 0.762930046875 0.1380072046875 0.7601565671875 0.15768113125 0.813023075 0.1660287328125
1 0.814769659375 0.2318064953125 0.8182852484375 0.20686834531249998 0.7663195328125 0.1986629765625 0.76280394375 0.22360112656250003 0.814769659375 0.2318064953125
1 0.6931681890625 0.1419828859375 0.6961465109375 0.1208558828125 0.645531984375 0.11286386718750001 0.6425536609375 0.1339908703125 0.6931681890625 0.1419828859375
1 0.6987855453125 0.0883456921875 0.701990275 0.065612653125 0.65023474375 0.057440471874999996 0.6470300156250001 0.0801735109375 0.6987855453125 0.0883456921875
1 0.6787487671875 0.2028984671875 0.6820586140625 0.1794197703125 0.6341064296875001 0.1718481375 0.6307965828125 0.195326834375 0.6787487671875 0.2028984671875
1 0.66957930625 0.267942871875 0.6731299328125 0.2427561703125 0.6180714984375 0.23406246249999998 0.6145208703125 0.2592491640625 0.66957930625 0.267942871875
1 0.666229178125 0.3285410296875 0.669371015625 0.3062541140625 0.61380213125 0.29747980625000003 0.6106602921875 0.3197667234375 0.666229178125 0.3285410296875
1 0.7898478156250001 0.353432003125 0.792728209375 0.332999671875 0.7549749968749999 0.327038453125 0.752094603125 0.347470784375 0.7898478156250001 0.353432003125
1 0.8032338812500001 0.29070169687499997 0.8062831812500001 0.269071215625 0.765607396875 0.262648521875 0.762558096875 0.2842790046875 0.8032338812500001 0.29070169687499997
1 0.7897175187500001 0.41412486875 0.79212713125 0.3970320703125 0.7440948765625001 0.3894477953125 0.7416852656249999 0.40654059218749994 0.7897175187500001 0.41412486875
1 0.6533979203125 0.3826907109375 0.6563088609375 0.36204169375 0.6073457859375 0.35431044218749996 0.604434846875 0.3749594578125 0.6533979203125 0.3826907109375
1 0.6490281265625 0.4505582421875 0.6526919578125 0.42456852187500005 0.5915381609375 0.41491235781249997 0.5878743296875 0.440902078125 0.6490281265625 0.4505582421875
1 0.6373586796875 0.5102564875 0.6407619640625 0.48611498124999997 0.5761851546875 0.47591832500000003 0.5727818703125 0.50005983125 0.6373586796875 0.5102564875
1 0.6160589765625 0.5601730765624999 0.6197479640625 0.534004909375 0.5716656671875 0.52641273125 0.567976678125 0.5525808984375 0.6160589765625 0.5601730765624999
1 0.6068087656250001 0.6165365015625001 0.6101428703125 0.5928857296875 0.564853028125 0.585734478125 0.5615189234375 0.6093852515625 0.6068087656250001 0.6165365015625001
1 0.5930242421874999 0.6820933015625 0.5972343234374999 0.652228703125 0.5381123125 0.642893359375 0.5339022328125 0.6727579546875 0.5930242421874999 0.6820933015625
1 0.579368384375 0.746846265625 0.582144559375 0.7271532203125 0.5274564500000001 0.7185179875000001 0.5246802765624999 0.73821103125 0.579368384375 0.746846265625
1 0.5554648640625001 0.8335231390625 0.5592338109375 0.8067877625 0.5093699453125 0.798914275 0.5056009968749999 0.8256496515625 0.5554648640625001 0.8335231390625
1 0.5304241515625 0.9861120390625 0.5332928640625 0.965762559375 0.4759424109375 0.9567069421875001 0.47307369687499995 0.9770564234375 0.5304241515625 0.9861120390625
1 0.541331209375 0.9159996890625001 0.5445018 0.893508828125 0.48695117187500003 0.8844216046875 0.4837805828125 0.9069124640625 0.541331209375 0.9159996890625001
1 0.3834823859375 0.9687344093749999 0.38636906875 0.9482574687499999 0.3351440046875 0.9401690484375 0.33225732343750003 0.960645990625 0.3834823859375 0.9687344093749999
1 0.3964601359375 0.89830403125 0.40020213125000004 0.8717598484375 0.348376540625 0.86357660625 0.34463454375 0.890120790625 0.3964601359375 0.89830403125
1 0.406970428125 0.8146396890625001 0.4101077734375 0.7923846375 0.355910096875 0.78382684375 0.35277275 0.8060818953125001 0.406970428125 0.8146396890625001
1 0.4167772 0.733352996875 0.42100435156250005 0.703367309375 0.3710203796875 0.6954748578125 0.36679322812500004 0.7254605453125 0.4167772 0.733352996875
1 0.43203242968750005 0.654496734375 0.4362281375 0.62473410625 0.393220303125 0.617943184375 0.389024596875 0.6477058109375 0.43203242968750005 0.654496734375
1 0.4470256390625 0.58932949375 0.45069665625 0.5632887890625 0.3942269796875 0.5543722453125 0.3905559625 0.5804129515625001 0.4470256390625 0.58932949375
1 0.46681099687499994 0.5312482703125 0.47007322656249995 0.5081073515625001 0.41069098593750003 0.49873091562500005 0.40742875781250004 0.5218718359375 0.46681099687499994 0.5312482703125
1 0.47730989218750003 0.46853116406249995 0.4803996234375 0.44661388906250005 0.430425659375 0.4387230171875 0.4273359296875 0.46064029218749997 0.47730989218750003 0.46853116406249995
1 0.4790512484375 0.4091839515625 0.4824742984375 0.3849022359375 0.4318497640625 0.37690863750000003 0.42842671406250005 0.4011903546875 0.4790512484375 0.4091839515625
1 0.4796134703125 0.3522858734375 0.4836169109375 0.323887103125 0.438337078125 0.3167374328125 0.4343336375 0.345136203125 0.4796134703125 0.3522858734375
1 0.4928356 0.2878878984375 0.49575193124999994 0.26720064374999997 0.4490108109375 0.2598202375 0.44609448125 0.28050749218750004 0.4928356 0.2878878984375
1 0.501281178125 0.233821009375 0.5048219234375 0.2087044125 0.458571234375 0.20140144375000002 0.4550304890625 0.2265180421875 0.501281178125 0.233821009375
1 0.511784628125 0.171107878125 0.515818615625 0.1424924203125 0.4672959296875 0.1348307046875 0.4632619421875 0.1634461625 0.511784628125 0.171107878125
1 0.5241905890624999 0.10658429062500001 0.5277870375 0.08107255468749999 0.47797321562499995 0.0732069703125 0.4743767671875 0.0987187046875 0.5241905890624999 0.10658429062500001
1 0.527256825 0.0495603953125 0.5313204609375 0.020734621875 0.48637091874999994 0.01363710625 0.4823072828125 0.042462878125 0.527256825 0.0495603953125
1 0.2966555859375 0 0.2965893796875 0.0004696375 0.34338054375 0.0078579453125 0.3444882953125 0 0.2966555859375 0
1 0.1924152015625 0.044170459375 0.19685797968750002 0.012655217187500001 0.1461333578125 0.004645815625 0.1416905796875 0.0361610609375 0.1924152015625 0.044170459375
1 0.186494496875 0.1097213265625 0.1914332140625 0.074688103125 0.1446020140625 0.0672934734375 0.1396633 0.102326696875 0.186494496875 0.1097213265625
1 0.1850442359375 0.1670036390625 0.1890099421875 0.138872540625 0.136343609375 0.130556546875 0.132377903125 0.1586876453125 0.1850442359375 0.1670036390625
1 0.18234597187499998 0.22145357031250001 0.18637097656249998 0.19290184375 0.13986005937499998 0.1855577859375 0.13583505625 0.21410951250000002 0.18234597187499998 0.22145357031250001
1 0.1677996109375 0.2893299484375 0.1721893796875 0.25819072187500003 0.124707609375 0.250693365625 0.12031784062499999 0.2818325921875 0.1677996109375 0.2893299484375
1 0.1652414421875 0.342749825 0.168406640625 0.3202972046875 0.1232268953125 0.3131633390625 0.12006169687499998 0.33561595781250003 0.1652414421875 0.342749825
1 0.15157747187499998 0.4044394515625 0.155515328125 0.37650591875 0.10806358281249999 0.36901330468750004 0.10412572812500001 0.3969468375 0.15157747187499998 0.4044394515625
1 0.136744571875 0.47438470781250003 0.14093129375 0.4446858140625 0.091217559375 0.43683603125000003 0.0870308375 0.4665349265625 0.136744571875 0.47438470781250003
1 0.1312559515625 0.5368342453125 0.135677165625 0.5054719578125 0.0768754375 0.496187184375 0.072454221875 0.5275494734375 0.1312559515625 0.5368342453125
1 0.1127333515625 0.6035583171875001 0.1159335890625 0.5808571453125 0.07188483906250001 0.5739018625 0.0686846015625 0.596603034375 0.1127333515625 0.6035583171875001
1 0.2724247328125 0.628767015625 0.275508171875 0.6068943546875001 0.2274559 0.5993069171875 0.224372459375 0.6211795796875 0.2724247328125 0.628767015625
1 0.28387353437499996 0.5651542390625 0.288177953125 0.5346204593749999 0.24093639375000003 0.5271610359375 0.2366319765625 0.5576948140625 0.28387353437499996 0.5651542390625
1 0.29607208281249997 0.5021745328125 0.30027318125 0.47237366718749996 0.250439340625 0.464504921875 0.24623824375 0.4943057875 0.29607208281249997 0.5021745328125
1 0.2881471953125 0.44077656249999997 0.292608840625 0.4091274828125 0.25055184375 0.40248669843749996 0.2460901984375 0.4341357765625 0.2881471953125 0.44077656249999997
1 0.3066956609375 0.385663078125 0.31182574375 0.34927237031249997 0.26053061718750004 0.3411728875 0.255400534375 0.37756359375000004 0.3066956609375 0.385663078125
1 0.31997990781249996 0.314945571875 0.32385666875 0.2874454140625 0.277105540625 0.2800634265625 0.27322877968750003 0.3075635859375 0.31997990781249996 0.314945571875
1 0.3416054625 0.25556850937500003 0.3451462078125 0.23045191250000002 0.305531359375 0.224196740625 0.3019906140625 0.24931333906250003 0.3416054625 0.25556850937500003
1 0.3332493890625 0.19726549375 0.3371378296875 0.16968248749999998 0.2942801265625 0.1629152703125 0.29039168593750003 0.190498278125 0.3332493890625 0.19726549375
1 0.3408790546875 0.13726489375 0.344766596875 0.109688259375 0.2923404765625 0.1014101921875 0.2884529359375 0.128986828125 0.3408790546875 0.13726489375
1 0.32507106406249997 0.0672276390625 0.32864055937500003 0.0419071015625 0.29160798125 0.0360596703125 0.288038484375 0.0613802078125 0.32507106406249997 0.0672276390625
1 0.2540401 0.7085201062500001 0.258370571875 0.6778015046875 0.20157060468750002 0.668832809375 0.1972401328125 0.6995514109375 0.2540401 0.7085201062500001
1 0.099923871875 0.6726862031249999 0.1028491859375 0.6519352140625 0.0488616921875 0.6434106093749999 0.045936378124999996 0.6641615953125 0.099923871875 0.6726862031249999
1 0.02595241875 0.743180040625 0.084383165625 0.7524062359375 0.088064965625 0.72628905 0.025014915625000002 0.7163334703124999 0.02595241875 0.743180040625
1 0.241167421875 0.7815437640625 0.24527238593749998 0.7524248234375001 0.2004229328125 0.745343109375 0.1963179671875 0.77446205 0.241167421875 0.7815437640625
1 0.23238611874999998 0.8743903968750001 0.2357687390625 0.850395475 0.1806502484375 0.8416922843749999 0.17726762812500002 0.8656872078125 0.23238611874999998 0.8743903968750001
1 0.029261359375 0.8379357203125 0.0629757546875 0.8432592109374999 0.065935209375 0.82226604375 0.0285077890625 0.8163562671875001 0.029261359375 0.8379357203125
1 0.1565928 0.920751603125 0.154047975 0.938803559375 0.2015998046875 0.946311978125 0.2041446328125 0.9282600203125 0.1565928 0.920751603125