1 0.9022495515625 0 0.904315709375 0.0352369703125 0.9263263937499999 0.032552496874999996 0.92441764375 0 0.9022495515625 0
1 0.8287327234375 0 0.83108598125 0.040133270312500004 0.8509152546875001 0.037714846875 0.8487038046875 0 0.8287327234375 0
1 0.7487398234375 0 0.751044571875 0.0393060046875 0.7751225234375 0.036369403125 0.772989965625 0 0.7487398234375 0
1 0.7017309265625 0.0000562625 0.673810140625 0.0034615437499999997 0.6762692203125 0.0453995515625 0.70419000625 0.0419942703125 0.7017309265625 0.0000562625
1 0.6321085140625 0.0003583796875 0.610947565625 0.002939215625 0.6138544875 0.0525148765625 0.6350154359375 0.049934039062500005 0.6321085140625 0.0003583796875
1 0.637890628125 0.1155788890625 0.618663775 0.1179238390625 0.6213085875 0.163029403125 0.6405354390625 0.1606844515625 0.637890628125 0.1155788890625
1 0.7086386203124999 0.1151394921875 0.6876298625 0.1177017671875 0.6904436265625 0.16568871875 0.7114523859374999 0.16312644375000002 0.7086386203124999 0.1151394921875
1 0.7812101625000001 0.1056623890625 0.76155844375 0.10805915625 0.76452611875 0.1586709328125 0.7841778374999999 0.1562741640625 0.7812101625000001 0.1056623890625
1 0.8600012234375001 0.096057821875 0.8416177687499999 0.0982999109375 0.84496674375 0.15541454375 0.8633502015625 0.15317245625 0.8600012234375001 0.096057821875
1 0.9387232031250001 0.0990535515625 0.9156662015625001 0.101865634375 0.9188687906249999 0.15648372500000002 0.94192579375 0.153671640625 0.9387232031250001 0.0990535515625
1 0.95063925 0.23180255 0.9318436078125 0.2340949078125 0.934395265625 0.2776117609375 0.9531909078125 0.2753194015625 0.95063925 0.23180255
1 0.8700809609375 0.23343346406249998 0.8474361437500001 0.2361952765625 0.8507880140624999 0.2933592515625 0.87343283125 0.2905974375 0.8700809609375 0.23343346406249998
1 0.7883672671874999 0.234584146875 0.7697555234375 0.236854078125 0.773180296875 0.2952613890625 0.7917920406250001 0.292991459375 0.7883672671874999 0.234584146875
1 0.707999375 0.24501708125000002 0.6858682046875 0.24771625 0.6888746453125 0.298989165625 0.711005815625 0.2962899984375 0.707999375 0.24501708125000002
1 0.641405128125 0.24179445624999998 0.6199271140625 0.2444139625 0.62303596875 0.297433475 0.6445139828124999 0.29481396875 0.641405128125 0.24179445624999998
1 0.5834450015625 0.2476012359375 0.56069238125 0.250376196875 0.5634934171875 0.29814605625 0.5862460375 0.2953710953125 0.5834450015625 0.2476012359375
1 0.5700116640624999 0.11239369218749999 0.552078440625 0.1145808671875 0.5545687640625 0.1570517359375 0.5725019875 0.15486455937500002 0.5700116640624999 0.11239369218749999
1 0.5661027296875 0.0153405828125 0.5459880953125 0.017793809375 0.5489904859375 0.0689976515625 0.5691051203125 0.06654442656250001 0.5661027296875 0.0153405828125
1 0.5059895375 0.024565378125000002 0.4833891078125 0.027321775 0.48592919375 0.0706412734375 0.508529621875 0.0678848734375 0.5059895375 0.024565378125000002
1 0.5156993937500001 0.12796720781249998 0.49591450937500003 0.13038021718749998 0.4989701328125 0.18249189375 0.5187550171875001 0.180078884375 0.5156993937500001 0.12796720781249998
1 0.52314458125 0.2480236234375 0.50231338125 0.2505642421875 0.5051068953125 0.2982058203125 0.525938096875 0.2956652015625 0.52314458125 0.2480236234375
1 0.45507763749999997 0.0194350671875 0.434056196875 0.021998890625 0.43726399374999997 0.0767057890625 0.45828543593750004 0.074141965625 0.45507763749999997 0.0194350671875
1 0.40052066562500005 0.041836250000000005 0.381921603125 0.0441046328125 0.3850050015625 0.0966899625 0.4036040625 0.0944215796875 0.40052066562500005 0.041836250000000005
1 0.4078876796875 0.1467810203125 0.3848623828125 0.1495892375 0.3873312984375 0.19169499843749999 0.4103565953125 0.18888678125 0.4078876796875 0.1467810203125
1 0.4610613640625 0.13526207031249998 0.4373068203125 0.138159228125 0.4406268671875 0.1947804734375 0.46438141093749996 0.191883315625 0.4610613640625 0.13526207031249998
1 0.46722381874999996 0.24035872343750003 0.43896694375 0.24380499375000003 0.4423766734375 0.30195574375 0.47063354999999996 0.298509471875 0.46722381874999996 0.24035872343750003
1 0.404364471875 0.24550085312499997 0.3886570484375 0.24741656562499997 0.39165596874999997 0.2985612015625 0.40736339062500004 0.2966454890625 0.404364471875 0.24550085312499997
1 0.349269171875 0.15519243437500002 0.33541975 0.15688154062499998 0.3377856734375 0.19723084062500001 0.3516350953125 0.1955417328125 0.349269171875 0.15519243437500002
1 0.345521684375 0.063670196875 0.325565584375 0.0661040859375 0.3276803921875 0.102170775 0.34763649375 0.099736884375 0.345521684375 0.063670196875
1 0.285547903125 0.0697175953125 0.26568058125 0.0721406578125 0.26816280312499996 0.1144733796875 0.288030125 0.11205031562500001 0.285547903125 0.0697175953125
1 0.2237467265625 0.0722113015625 0.2057120421875 0.0744108515625 0.20848762031249998 0.1217465296875 0.2265223046875 0.11954697968750001 0.2237467265625 0.0722113015625
1 0.165821365625 0.0855818828125 0.1436965375 0.088280278125 0.1464865796875 0.1358626484375 0.16861140937500002 0.13316425468749998 0.165821365625 0.0855818828125
1 0.106359575 0.086528103125 0.0847801 0.089159984375 0.087467728125 0.1349957625 0.1090472046875 0.13236388125 0.106359575 0.086528103125
1 0.052376429687500003 0.08429670624999999 0.0299218515625 0.08703531875000001 0.032770332812500004 0.13561433437499998 0.0552249125 0.1328757234375 0.052376429687500003 0.08429670624999999
1 0.050941592187499996 0.1978830140625 0.032348871875000004 0.20015062343749998 0.034612382812499995 0.238753328125 0.0532051015625 0.23648571718750003 0.050941592187499996 0.1978830140625
1 0.108718628125 0.1958701625 0.0905190703125 0.1980898203125 0.0932229 0.24420189531249997 0.1114224578125 0.24198223593749998 0.108718628125 0.1958701625
1 0.1662792515625 0.19011210625 0.14010866875 0.19330392968750001 0.1426805765625 0.237166153125 0.16885116093750002 0.2339743296875 0.1662792515625 0.19011210625
1 0.23059763437499997 0.16840868281250002 0.2055431203125 0.1714643890625 0.20845235624999997 0.2210795203125 0.2335068703125 0.218023815625 0.23059763437499997 0.16840868281250002
1 0.2910093484375 0.1559970296875 0.2702035109375 0.15853455624999999 0.273318153125 0.21165274531249997 0.294123990625 0.2091152171875 0.2910093484375 0.1559970296875
1 0.05403600468750001 0.3127952671875 0.03149265 0.3155447046875 0.033873617187499996 0.3561505671875 0.0564169734375 0.353401128125 0.05403600468750001 0.3127952671875
1 0.107224428125 0.2987501828125 0.0876488078125 0.30113766875 0.090705009375 0.3532592140625 0.11028063125000001 0.350871728125 0.107224428125 0.2987501828125
1 0.170356796875 0.2803468296875 0.1455432515625 0.2833731453125 0.1485473796875 0.3346065921875 0.173360925 0.3315802765625 0.170356796875 0.2803468296875
1 0.109209771875 0.41822026250000005 0.088188328125 0.42078408281249996 0.0911143453125 0.4706853796875 0.1121357859375 0.46812155781250003 0.109209771875 0.41822026250000005
1 0.056249285937500004 0.42656772500000006 0.033629835937500005 0.42932644375000006 0.0366218109375 0.48035266718749997 0.0592412625 0.477593946875 0.056249285937500004 0.42656772500000006
1 0.171047109375 0.416343290625 0.1476857265625 0.41919249843750006 0.15045783125 0.46646896875 0.173819215625 0.46361976250000003 0.171047109375 0.416343290625
1 0.2357665140625 0.408449965625 0.210705659375 0.41150644375 0.2138885765625 0.46578903125000004 0.23894943125 0.46273255156250004 0.2357665140625 0.408449965625
1 0.2949702078125 0.3961856453125 0.27279464999999997 0.3988902265625 0.276007075 0.45367606875 0.298182634375 0.4509714859375 0.2949702078125 0.3961856453125
1 0.293009425 0.2729409734375 0.2726791875 0.2754204953125 0.27486169375 0.3126417125 0.29519193125 0.310162190625 0.293009425 0.2729409734375
1 0.2296374703125 0.2762573390625 0.2081150671875 0.2788822609375 0.21046652500000002 0.318984865625 0.2319889296875 0.31635994375 0.2296374703125 0.2762573390625
1 0.3516276078125 0.2576075484375 0.334620215625 0.259681809375 0.3373969484375 0.30703722187500004 0.3544043421875 0.3049629625 0.3516276078125 0.2576075484375
1 0.34994208125 0.394529825 0.329396240625 0.3970356421875 0.3322267859375 0.4453087578125 0.3527726265625 0.44280294062500003 0.34994208125 0.394529825
1 0.4163777515625 0.3813785078125 0.39051788906249996 0.3845324328125 0.39405317968750003 0.444824490625 0.4199130390625 0.4416705625 0.4163777515625 0.3813785078125
1 0.4764617578125 0.3772109171875 0.452440878125 0.3801405578125 0.4561740484375 0.44380738906249995 0.4801949296875 0.44087774843750005 0.4764617578125 0.3772109171875
1 0.529127565625 0.3846417140625 0.5030901484375 0.387817296875 0.5058697765625 0.43522204843749995 0.5319071921875 0.43204646718750006 0.529127565625 0.3846417140625
1 0.58548363125 0.379035540625 0.5619510296875 0.38190562968749997 0.564569228125 0.42655727343749994 0.588101828125 0.423687184375 0.58548363125 0.379035540625
1 0.6516679578125 0.3753761703125 0.62195258125 0.3790003265625 0.6253704124999999 0.4372892234375 0.6550857890625 0.43366507031249996 0.6516679578125 0.3753761703125
1 0.7170492390625001 0.371799834375 0.6974545937500001 0.3741896421875 0.7006161015625 0.42810712031250003 0.7202107484375 0.4257173140625 0.7170492390625001 0.371799834375
1 0.8057495796874999 0.3723313203125 0.7791477859375 0.375575734375 0.78203040625 0.4247369484375 0.8086321999999999 0.421492534375 0.8057495796874999 0.3723313203125
1 0.9583181859375 0.357152434375 0.9380703828125 0.3596219015625 0.941385803125 0.41616420468750004 0.9616336046875 0.4136947375 0.9583181859375 0.357152434375
1 0.8883410453125 0.364693171875 0.8659625640625 0.3674225 0.8692895546875 0.42416215937499996 0.8916680359375 0.42143283125000003 0.8883410453125 0.364693171875
1 0.9735110406249999 0.55127350625 0.9743518390625001 0.5332212203125 0.9724355578124999 0.5005402765625 0.952060928125 0.5030252125 0.9550222390625001 0.55352844375 0.9735110406249999 0.55127350625
1 0.9017160640625 0.5062037609375001 0.875304509375 0.5094249750000001 0.8783005359375 0.560520271875 0.9047120906250001 0.557299059375 0.9017160640625 0.5062037609375001
1 0.8187397171875 0.5175710062500001 0.796595865625 0.5202717203125 0.799729021875 0.573705678125 0.8218728734375 0.5710049640625 0.8187397171875 0.5175710062500001
1 0.7382065828125 0.52899805 0.7083707203125 0.5326369 0.711260284375 0.5819165265625 0.7410961453125 0.5782776765625 0.7382065828125 0.52899805
1 0.6588742109375 0.5346535484375 0.6292602953124999 0.5382653281249999 0.63174656875 0.5806671234375 0.6613604859375 0.57705534375 0.6588742109375 0.5346535484375
1 0.5928118375 0.537070659375 0.5669012453125 0.540230775 0.5701657453125 0.5959047140625 0.5960763390625 0.5927446 0.5928118375 0.537070659375
1 0.5325825531249999 0.53315125625 0.5095572578125 0.5359594734375001 0.5129901328125 0.594504934375 0.5360154296874999 0.59169671875 0.5325825531249999 0.53315125625
1 0.46983033750000003 0.5391946484375 0.448022575 0.541854371875 0.45091156093749996 0.59112413125 0.472719321875 0.5884644078125 0.46983033750000003 0.5391946484375
1 0.41217249375 0.5526618 0.3880121015625 0.55560845625 0.390938696875 0.605519621875 0.4150990859375 0.6025729671875 0.41217249375 0.5526618
1 0.35712686250000003 0.5666203375000001 0.32886998749999996 0.5700666109375 0.3314876046875 0.6147083859375 0.3597444796875 0.6112621140625001 0.35712686250000003 0.5666203375000001
1 0.2921794625 0.57051644375 0.27159557031250003 0.5730269 0.274297665625 0.6191093703125 0.29488155625 0.6165989140625 0.2921794625 0.57051644375
1 0.238209559375 0.5762986984375 0.21321845781249998 0.5793466703125 0.2158922 0.62494561875 0.24088330156249999 0.62189765 0.238209559375 0.5762986984375
1 0.1754602265625 0.5823367671875 0.146987746875 0.5858093359375001 0.1497928328125 0.6336482703125 0.1782653125 0.630175703125 0.1754602265625 0.5823367671875
1 0.11056315312500001 0.5870367109375 0.0851788921875 0.5901326328125001 0.08805861875 0.6392445078125 0.11344288124999999 0.6361485859375 0.11056315312500001 0.5870367109375
1 0.054869615625 0.5986592515625 0.0261878734375 0.602157340625 0.028786396875 0.6464734828124999 0.057468140625 0.6429753921875 0.054869615625 0.5986592515625
1 0.0532697859375 0.7831707328124999 0.0311639796875 0.7858668062499999 0.0338689671875 0.831998615625 0.0559747734375 0.8293025406250001 0.0532697859375 0.7831707328124999
1 0.053812848437500005 0.924770496875 0.029145153125 0.9277790234375001 0.0318900640625 0.9745917093750001 0.056557759375 0.9715831828124999 0.053812848437500005 0.924770496875
1 0.120063678125 0.9166903953125001 0.0887059015625 0.9205148609375 0.0916382828125 0.9705247015625 0.1229960578125 0.9667002359374999 0.120063678125 0.9166903953125001
1 0.1845889859375 0.905595753125 0.14973080625 0.9098471343750001 0.1524381078125 0.9560184171874999 0.1872962859375 0.951767034375 0.1845889859375 0.905595753125
1 0.2401922484375 0.8923791828125 0.21220170624999998 0.895792971875 0.2152463359375 0.9477171609375 0.243236878125 0.9443033703125 0.2401922484375 0.8923791828125
1 0.29332360468749996 0.8810641609375001 0.2649145375 0.8845289953125001 0.267603325 0.9303845078125 0.29601239218750003 0.9269196718750001 0.29332360468749996 0.8810641609375001
1 0.3619073421875 0.8775345343750001 0.3309237046875 0.8813133687500001 0.33366861718749996 0.9281260546875 0.364652253125 0.9243472203125 0.3619073421875 0.8775345343750001
1 0.4140148703125 0.8663493531249999 0.3916744359375 0.869074040625 0.3942862671875 0.913617140625 0.4166267 0.9108924500000001 0.4140148703125 0.8663493531249999
1 0.47644061562499995 0.863560828125 0.44864665625000005 0.8669506437500001 0.45138983125000004 0.9137337249999999 0.47918379062499994 0.9103439109375 0.47644061562499995 0.863560828125
1 0.54708181875 0.8597752984374999 0.5175313171875 0.8633793453124999 0.52040525625 0.91239254375 0.549955759375 0.908788496875 0.54708181875 0.8597752984374999
1 0.60852236875 0.84906185 0.577316784375 0.8528677546875001 0.5807161 0.910840884375 0.611921684375 0.90703498125 0.60852236875 0.84906185
1 0.6768296765625 0.8495859921875001 0.65424193125 0.8523408453125001 0.6567883796875 0.8957688875 0.679376125 0.893014034375 0.6768296765625 0.8495859921875001
1 0.6675916609375 0.692146546875 0.6458282859375 0.6948008578125 0.648606178125 0.7421760046875 0.670369553125 0.7395216953125 0.6675916609375 0.692146546875
1 0.6037750890625 0.6975197140625 0.573393875 0.701225075 0.5761249 0.7478009343750001 0.6065061125 0.744095571875 0.6037750890625 0.6975197140625
1 0.540412034375 0.7020226265625 0.5107600718749999 0.7056390453125 0.5136409546875 0.7547706562500001 0.5432929171875001 0.7511542359375001 0.540412034375 0.7020226265625
1 0.482806696875 0.725153375 0.451315753125 0.72899408125 0.45374705937500004 0.7704584359375 0.485238003125 0.7666177296875001 0.482806696875 0.725153375
1 0.4257024078125 0.7216479062500001 0.389493528125 0.726064021875 0.3924588890625 0.776636328125 0.42866776875 0.7722202109375 0.4257024078125 0.7216479062500001
1 0.3546412921875 0.7270946578124999 0.3272785421875 0.73043188125 0.329981215625 0.776524221875 0.35734396562500004 0.773187 0.3546412921875 0.7270946578124999
1 0.29277416562499997 0.7217650015625 0.267783065625 0.7248129718749999 0.27007319218750003 0.76386959375 0.2950642921875 0.760821621875 0.29277416562499997 0.7217650015625
1 0.23824724531250002 0.7445153312499999 0.21080205625 0.7478626078125 0.213279653125 0.7901163859375 0.2407248390625 0.786769109375 0.23824724531250002 0.7445153312499999
1 0.1787206796875 0.7525803296875 0.15128183281250002 0.7559268343750001 0.154312575 0.8076141953124999 0.18175142187499999 0.8042676921874999 0.1787206796875 0.7525803296875
1 0.1144326265625 0.7853662671875 0.08923860312500001 0.7884389859375001 0.0913794484375 0.8249497234375 0.11657347343749999 0.8218770031249999 0.1144326265625 0.7853662671875
1 0.7484477218750001 0.6892221171874999 0.7178826109374999 0.6929499046875 0.7211662046875 0.7489494828125001 0.7517313171875 0.74522169375 0.7484477218750001 0.6892221171874999
1 0.7462564109375001 0.844095084375 0.7256091062500001 0.8466132749999999 0.7287301125 0.8998400078125 0.7493774171875 0.8973218171875 0.7462564109375001 0.844095084375
1 0.8264826515625 0.8384895796875 0.8004959671874999 0.841658975 0.8041915296875001 0.9046844015625 0.8301782140625 0.9015150078125 0.8264826515625 0.8384895796875
1 0.8216485890625 0.6827988328125 0.7926751453125 0.6863325 0.7952678843750001 0.7305499640625001 0.8242413265625 0.727016296875 0.8216485890625 0.6827988328125
1 0.913125696875 0.6674580406249999 0.8892506656249999 0.6703698921875 0.892437053125 0.7247116859375 0.9163120843750001 0.7217998328124999 0.913125696875 0.6674580406249999
1 0.9186896734375001 0.8355969734375 0.8978013984375 0.8381445546874999 0.9015554 0.9021666265625001 0.922443675 0.8996190453124999 0.9186896734375001 0.8355969734375