1 0.8700782125 1 0.8731481125 0.9819772203125 0.8112609078125 0.9714356984375 0.8077925546875001 0.9917977171875 0.8559465609375 1 0.8700782125 1
1 0.884119903125 0.9253631984374999 0.8883313953125 0.90063835625 0.83602731875 0.8917291734375 0.831815828125 0.9164540156250001 0.884119903125 0.9253631984374999
1 0.89067360625 0.85171415 0.8955572500000001 0.82304323125 0.8521831390625 0.815655128125 0.8472994937499999 0.8443260468749999 0.89067360625 0.85171415
1 0.9111773937500001 0.7821432359375 0.9148786703124999 0.760413765625 0.863605365625 0.7516801578125001 0.8599040890625 0.773409628125 0.9111773937500001 0.7821432359375
1 0.7923024609375 0.7608729015625 0.7956654453125 0.74112949375 0.7490153109375 0.7331833703124999 0.745652328125 0.752926778125 0.7923024609375 0.7608729015625
1 0.7716018 0.8315996390624999 0.7752764562500001 0.81002645 0.725646265625 0.801572721875 0.7219716078125 0.8231459093750001 0.7716018 0.8315996390624999
1 0.7595448421875 0.9062678703125 0.7629821375 0.8860881812500001 0.7106372375000001 0.8771720406249999 0.7071999421874999 0.8973517328125 0.7595448421875 0.9062678703125
1 0.7457583890625 0.9871746015625 0.7489738515625 0.968297246875 0.6899034140625 0.9582355187499999 0.6866879515625001 0.9771128734375001 0.7457583890625 0.9871746015625
1 0.603073359375 0.964994521875 0.6070341796875 0.9417413203124999 0.5479127140625 0.9316709 0.54395189375 0.9549241015625001 0.603073359375 0.964994521875
1 0.6263286234375001 0.8831544250000001 0.6295840140625 0.86404265 0.5691766328125001 0.85375319375 0.565921240625 0.8728649687500001 0.6263286234375001 0.8831544250000001
1 0.6397441921875 0.8004792171874999 0.643615171875 0.777753459375 0.590586490625 0.76872085 0.5867155125 0.7914466078125 0.6397441921875 0.8004792171874999
1 0.6629264890625 0.7347584015625 0.666683225 0.7127033484374999 0.611848140625 0.7033630468750001 0.60809140625 0.7254181 0.6629264890625 0.7347584015625
1 0.6743476046875 0.675537321875 0.67832728125 0.6521734218749999 0.6289216140625 0.6437579359375001 0.6249419375 0.6671218375 0.6743476046875 0.675537321875
1 0.8158307234375 0.6938608453125 0.8189674359374999 0.6754458171875 0.7750422171875 0.6679638421874999 0.7719055046875 0.6863788671875 0.8158307234375 0.6938608453125
1 0.9156746453125001 0.71273716875 0.9191929078125 0.692082125 0.8662356687500001 0.6830616843749999 0.8627174046875 0.7037167281250001 0.9156746453125001 0.71273716875
1 0.9242641828125 0.6505646015625 0.9282172390625 0.6273569796875 0.88341433125 0.619725503125 0.8794612765625001 0.6429331234375 0.9242641828125 0.6505646015625
1 0.8162314453124999 0.6359889546875 0.8196920328124999 0.6156725187500001 0.7657958734375 0.6064921484375 0.762335284375 0.6268085828125 0.8162314453124999 0.6359889546875
1 0.691942659375 0.6152437859375001 0.6955862578125 0.593852921875 0.646313265625 0.5854600359375 0.6426696671875 0.6068509 0.691942659375 0.6152437859375001
1 0.94469841875 0.6009462953125 0.9483752921875 0.5793600828125001 0.8917950390625 0.56972251875 0.8881181640625 0.59130873125 0.94469841875 0.6009462953125
1 0.9382304843749999 0.5412276796875 0.941483659375 0.5221289265625 0.887097625 0.5128651140625 0.8838444515624999 0.5319638656250001 0.9382304843749999 0.5412276796875
1 0.8293293203125 0.523951178125 0.8333566906250001 0.500307275 0.7898090828125001 0.4928896171875 0.7857817125000001 0.5165335203125 0.8293293203125 0.523951178125
1 0.8251465874999999 0.5797348796875 0.8293015125000001 0.5553421328125 0.7707413562500001 0.5453673234374999 0.7665864328125 0.5697600703125001 0.8251465874999999 0.5797348796875
1 0.7164510625 0.561220290625 0.7213934937500001 0.532204253125 0.6612514578125 0.52195999375 0.656309028125 0.55097603125 0.7164510625 0.561220290625
1 0.73001236875 0.49726459843750004 0.732759765625 0.481135171875 0.6798637609375 0.4721251609375 0.6771163640625 0.4882545875 0.73001236875 0.49726459843750004
1 0.8382990578125 0.46346156718750003 0.84072146875 0.44924006250000004 0.7989904703125 0.4421318375 0.796568059375 0.45635334062500005 0.8382990578125 0.46346156718750003
1 0.93247139375 0.4812009609375 0.935961928125 0.46070870781249995 0.8986601921874999 0.45435494062500004 0.8951696546875001 0.47484719062499997 0.93247139375 0.4812009609375
1 0.94424976875 0.41991329374999997 0.9477247765625 0.39951220468750004 0.9039424359374999 0.39205456562499996 0.9004674296875 0.412455653125 0.94424976875 0.41991329374999997
1 0.9601874734375 0.357635496875 0.9633419312499999 0.339116284375 0.9143853171874999 0.3307772875 0.9112308578125001 0.3492965 0.9601874734375 0.357635496875
1 0.9639079531249999 0.296673896875 0.9677778234375 0.2739546515625 0.9185660656250001 0.2655721953125 0.914696196875 0.28829144218749997 0.9639079531249999 0.296673896875
1 0.9807197421874999 0.23709457031249997 0.9844942234375 0.2149353296875 0.9370888703125001 0.206860565625 0.9333143875 0.2290198046875 0.9807197421874999 0.23709457031249997
1 0.9982752749999999 0.159858515625 0.9528096515625 0.1521141546875 0.9488821046875 0.1751720078125 0.997999734375 0.1835384296875 0.9982752749999999 0.159858515625
1 0.88406845625 0.15563899375 0.887320521875 0.1365467546875 0.847395928125 0.129746221875 0.8441438625 0.1488384609375 0.88406845625 0.15563899375
1 0.868844721875 0.2137868671875 0.8720280203125 0.1950983515625 0.8243369062499999 0.1869749140625 0.821153609375 0.2056634296875 0.868844721875 0.2137868671875
1 0.8574934843750001 0.2725977125 0.862071 0.24572401562500001 0.81670678125 0.237996928125 0.8121292656250001 0.2648706234375 0.8574934843750001 0.2725977125
1 0.86033419375 0.34189681250000004 0.864716496875 0.3161691734375 0.8134023703125 0.3074286109375 0.8090200671875 0.33315625 0.86033419375 0.34189681250000004
1 0.85489555625 0.4051153328125 0.8585347203125 0.38375051718750003 0.8035975796875 0.37439283125 0.7999584171875 0.3957576484375 0.85489555625 0.4051153328125
1 0.7663103171875 0.1317580328125 0.7702533921875 0.10860901875 0.728257046875 0.1014555953125 0.724313971875 0.1246046109375 0.7663103171875 0.1317580328125
1 0.7646915437499999 0.1881493328125 0.7681155296875 0.16804778125 0.7142091625 0.158865671875 0.7107851765625 0.1789672234375 0.7646915437499999 0.1881493328125
1 0.7645315312500001 0.2554899765625 0.768871684375 0.23000977968749997 0.7158838281250001 0.22098412343749999 0.7115436734375 0.2464643203125 0.7645315312500001 0.2554899765625
1 0.6426309046875 0.162091528125 0.6463077796875 0.1405053140625 0.5946976890625 0.13171433906250002 0.5910208140625001 0.153300553125 0.6426309046875 0.162091528125
1 0.6499744109375001 0.1072650015625 0.6539307953125 0.0840378453125 0.6011572578125 0.075048696875 0.597200875 0.098275853125 0.6499744109375001 0.1072650015625
1 0.6260553437499999 0.22426067343749997 0.6301415 0.20027165156249999 0.5812461203125 0.1919430859375 0.5771599640625 0.2159321078125 0.6260553437499999 0.22426067343749997
1 0.6147352296874999 0.2907188609375 0.619118640625 0.2649847078125 0.56297723125 0.25542189375 0.5585938203125 0.281156046875 0.6147352296874999 0.2907188609375
1 0.6095078875 0.3526969078125 0.6133866296875 0.3299255671875 0.5567247296875 0.320274096875 0.5528459875 0.343045434375 0.6095078875 0.3526969078125
1 0.735398875 0.379665125 0.738954853125 0.358788684375 0.700459053125 0.3522315265625 0.6969030765625 0.3731079640625 0.735398875 0.379665125
1 0.75096969375 0.3156262328125 0.7547341921874999 0.293525596875 0.7132583343750001 0.28646082968750003 0.7094938359375 0.3085614671875 0.75096969375 0.3156262328125
1 0.7334669593750001 0.44177900625 0.7364417328124999 0.4243146859375 0.68746470625 0.4159722125 0.68448993125 0.4334365328125 0.7334669593750001 0.44177900625
1 0.5947596484375001 0.4079607546875 0.5983533359375001 0.3868629171875 0.5484271828125 0.37835877500000004 0.5448334953125 0.3994566125 0.5947596484375001 0.4079607546875
1 0.588272409375 0.4773662390625 0.592795575 0.45081161718749996 0.5304389109375001 0.4401901296875 0.5259157453125 0.46674475156249995 0.588272409375 0.4773662390625
1 0.574549853125 0.5383227453125 0.5787513609375 0.5136565109375 0.51290435625 0.5024405 0.508702846875 0.527106734375 0.574549853125 0.5383227453125
1 0.5512524109375 0.589151953125 0.5558066328125 0.562415 0.5067785781249999 0.5540638343750001 0.5022243546875 0.5808007875000001 0.5512524109375 0.589151953125
1 0.5401068109375 0.6467247078125 0.544222915625 0.62255986875 0.49804224374999995 0.6146937109375 0.4939261390625 0.6388585499999999 0.5401068109375 0.6467247078125
1 0.52404408125 0.713651528125 0.52924161875 0.68313780625 0.4689567046875 0.6728692109375001 0.46375916874999995 0.70338293125 0.52404408125 0.713651528125
1 0.5081369687499999 0.77975723125 0.51156428125 0.75963614375 0.45580048125 0.7501376515625 0.4523731671875 0.7702587375000001 0.5081369687499999 0.77975723125
1 0.48108302500000005 0.8681768859375 0.4857359625 0.840860396875 0.4348913 0.8321998 0.4302383609375 0.8595162890625 0.48108302500000005 0.8681768859375
1 0.46416130000000005 0.952415821875 0.46807553593750006 0.929436109375 0.4093929140625 0.919440440625 0.405478678125 0.9424201515625 0.46416130000000005 0.952415821875
1 0.3162872 0.9325547562500001 0.3209068640625 0.905433615625 0.2680618859375 0.8964322984375 0.263442221875 0.9235534359375001 0.3162872 0.9325547562500001
1 0.3295325390625 0.847056396875 0.3334057359375 0.8243176171875 0.2781420140625 0.8149043031250001 0.27426881875000003 0.8376430828125001 0.3295325390625 0.847056396875
1 0.3419867734375 0.76398291875 0.3472053859375 0.7333454734375 0.29623825312499996 0.7246640171875 0.2910196421875 0.7553014625000001 0.3419867734375 0.76398291875
1 0.35995011250000003 0.683462675 0.36512990312500004 0.6530531390625 0.3212761234375 0.64558333125 0.316096334375 0.6759928671875 0.35995011250000003 0.683462675
1 0.37723941562499996 0.6169491515625001 0.3817714546875 0.5903424328125 0.32419104375 0.5805345078124999 0.319659003125 0.607141225 0.37723941562499996 0.6169491515625001
1 0.399227575 0.5577456421875 0.4032549453125 0.5341017375 0.3427046859375 0.5237879453125001 0.338677315625 0.5474318484375 0.399227575 0.5577456421875
1 0.4118405328125 0.4936853671875 0.41565494375 0.47129170625 0.3646980171875 0.4626119875 0.36088360625 0.4850056484375 0.4118405328125 0.4936853671875
1 0.4153828640625 0.43296814687499996 0.41960877500000004 0.40815865156250003 0.3679884765625 0.3993659390625 0.3637625671875 0.42417543281250003 0.4153828640625 0.43296814687499996
1 0.41764477656250004 0.37474321875 0.42258720624999996 0.345727184375 0.3764167390625 0.3378627640625 0.37147430937500003 0.3668788015625 0.41764477656250004 0.37474321875
1 0.43309707968750005 0.3089955890625 0.4366974234375 0.2878586828125 0.389036928125 0.27974045937500003 0.3854365859375 0.300877365625 0.43309707968750005 0.3089955890625
1 0.4433504046875 0.2537634734375 0.447721615625 0.22810095000000002 0.40056119843750004 0.2200679078125 0.3961899875 0.2457304328125 0.4433504046875 0.2537634734375
1 0.455967909375 0.189707325 0.46094805 0.16046988906249998 0.4114709453125 0.1520422359375 0.4064908046875 0.1812796703125 0.455967909375 0.189707325
1 0.47058789843750004 0.12382127031250001 0.47502787656249995 0.097755025 0.424234240625 0.08910311875 0.41979426093749994 0.11516936562499999 0.47058789843750004 0.12382127031250001
1 0.4754185203125 0.0654978375 0.480435265625 0.0360455171875 0.4346015859375 0.028238464062500003 0.42958484218750004 0.057690784375000005 0.4754185203125 0.0654978375
1 0.2422331359375 0.0028186375 0.24058934375000002 0.012469015625 0.28830086875 0.020595931249999998 0.2912318359375 0.0033887890625 0.2422331359375 0.0028186375
1 0.13258375 0.0559352984375 0.138068559375 0.02373505 0.08634620468750001 0.014924953125000001 0.0808613953125 0.0471252015625 0.13258375 0.0559352984375
1 0.1245764828125 0.1229510765625 0.1306735515625 0.08715638125 0.0829212046875 0.0790225125 0.07682413593750001 0.1148172078125 0.1245764828125 0.1229510765625
1 0.12139352031249999 0.1815585140625 0.1262893640625 0.15281596718749998 0.0725871109375 0.143668625 0.067691265625 0.172411171875 0.12139352031249999 0.1815585140625
1 0.11701610312499999 0.2372521 0.1219851515625 0.20807978125 0.0745593859375 0.20000154218750002 0.0695903375 0.22917386093749997 0.11701610312499999 0.2372521
1 0.10010424843750002 0.3065436625 0.10552361875 0.274727603125 0.057107903125000005 0.266480740625 0.0516885328125 0.29829680000000003 0.10010424843750002 0.3065436625
1 0.09590085781249999 0.36118474218749996 0.0998084375 0.3382441015625 0.05374002812499999 0.33039706562500004 0.049832446875000005 0.3533377078125 0.09590085781249999 0.36118474218749996
1 0.08007620625 0.42415520625 0.0849376671875 0.3956145203125 0.03655256875 0.38737287343750004 0.0316911078125 0.41591355781250006 0.08007620625 0.42415520625
1 0.06280953125 0.4955606796875 0.06797823124999999 0.465216259375 0.017286651562499998 0.4565817390625 0.012117953125 0.486926159375 0.06280953125 0.4955606796875
1 0 0.5499818984375 0.055336770312500005 0.55940765625 0.06079496250000001 0.5273636875000001 0.000836628125 0.5171507203125 0 0.5220624015625 0 0.5499818984375
1 0 0.621614734375 0.034386009375 0.6274718546875 0.038336846875000004 0.604277259375 0 0.5977471750000001 0 0.621614734375
1 0.197218640625 0.6552011546875 0.20102528749999998 0.6328530781249999 0.1520278484375 0.6245071265625 0.14822120156250002 0.6468552062499999 0.197218640625 0.6552011546875
1 0.21083117499999998 0.5902356984375 0.216145175 0.5590382484374999 0.1679743953125 0.55083310625 0.1626603953125 0.58203055625 0.21083117499999998 0.5902356984375
1 0.22519295156250002 0.5259272078125 0.2303793953125 0.4954786015625 0.1795653484375 0.4868232203125 0.1743789015625 0.5172718281249999 0.22519295156250002 0.5259272078125
1 0.2188944484375 0.46299435625 0.22440255156250002 0.43065736250000003 0.18151831093749998 0.42335269999999997 0.1760102078125 0.45568969375 0.2188944484375 0.46299435625
1 0.23952765625 0.40681319531250004 0.2458609765625 0.3696315140625 0.1935569015625 0.3607223296875 0.18722358125 0.3979040125 0.23952765625 0.40681319531250004
1 0.2552308546875 0.334598659375 0.2600168921875 0.30650076875 0.21234619062500001 0.2983808078125 0.20756015312499998 0.3264787 0.2552308546875 0.334598659375
1 0.2791424171875 0.274091175 0.2835136265625 0.248428653125 0.24311957187500002 0.24154815468750002 0.2387483609375 0.267210678125 0.2791424171875 0.274091175
1 0.27231051875 0.2143206109375 0.277110975 0.18613806875 0.23341028125 0.1786943375 0.2286098265625 0.20687687812500002 0.27231051875 0.2143206109375
1 0.28190388906249997 0.15300584374999998 0.2867032390625 0.12482981093750001 0.23324591875 0.11572419062499999 0.228446571875 0.143900221875 0.28190388906249997 0.15300584374999998
1 0.267786340625 0.08113595 0.27219304375000003 0.055265053125 0.2344320546875 0.04883305625 0.23002534843750003 0.074703953125 0.267786340625 0.08113595
1 0.1760231296875 0.736601428125 0.181369296875 0.705215140625 0.1234520984375 0.6953498484375 0.1181059328125 0.7267361359375 0.1760231296875 0.736601428125
1 0 0.6947920609375 0.0192162421875 0.6980652484375 0.022827678125 0.676863225 0 0.6729748843750001 0 0.6947920609375
1 0 0.7793068125 0.0009348859375 0.77946605625 0.005480234375 0.7527812 0 0.751847728125 0 0.7793068125
1 0.16067319062500002 0.8111811453125 0.1657409546875 0.7814292875 0.12000933124999999 0.77363961875 0.1149415671875 0.8033914765624999 0.16067319062500002 0.8111811453125
1 0.148926846875 0.9060979124999999 0.15310284375 0.8815814468750001 0.0969002 0.8720082031249999 0.0927242015625 0.89652466875 0.148926846875 0.9060979124999999