1 1 0.9306507296875 0.9661715718749999 0.9312431921875 0.9679942531249999 0.9536469765625 1 0.9530864375 1 0.9306507296875
1 1 0.8562463984375001 0.964216096875 0.8568731078124999 0.9658581359375 0.8770565265625001 1 0.876458575 1 0.8562463984375001
1 1 0.7752878187500001 0.9683704953125 0.77584176875 0.9703643640624999 0.800349740625 1 0.799830709375 1 0.7752878187500001
1 1 0.69924815625 0.9652598796875 0.6998565859375 0.9675719687500001 0.7282760234375 1 0.7277080875 1 0.69924815625
1 1 0.635657696875 0.96059736875 0.6363477828125 0.9623496828125001 0.65788665625 1 0.657227259375 1 0.635657696875
1 0.8953879140625001 0.6580736828125 0.8937957609374999 0.6385034515625 0.84775763125 0.63930975 0.8493497859374999 0.6588799828125 0.8953879140625001 0.6580736828125
1 0.8929078468749999 0.7297452640625 0.8911681343750001 0.7083613 0.84218904375 0.7092191046874999 0.8439287562500001 0.7306030703124999 0.8929078468749999 0.7297452640625
1 0.89955495625 0.8036388875 0.8979276203125 0.7836362 0.846269434375 0.7845409265625001 0.8478967718750001 0.804543615625 0.89955495625 0.8036388875
1 0.9060744984375001 0.8838369125 0.9045521843750001 0.8651251375 0.8462566921875 0.8661461078125001 0.84777900625 0.8848578828125 0.9060744984375001 0.8838369125
1 0.8997666593750001 0.963441925 0.897857334375 0.9399731375 0.8421100062500001 0.94094948125 0.8440193296875 0.96441826875 0.8997666593750001 0.963441925
1 0.7641020609375 0.96999996875 0.7625456140625 0.950868646875 0.7181290437500001 0.951646546875 0.7196854890625 0.9707778671874999 0.7641020609375 0.96999996875
1 0.7657748093750001 0.8883430921875 0.7638996171875 0.8652938515624999 0.7055537671875001 0.8663157046875 0.7074289593749999 0.889364946875 0.7657748093750001 0.8883430921875
1 0.7679843640625 0.8055359624999999 0.76644314375 0.786591821875 0.7068282484374999 0.7876359015625 0.7083694656249999 0.8065800390625 0.7679843640625 0.8055359624999999
1 0.7606865859374999 0.7237065406250001 0.758853928125 0.70118011875 0.7065209343750001 0.7020966640624999 0.7083535921874999 0.7246230875 0.7606865859374999 0.7237065406250001
1 0.7667236265625 0.6563938765625 0.76494505625 0.634532275 0.7108293531250001 0.6354800421875 0.712607925 0.6573416437499999 0.7667236265625 0.6563938765625
1 0.7632092140625 0.597451003125 0.76132509375 0.5742920328125 0.7125675828125 0.575145959375 0.7144517015625 0.5983049281249999 0.7632092140625 0.597451003125
1 0.9014400046875 0.58945830625 0.899954975 0.57120480625 0.8566060140625 0.57196400625 0.85809104375 0.5902175078125 0.9014400046875 0.58945830625
1 1 0.5842921390625 0.9987603046875 0.5690542125 0.9464978125 0.5699695234375 0.9481634828125 0.59044339375 1 0.5895355453125 1 0.5842921390625
1 0.9935202656250001 0.5282627093750001 0.9916487500000001 0.50525865 0.9474336125 0.506033021875 0.9493051296875 0.52903708125 0.9935202656250001 0.5282627093750001
1 0.887829678125 0.5338045499999999 0.8861913140625 0.5136663171875 0.8330022171874999 0.51459785625 0.8346405812500001 0.5347360890624999 0.887829678125 0.5338045499999999
1 0.7652742921875 0.5363614015625 0.763549284375 0.5151581625 0.7149227046875 0.5160097953125 0.7166477140625 0.5372130328125 0.7652742921875 0.5363614015625
1 1 0.466453459375 0.9991101234374999 0.45551539218750003 0.9432721468749999 0.456493321875 0.945012909375 0.47789019687499995 1 0.4769271671875 1 0.466453459375
1 0.98029841875 0.4207272515625 0.9787582499999999 0.40179602187499996 0.925085709375 0.4027360265625 0.9266258765625001 0.42166725781250003 0.98029841875 0.4207272515625
1 0.87313368125 0.42383222031249995 0.871226984375 0.40039570312499995 0.8282506749999999 0.4011483765625 0.830157375 0.4245848953125 0.87313368125 0.42383222031249995
1 0.8826625625 0.47816451718749997 0.8806954765624999 0.453985725 0.8229035734375 0.45499787812500003 0.8248706625000001 0.4791766671875 0.8826625625 0.47816451718749997
1 0.7753930171875 0.48004320468749995 0.773053096875 0.451281675 0.7137000671875 0.4523211671875 0.7160399875000001 0.481082696875 0.7753930171875 0.48004320468749995
1 0.7727581078125 0.4161660078125 0.7714573921875 0.40017805781250004 0.7192553296875001 0.40109230937499996 0.7205560453125 0.41708025937500004 0.7727581078125 0.4161660078125
1 0.8669943453125001 0.3641144203125 0.8658474890625 0.35001765625000003 0.8246639609375 0.3507389328125 0.8258108171874999 0.36483569843749997 0.8669943453125001 0.3641144203125
1 0.9603418328125001 0.364118121875 0.9586892890625001 0.343805615625 0.9218769171875 0.3444503359375 0.923529459375 0.3647628421875 0.9603418328125001 0.364118121875
1 0.9566657328125 0.30312583593750003 0.9550205406250001 0.2829036921875 0.911812584375 0.28366042343750003 0.913457775 0.3038825671875 0.9566657328125 0.30312583593750003
1 0.9566837921875001 0.2404302890625 0.9551903609375 0.2220735140625 0.9068760078125001 0.22291967812500002 0.9083694390625 0.241276453125 0.9566837921875001 0.2404302890625
1 0.9454661078125 0.1812086484375 0.943633975 0.15868868281249998 0.8950678296874999 0.15953925625 0.8968999625 0.1820592234375 0.9454661078125 0.1812086484375
1 0.9469630921875 0.120946659375 0.9451761203125001 0.0989817859375 0.898392678125 0.0998011375 0.9001796515624999 0.12176601093749999 0.9469630921875 0.120946659375
1 0.9514689796875 0.0663653296875 0.9496095406249999 0.043509725 0.9000261453125 0.044378115625 0.9018855828125 0.06723371875 0.9514689796875 0.0663653296875
1 0.8358692187500001 0.060197096875 0.8343295765625 0.0412723203125 0.7949287546875 0.041962375 0.796468396875 0.0608871515625 0.8358692187500001 0.060197096875
1 0.8355280468749999 0.11879704687499999 0.8340209609375 0.10027245468749998 0.786955509375 0.10109674531249999 0.78846259375 0.1196213375 0.8355280468749999 0.11879704687499999
1 0.8390093765625 0.177333284375 0.83684221875 0.1506953046875 0.792073134375 0.151479378125 0.794240290625 0.17811735625 0.8390093765625 0.177333284375
1 0.8584474296875 0.24337565625000002 0.8563726921875 0.2178736796875 0.8057317578125 0.218760590625 0.8078064953125 0.2442625671875 0.8584474296875 0.24337565625000002
1 0.868585803125 0.3050756609375 0.8668628953124999 0.2838982421875 0.8126464765625 0.2848477734375 0.8143693843750001 0.3060251921875 0.868585803125 0.3050756609375
1 0.7187319 0.058561032812500004 0.716865109375 0.0356150640625 0.6754197140625 0.0363409265625 0.6772865046875001 0.0592868953125 0.7187319 0.058561032812500004
1 0.73083240625 0.11301311875 0.7292113703124999 0.0930878828125 0.6760122 0.09401959843749999 0.6776332359375 0.11394483281250001 0.73083240625 0.11301311875
1 0.7469592421875 0.17771730937500002 0.7449044609375 0.15246060781249998 0.6926117515625 0.15337644687500002 0.694666534375 0.1786331484375 0.7469592421875 0.17771730937500002
1 0.6090999781249999 0.110064590625 0.6073592156250001 0.0886677171875 0.5564261984375001 0.08955974375 0.5581669609375 0.11095661718750001 0.6090999781249999 0.110064590625
1 0.6027916359375001 0.056079875 0.60091854375 0.0330564515625 0.54883734375 0.033968585937500004 0.550710434375 0.056992009375 0.6027916359375001 0.056079875
1 0.6084524296875 0.1727711625 0.6065178984374999 0.14899255312499998 0.5582639781250001 0.149837659375 0.5601985078125 0.1736162671875 0.6084524296875 0.1727711625
1 0.6138117734375 0.2386464234375 0.6117365109375 0.21313799375000003 0.556331621875 0.21410833906249999 0.5584068828125 0.23961676875000001 0.6138117734375 0.2386464234375
1 0.6238501109375 0.2991168328125 0.622013778125 0.27654523124999997 0.566095228125 0.277524571875 0.5679315609375 0.3000961734375 0.6238501109375 0.2991168328125
1 0.7494249984375 0.30224691875 0.7477414734375001 0.28155359375 0.709750703125 0.282218953125 0.7114342265625 0.302912278125 0.7494249984375 0.30224691875
1 0.748670384375 0.23792634218750003 0.7468881374999999 0.216019559375 0.705956403125 0.21673642499999998 0.7077386484375 0.23864320781249998 0.748670384375 0.23792634218750003
1 0.7626126796875 0.3622517234375 0.761204315625 0.3449405890625 0.71286981875 0.34578710625000003 0.71427818125 0.36309824218750003 0.7626126796875 0.3622517234375
1 0.623261465625 0.3548609046875 0.6215600875 0.333948125 0.5722889140625 0.3348110453125 0.5739902921875 0.3557238265625 0.623261465625 0.3548609046875
1 0.6339037359375 0.4226926546875 0.631762309375 0.39637095 0.570223703125 0.3974487203125 0.5723651296875001 0.42377042343750004 0.6339037359375 0.4226926546875
1 0.6356611640625001 0.4837185421875 0.6336720203125 0.4592686625 0.5686888640625 0.4604067578125 0.57067800625 0.4848566390625 0.6356611640625001 0.4837185421875
1 0.6259154984374999 0.536749846875 0.62375936875 0.5102474140625 0.575374515625 0.5110948140625 0.5775306437500001 0.5375972453125 0.6259154984374999 0.536749846875
1 0.6292920203125 0.5940598046875001 0.6273433125000001 0.5701069234375 0.5817684859375001 0.570905109375 0.5837171953125 0.5948579890625 0.6292920203125 0.5940598046875001
1 0.6302795265625 0.66124298125 0.627818828125 0.6309969015625 0.56832479375 0.6320388640625 0.570785490625 0.662284940625 0.6302795265625 0.66124298125
1 0.6312157109375 0.7276093875 0.6295930984375 0.707664790625 0.5745608671875 0.708628609375 0.576183478125 0.72857320625 0.6312157109375 0.7276093875
1 0.6270041921875 0.8174227453125 0.624801328125 0.7903458578125 0.57462369375 0.791224653125 0.5768265578125 0.8183015421875 0.6270041921875 0.8174227453125
1 0.6361469343749999 0.9725738234374999 0.6344702343749999 0.9519644046875 0.57675890625 0.9529751453124999 0.5784356046875 0.9735845609375 0.6361469343749999 0.9725738234374999
1 0.6313641734375001 0.90138818125 0.6295110359375 0.87861003125 0.5715982734375 0.8796242984375 0.5734514093749999 0.90240245 0.6313641734375001 0.90138818125
1 0.48955825624999993 0.9809197359375 0.48787105625000005 0.960181228125 0.436323659375 0.9610840156249999 0.438010859375 0.981822521875 0.48955825624999993 0.9809197359375
1 0.486717721875 0.9090601640625 0.48453061093749994 0.8821769140625 0.43237890781250005 0.8830902843749999 0.43456601875 0.9099735359375 0.486717721875 0.9090601640625
1 0.4785765203125 0.8245501281250001 0.47674281250000006 0.8020107968750001 0.4222040953125 0.8029659734375001 0.42403780312499995 0.8255053046875 0.4785765203125 0.8245501281250001
1 0.4702733296875 0.742512084375 0.46780265468750004 0.7121433703125 0.41750415937499996 0.7130242828125 0.41997483437499994 0.743393 0.4702733296875 0.742512084375
1 0.4677973203125 0.6619297515625 0.46534502499999997 0.6317869453125 0.42206656562499995 0.6325449109375 0.4245188609375 0.66268771875 0.4677973203125 0.6619297515625
1 0.4680696984375 0.59492165625 0.46592407187499996 0.568548315625 0.4090990609375 0.56954353125 0.4112446875 0.5959168734375 0.4680696984375 0.59492165625
1 0.47455285625 0.534084328125 0.47264615781249997 0.5106478125 0.41289025781250005 0.5116943609375 0.41479695625 0.535130875 0.47455285625 0.534084328125
1 0.4709958078125 0.470278221875 0.46918992968750006 0.44808098281250003 0.4189015078125 0.44896172031250003 0.420707384375 0.471158959375 0.4709958078125 0.470278221875
1 0.45966871875 0.4113235125 0.4576680234375 0.38673162968749997 0.40672493593750003 0.3876238328125 0.40872562968750004 0.4122157140625 0.45966871875 0.4113235125
1 0.44773319218749996 0.3549940453125 0.4453932703125 0.32623251875000003 0.399828515625 0.3270305265625 0.40216843593749996 0.3557920546875 0.44773319218749996 0.3549940453125
1 0.446453446875 0.2890537984375 0.44474891875000006 0.268102290625 0.39771368281249997 0.2689260515625 0.3994182125 0.2898775609375 0.446453446875 0.2890537984375
1 0.44279889531250005 0.234153228125 0.440729409375 0.2087158 0.39418769062500003 0.20953091875 0.3962571765625 0.23496834687499998 0.44279889531250005 0.234153228125
1 0.43924714375 0.1703502640625 0.43688936875 0.141369278125 0.38806135468749997 0.14222443906249999 0.39041912968750003 0.1712054234375 0.43924714375 0.1703502640625
1 0.43714681093749996 0.10442761874999999 0.43504476875 0.07859000625 0.38491749375 0.079467921875 0.3870195375 0.10530553437500001 0.43714681093749996 0.10442761874999999
1 0.42761671718749994 0.0475389265625 0.4252416140625 0.018344942187499998 0.3800092265625 0.019137128125 0.38238433125000004 0.0483311140625 0.42761671718749994 0.0475389265625
1 0.23980430312499998 0.0382594390625 0.23842902187499998 0.0213549421875 0.191343428125 0.0221795859375 0.1927187078125 0.0390840828125 0.23980430312499998 0.0382594390625
1 0.09559802656250001 0.0329315609375 0.0948607625 0.0238693546875 0.0470802140625 0.0247061703125 0.047817478125 0.0337683765625 0.09559802656250001 0.0329315609375
1 0.101084184375 0.10036560000000001 0.0984874828125 0.068447790625 0.047443675000000005 0.06934175625 0.05004037812499999 0.1012595671875 0.101084184375 0.10036560000000001
1 0.10971129531249998 0.1661771671875 0.10682472968750001 0.1306964390625 0.059698846875 0.1315217890625 0.0625854140625 0.1670025171875 0.10971129531249998 0.1661771671875
1 0.120868246875 0.22304059999999998 0.11855038124999999 0.1945501640625 0.065552646875 0.19547835 0.0678705140625 0.2239687875 0.120868246875 0.22304059999999998
1 0.130191228125 0.2773215625 0.1278387046875 0.2484051234375 0.0810351203125 0.24922482656249997 0.08338764374999999 0.2781412671875 0.130191228125 0.2773215625
1 0.1309473375 0.3469294671875 0.12838161718750002 0.31539247812500004 0.0806010703125 0.3162292921875 0.083166790625 0.3477662828125 0.1309473375 0.3469294671875
1 0.140180478125 0.40016810625000004 0.1383304921875 0.3774286828125 0.0928664546875 0.3782249296875 0.0947164421875 0.40096435 0.140180478125 0.40016810625000004
1 0.140436771875 0.46350845625000003 0.138135184375 0.43521810937499994 0.09038485156250001 0.43605439375 0.0926864390625 0.4643447421875 0.140436771875 0.46350845625000003
1 0.14136831875 0.535210778125 0.1389212734375 0.50513251875 0.08889471875 0.5060086703125 0.0913417625 0.5360869296875 0.14136831875 0.535210778125
1 0.1497349234375 0.5978822890625 0.1471508234375 0.5661193890625 0.0879790875 0.56715570625 0.0905631859375 0.59891860625 0.1497349234375 0.5978822890625
1 0.14637472499999998 0.6670419546875 0.144504259375 0.6440508046875 0.10017833281249999 0.644827115625 0.10204880000000001 0.6678182671874999 0.14637472499999998 0.6670419546875
1 0.307069528125 0.664221128125 0.305267328125 0.6420690703124999 0.25691268906250003 0.642915940625 0.25871489062499997 0.6650679984375001 0.307069528125 0.664221128125
1 0.3042389765625 0.5993648671875 0.301723140625 0.56844105625 0.254184315625 0.5692736390625 0.2567001515625 0.600197446875 0.3042389765625 0.5993648671875
1 0.30227579375 0.5350040500000001 0.299820346875 0.504822515625 0.2496729296875 0.5057007828125 0.2521283765625 0.5358823171875 0.30227579375 0.5350040500000001
1 0.2811065875 0.475701378125 0.2784988578125 0.44364802187499996 0.2361772171875 0.44438923125 0.23878494843750003 0.47644258749999996 0.2811065875 0.475701378125
1 0.2870389484375 0.418011853125 0.28404053125 0.3811563015625 0.2324226328125 0.3820603234375 0.23542105000000002 0.4189158734375 0.2870389484375 0.418011853125
1 0.2844332390625 0.3458152859375 0.282167359375 0.31796385 0.23512205156250002 0.3187877875 0.23738792968750003 0.346639225 0.2844332390625 0.3458152859375
1 0.292420159375 0.2833776953125 0.2903506734375 0.257940265625 0.25048655000000003 0.258638434375 0.2525560359375 0.28407586406249996 0.292420159375 0.2833776953125
1 0.2715109328125 0.227208625 0.269238228125 0.1992732796875 0.22611084531249998 0.2000286015625 0.22838355 0.22796394531250003 0.2715109328125 0.227208625
1 0.265761909375 0.1665855296875 0.2634897296875 0.13865663749999999 0.21073371875000002 0.13958059218750002 0.21300590000000003 0.1675094828125 0.265761909375 0.1665855296875
1 0.23503784218749998 0.10011383125 0.23295155312500002 0.07446985625 0.1956859484375 0.075122515625 0.1977722375 0.10076649062500001 0.23503784218749998 0.10011383125
1 0.30670158125 0.7462332843749999 0.3041705171875 0.7151222921875 0.24701313749999998 0.71612333125 0.2495442015625 0.7472343218749999 0.30670158125 0.7462332843749999
1 0.1490930265625 0.737585059375 0.14738324687499998 0.7165690046875001 0.0930560375 0.7175204765625 0.0947658171875 0.7385365312500001 0.1490930265625 0.737585059375
1 0.1514811390625 0.8190706265625 0.1493292109375 0.7926198296875 0.0850007203125 0.7937464609375 0.08715264843750001 0.82019725625 0.1514811390625 0.8190706265625
1 0.3102130984375 0.8206375187500001 0.307813840625 0.7911466218750001 0.2626821734375 0.7919370453125001 0.26508143125 0.8214279421875 0.3102130984375 0.8206375187500001
1 0.3220486109375 0.9139220437500001 0.320071546875 0.8896206187500001 0.264606225 0.890592021875 0.26658329062499997 0.914893446875 0.3220486109375 0.9139220437500001
1 0.1506110921875 0.912577675 0.1488813578125 0.8913163468749999 0.0835356171875 0.89246079375 0.08526535156250001 0.913722121875 0.1506110921875 0.912577675
1 0.1373645515625 1 0.1356184828125 0.9785378984375 0.079246703125 0.9795251765625 0.08091245 1 0.1373645515625 1
1 0.30834757343749997 0.99569585625 0.30642511875 0.972065703125 0.2585740703125 0.9729037546875 0.260496521875 0.9965339046875 0.30834757343749997 0.99569585625