1 0.9289865687500001 0.9842548828125001 0.929973934375 0.963116015625 0.8801868265625 0.9587725953125 0.8791994609374999 0.9799114609374999 0.9289865687500001 0.9842548828125001
1 0.9444945890625001 0.913115025 0.9453841000000001 0.894071165625 0.8873469921874999 0.8890080140625001 0.8864574812500001 0.908051875 0.9444945890625001 0.913115025
1 0.9490775812500001 0.8410220703125001 0.9501576828125 0.81789781875 0.901107521875 0.8136186875 0.9000274218750001 0.8367429390625001 0.9490775812500001 0.8410220703125001
1 0.946791484375 0.772591978125 0.9480439687500001 0.74577710625 0.9073682249999999 0.742228559375 0.906115740625 0.76904343125 0.946791484375 0.772591978125
1 0.9577795625000001 0.7068731234375 0.958728809375 0.6865503359375 0.9106452968750001 0.6823555359375 0.9096960468749999 0.702678325 0.9577795625000001 0.7068731234375
1 0.8461847765625 0.6962050765625001 0.8470472640625 0.67773978125 0.8032993062499999 0.673923215625 0.8024368187500001 0.692388509375 0.8461847765625 0.6962050765625001
1 0.8351462078124999 0.7630049328124999 0.836088628125 0.7428283078125 0.789546009375 0.738767934375 0.7886035875 0.7589445593749999 0.8351462078124999 0.7630049328124999
1 0.8324920796875 0.8327896046875001 0.8333736281249999 0.8139162703125 0.784285184375 0.8096338 0.7834036390625 0.8285071359374999 0.8324920796875 0.8327896046875001
1 0.8289528609374999 0.9084591421875 0.8297775140624999 0.890803834375 0.7743819390625 0.88597113125 0.7735572859375 0.9036264390625 0.8289528609374999 0.9084591421875
1 0.8133234671875 0.9823003921875 0.8143577703125 0.9601566531250001 0.7613835984375 0.9555351921874999 0.7603492968750001 0.97767893125 0.8133234671875 0.9823003921875
1 0.6839006234375 0.974965934375 0.6847437671875001 0.9569147671874999 0.6425367046875 0.9532326281250001 0.6416935609375 0.97128379375 0.6839006234375 0.974965934375
1 0.695384040625 0.8987450546875 0.6963998546875 0.8769971734374999 0.6409564234375 0.872160296875 0.6399406109375 0.893908175 0.695384040625 0.8987450546875
1 0.7075158390625 0.8215014484375001 0.708350734375 0.8036268984375001 0.6517013875 0.7986848140625 0.6508664921875 0.816559365625 0.7075158390625 0.8215014484375001
1 0.710514925 0.7442285359375 0.7115076953125 0.7229739546875 0.6617780125 0.7186355437499999 0.660785240625 0.739890121875 0.710514925 0.7442285359375
1 0.724397640625 0.68185943125 0.7253611125 0.6612321359375 0.673937403125 0.6567459375 0.6729739312499999 0.6773732328125 0.724397640625 0.68185943125
1 0.7282098359375 0.626371653125 0.729230484375 0.604520240625 0.68289841875 0.6004782359374999 0.681877771875 0.6223296484375 0.7282098359375 0.626371653125
1 0.8602396609375 0.6326188312500001 0.86104411875 0.615395921875 0.8198515531250001 0.6118022875 0.8190470968750001 0.6290251953125 0.8602396609375 0.6326188312500001
1 0.954082978125 0.642511784375 0.954985290625 0.6231938687499999 0.9053226000000001 0.6188613000000001 0.9044202890624999 0.638179215625 0.954082978125 0.642511784375
1 0.9549612812499999 0.5845146921875 0.9559751000000001 0.56280944375 0.9139594499999999 0.5591440015625 0.912945628125 0.58084925 0.9549612812499999 0.5845146921875
1 0.8540809265625 0.5792055390625 0.8549684484375 0.5602043109375 0.8044252500000001 0.555794928125 0.8035377296874999 0.5747961562499999 0.8540809265625 0.5792055390625
1 0.7375723234375 0.5694296421875 0.73850678125 0.549423540625 0.6922991359374999 0.545392390625 0.6913646796874999 0.5653984921874999 0.7375723234375 0.5694296421875
1 0.9681357359374999 0.5372060796875 0.9690787265624999 0.5170172749999999 0.9160184156250001 0.5123883 0.915075425 0.5325771046875001 0.9681357359374999 0.5372060796875
1 0.9554593328125 0.48260657656249994 0.9562936578125001 0.46474420624999996 0.9052910609374999 0.46029474531250003 0.9044567359375 0.478157115625 0.9554593328125 0.48260657656249994
1 0.8534766578124999 0.4748714625 0.8545095375 0.4527581734375 0.81367109375 0.44919543281249996 0.8126382124999999 0.47130872031250004 0.8534766578124999 0.4748714625
1 0.8559258109375 0.5266433578124999 0.8569914046875 0.503829703125 0.8020743671874999 0.499038746875 0.8010087734375 0.5218524015625 0.8559258109375 0.5266433578124999
1 0.7539924015625 0.5177506984375 0.7552599625 0.49061304687499996 0.69885945625 0.48569267343750006 0.6975918953125 0.512830325 0.7539924015625 0.5177506984375
1 0.7592365578125 0.4577343640625 0.7599411703125 0.44264909374999994 0.71033590625 0.4383215359375 0.70963129375 0.45340680625 0.7592365578125 0.4577343640625
1 0.8548940046875 0.41839815937499997 0.85551526875 0.4050972984375 0.8163804203125 0.401683178125 0.8157591562500001 0.41498403906250003 0.8548940046875 0.41839815937499997
1 0.9433993046875001 0.42766949218750006 0.94429450625 0.4085038296875 0.9093133671875 0.405452078125 0.9084181671874999 0.424617740625 0.9433993046875001 0.42766949218750006
1 0.9473066015624999 0.3702485125 0.9481978203124999 0.3511681125 0.907139246875 0.3475861671875 0.906248028125 0.3666665671875 0.9473066015624999 0.3702485125
1 0.9549228984375 0.31160096406250004 0.9557319078125 0.2942806140625 0.9098209578124999 0.290275346875 0.9090119484375 0.3075956984375 0.9549228984375 0.31160096406250004
1 0.9514651640625 0.2550876 0.95245765 0.23383911093749998 0.9063074296875 0.22981297031249998 0.90531494375 0.25106146093750004 0.9514651640625 0.2550876
1 0.9601887093749999 0.19886338750000002 0.9611567328125 0.178138653125 0.9167005390625 0.17426029999999998 0.915732515625 0.1949850359375 0.9601887093749999 0.19886338750000002
1 0.9710765578125 0.14825195468750002 0.9720838359374999 0.1266867796875 0.9249669671875 0.12257631093750002 0.9239596890625 0.14414148437500002 0.9710765578125 0.14825195468750002
1 0.86222035 0.13100464843749998 0.8630543906250001 0.113148365625 0.8256135656250001 0.1098820328125 0.824779525 0.1277383140625 0.86222035 0.13100464843749998
1 0.8547941140624999 0.18578883906250002 0.85561051875 0.1683101453125 0.81088634375 0.1644084125 0.8100699390624999 0.1818871078125 0.8547941140624999 0.18578883906250002
1 0.850999840625 0.24089293750000002 0.8521738125 0.2157589421875 0.8096317734375 0.21204757968750002 0.8084578 0.237181575 0.850999840625 0.24089293750000002
1 0.86142485 0.3046029890625 0.86254875625 0.28054085624999997 0.8144269625 0.27634271718750003 0.8133030531250001 0.30040485 0.86142485 0.3046029890625
1 0.8635588609375 0.363327609375 0.8644921796875 0.34334586875 0.8129727640625 0.338851321875 0.8120394453124999 0.3588330609375 0.8635588609375 0.363327609375
1 0.7513569999999999 0.117844359375 0.7523682609375 0.0961939234375 0.7129845718750001 0.0927580953125 0.711973309375 0.1144085328125 0.7513569999999999 0.117844359375
1 0.756229875 0.1699836328125 0.7571080078125 0.151183378125 0.7065552359375 0.14677316093749998 0.705677103125 0.165573415625 0.756229875 0.1699836328125
1 0.7636776078125 0.2321131140625 0.76479070625 0.20828240937500003 0.7150993046874999 0.2039473359375 0.7139862078125 0.22777804375000002 0.7636776078125 0.2321131140625
1 0.6411688359375 0.155139365625 0.642111825 0.13495056249999998 0.5937124765624999 0.1307282078125 0.5927694875 0.1509170125 0.6411688359375 0.155139365625
1 0.64173105 0.10401236875 0.6427457234375 0.08228884843749999 0.593255309375 0.07797131093750001 0.5922406328125 0.0996948296875 0.64173105 0.10401236875
1 0.6329543640625 0.213734728125 0.6340023218749999 0.1912986640625 0.5881487953125 0.187298409375 0.5871008390625 0.209734471875 0.6329543640625 0.213734728125
1 0.63005115 0.27589067031250003 0.6311753421875 0.251822446875 0.5785265765625 0.247229375 0.577402384375 0.271297596875 0.63005115 0.27589067031250003
1 0.6322393515625 0.3334551203125 0.6332341125000001 0.3121579109375 0.5800972375 0.30752225625 0.579102475 0.328819465625 0.6322393515625 0.3334551203125
1 0.75092154375 0.348850721875 0.7518335265625 0.3293257421875 0.715732609375 0.3261763015625 0.714820625 0.34570128125 0.75092154375 0.348850721875
1 0.7580022078125 0.288606303125 0.7589676703125 0.26793637812500004 0.7200720890625 0.26454313281249997 0.7191066265625 0.2852130578125 0.7580022078125 0.288606303125
1 0.75615216875 0.40629229218749996 0.7569150953125 0.38995854375 0.7109850046874999 0.3859516078125 0.7102220781249999 0.40228535781249997 0.75615216875 0.40629229218749996
1 0.624924634375 0.3855431734375 0.6258462890625001 0.365811128125 0.57902611875 0.3617265421875 0.5781044625 0.3814585875 0.624924634375 0.3855431734375
1 0.6267931921875001 0.45005384218750005 0.6279532265625 0.42521826406249996 0.5694758671875 0.42011670624999997 0.5683158328125 0.44495228437499995 0.6267931921875001 0.45005384218750005
1 0.6210626671874999 0.5073157625 0.62214020625 0.484246325 0.5603896453125 0.4788592109375 0.5593121046875 0.5019286515625 0.6210626671874999 0.5073157625
1 0.6053946953125 0.55595698125 0.6065626953125001 0.530950878125 0.5605847500000001 0.5269397671875 0.5594167515625 0.551945871875 0.6053946953125 0.55595698125
1 0.6016496859375 0.6099035374999999 0.602705321875 0.5873030390625 0.55939761875 0.5835248796875 0.5583419828125 0.606125378125 0.6016496859375 0.6099035374999999
1 0.5944428625 0.67284893125 0.59577585 0.6443105484375 0.539241353125 0.6393784859375 0.537908365625 0.66791686875 0.5944428625 0.67284893125
1 0.5872863781250001 0.7350251734375 0.588165365625 0.71620665 0.5358707171875 0.711644471875 0.5349917296875 0.73046299375 0.5872863781250001 0.7350251734375
1 0.5724072453125 0.8186240796875 0.5736005625 0.793075953125 0.5259190203124999 0.7889162203125 0.5247257046875 0.8144643453124999 0.5724072453125 0.8186240796875
1 0.5622702890625 0.9646698375 0.563178575 0.9452240281250001 0.5083381046875 0.9404397515625 0.50742981875 0.9598855593750001 0.5622702890625 0.9646698375
1 0.5663638390625 0.897603478125 0.567367703125 0.8761113828125 0.5123358171875 0.8713104093749999 0.511331953125 0.8928025015625 0.5663638390625 0.897603478125
1 0.42227327031249995 0.95792328125 0.42318724531249996 0.9383556703125 0.37420408125 0.9340823828125 0.3732901078125 0.95364999375 0.42227327031249995 0.95792328125
1 0.42828999375 0.8904193203125 0.4294747765625 0.865053896875 0.379917365625 0.860730515625 0.378732584375 0.8860959375 0.42828999375 0.8904193203125
1 0.4308143140625 0.8105550515625 0.4318076546875 0.7892882921875 0.379981971875 0.7847670265625 0.37898863125000004 0.8060337843750001 0.4308143140625 0.8105550515625
1 0.432885421875 0.7329871578125 0.4342238125 0.7043330625 0.3864274234375 0.7001633109375 0.3850890328125 0.72881740625 0.432885421875 0.7329871578125
1 0.44030502812499994 0.65735956875 0.4416334625 0.628918628125 0.40050789375000007 0.6253308375 0.39917945781249997 0.6537717796875 0.44030502812499994 0.65735956875
1 0.4486851640625 0.5947030421874999 0.4498474734375 0.5698187406249999 0.39584922968749997 0.565107940625 0.39468691875 0.5899922421875 0.4486851640625 0.5947030421874999
1 0.46220599843750004 0.5384356671875 0.46323887812500003 0.516322378125 0.406455540625 0.51136860625 0.4054226609375 0.53348189375 0.46220599843750004 0.5384356671875
1 0.466567228125 0.4783942828125 0.4675454890625 0.4574503015625 0.41975866875 0.453281384375 0.41878040624999996 0.474225365625 0.466567228125 0.4783942828125
1 0.46297340781249996 0.422119759375 0.46405720625 0.3989163375 0.41564828593750003 0.3946931484375 0.4145644875 0.41789657187499996 0.46297340781249996 0.422119759375
1 0.4584845046875 0.36824065156249997 0.45975206718750006 0.341103 0.4164539359375 0.337325675 0.41518637500000005 0.3644633265625 0.4584845046875 0.36824065156249997
1 0.465263596875 0.3064289546875 0.46618695781249997 0.286660371875 0.421491496875 0.28276114375 0.420568134375 0.30252972968749997 0.465263596875 0.3064289546875
1 0.4684529609375 0.2547086890625 0.469574025 0.2307074578125 0.425347528125 0.22684914374999998 0.424226465625 0.25085037187500003 0.4684529609375 0.2547086890625
1 0.47281883125 0.19467076875 0.47409606406250004 0.16732605312499998 0.42769700625 0.16327820312500002 0.426419775 0.19062291874999998 0.47281883125 0.19467076875
1 0.4788177625 0.13279406875 0.4799564625 0.10841525156250001 0.432322775 0.1042596921875 0.431184075 0.1286385109375 0.4788177625 0.13279406875
1 0.4766773140625 0.078630640625 0.47796393437500007 0.0510849515625 0.43498163749999996 0.0473351796875 0.43369501718750003 0.0748808703125 0.4766773140625 0.078630640625
1 0.29973108125 0.051303343749999994 0.3007227140625 0.030073126562500004 0.25597939687500004 0.026169724999999998 0.2549877640625 0.0473999421875 0.29973108125 0.051303343749999994
1 0.1636502609375 0.032002 0.1647568171875 0.0083113671875 0.1193531171875 0.0043503531249999994 0.1182465609375 0.028040987499999996 0.1636502609375 0.032002
1 0.1606783484375 0.0956287078125 0.1620850109375 0.06551298125 0.113580384375 0.0612814421875 0.11217372187500001 0.0913971703125 0.1606783484375 0.0956287078125
1 0.16088113125 0.1580495015625 0.16244481718749998 0.124572015625 0.11766321718749999 0.12066527499999999 0.1160995328125 0.15414276093749998 0.16088113125 0.1580495015625
1 0.1645671140625 0.21235081875 0.165822728125 0.1854689546875 0.1154613734375 0.181075434375 0.11420576093749998 0.20795729999999998 0.1645671140625 0.21235081875
1 0.166827271875 0.2640542484375 0.1681016609375 0.23677043437499998 0.12362632343749999 0.2328904109375 0.1223519359375 0.260174225 0.166827271875 0.2640542484375
1 0.159107159375 0.3292449125 0.16049703906249999 0.2994885015625 0.11509334062500001 0.2955274875 0.11370346093749999 0.3252838984375 0.159107159375 0.3292449125
1 0.16140847187500001 0.37996436718750004 0.1624106296875 0.3585088140625 0.11920820624999999 0.3547398390625 0.1182060484375 0.3761953921875 0.16140847187500001 0.37996436718750004
1 0.1539741421875 0.43924234218749997 0.1552209375 0.41254927031250005 0.10984595 0.4085907625 0.10859915625000001 0.435283834375 0.1539741421875 0.43924234218749997
1 0.1461665078125 0.506409671875 0.1474921 0.478029634375 0.0999541203125 0.47388242812500003 0.098628528125 0.502262465625 0.1461665078125 0.506409671875
1 0.146502896875 0.565867196875 0.14790273125 0.53589763125 0.0916744984375 0.5309922874999999 0.0902746640625 0.5609618515625 0.146502896875 0.565867196875
1 0.134934309375 0.6302298656249999 0.1359475609375 0.608536796875 0.093826634375 0.604862171875 0.0928133828125 0.626555240625 0.134934309375 0.6302298656249999
1 0.28763611718750004 0.6435454390625 0.2886123890625 0.6226440875 0.24266315624999998 0.6186354828125 0.2416868828125 0.6395368328125 0.28763611718750004 0.6435454390625
1 0.292813446875 0.5825938015625 0.294176303125 0.5534159546875 0.249002303125 0.5494749796875 0.247639446875 0.578652828125 0.292813446875 0.5825938015625
1 0.298753109375 0.522191753125 0.30008325 0.4937142703125 0.2524304234375 0.48955704375 0.25110027968750004 0.518034525 0.298753109375 0.522191753125
1 0.2858698375 0.464614565625 0.287282475 0.43437094375 0.247066128125 0.43086247499999997 0.245653490625 0.4611060953125 0.2858698375 0.464614565625
1 0.29848690312500004 0.4112371546875 0.3001111796875 0.376462471875 0.25106101875000003 0.3721833421875 0.2494367453125 0.40695802499999995 0.29848690312500004 0.4112371546875
1 0.304767115625 0.3434412609375 0.305994565625 0.31716232031249997 0.261289534375 0.31326225625 0.26006208124999997 0.3395412 0.304767115625 0.3434412609375
1 0.3199076796875 0.2858262 0.321028740625 0.2618249703125 0.2831476625 0.258520228125 0.2820266 0.282521459375 0.3199076796875 0.2858262
1 0.3068910859375 0.23120619375 0.3081222375 0.204848078125 0.2671402296875 0.2012728125 0.2659090796875 0.22763092812500002 0.3068910859375 0.23120619375
1 0.308788228125 0.1739247671875 0.3100190953125 0.14757274375 0.2598874375 0.14319926249999998 0.258656571875 0.1695512859375 0.308788228125 0.1739247671875
1 0.287714628125 0.108692584375 0.28884479375 0.08449646875 0.2534329703125 0.081407146875 0.2523028046875 0.10560326093750001 0.287714628125 0.108692584375
1 0.2773467609375 0.7202282140625 0.278717865625 0.6908737515625 0.22440378593750002 0.6861353968749999 0.22303268125 0.715489859375 0.2773467609375 0.7202282140625
1 0.1289612609375 0.6964901859375 0.12988746874999998 0.6766607 0.0782627734375 0.6721569656249999 0.07733656562499999 0.6919864546875 0.1289612609375 0.6964901859375
1 0.1213488421875 0.7729539890625 0.122514565625 0.74799660625 0.061386103125 0.7426637671874999 0.060220379687500006 0.7676211484375 0.1213488421875 0.7729539890625
1 0.2716577875 0.79017923125 0.2729574921875 0.76235339375 0.23007090312499998 0.7586119734375 0.2287711984375 0.786437809375 0.2716577875 0.79017923125
1 0.271572628125 0.878618490625 0.272643625 0.8556891234374999 0.21993743437500002 0.851091040625 0.21886643593750002 0.8740204078125 0.271572628125 0.878618490625
1 0.1091901640625 0.86033995625 0.11012717968750001 0.8402790437500001 0.0480320703125 0.834861871875 0.047095053125 0.8549227859374999 0.1091901640625 0.86033995625
1 0.085804915625 0.9457192046875 0.0869803109375 0.920554759375 0.033412750000000005 0.9158815312499999 0.032237354687500004 0.9410459781249999 0.085804915625 0.9457192046875
1 0.2486706296875 0.953754546875 0.24971204375 0.9314585546874999 0.20424135 0.927491696875 0.2031999359375 0.9497876890624999 0.2486706296875 0.953754546875