1 0.9862177484375 0.1628087140625 0.96702619375 0.15761692031250002 0.9546394703125 0.2151119796875 0.9738310234374999 0.22030377343750002 0.9862177484375 0.1628087140625
1 0.9137176359374999 0.14192633125 0.890414046875 0.1356221296875 0.8799453859374999 0.1842141796875 0.9032489734375 0.19051838125 0.9137176359374999 0.14192633125
1 0.8440715328125 0.12880970625 0.8170486984374999 0.12149935468749999 0.8083673687499999 0.1617952 0.835390203125 0.16910555 0.8440715328125 0.12880970625
1 0.7788328203125 0.10289301875000001 0.75835241875 0.0973525609375 0.7480900671875 0.144986990625 0.7685704671875 0.15052744843750002 0.7788328203125 0.10289301875000001
1 0.7540701984375 0.213235325 0.7354616953125 0.2082012609375 0.7261246703124999 0.251540628125 0.7447331734375 0.2565746921875 0.7540701984375 0.213235325
1 0.82039829375 0.2394467140625 0.8000651921875 0.2339461046875 0.7901317078125001 0.28005403281249996 0.8104648125 0.28555464375 0.82039829375 0.2394467140625
1 0.8907998546875 0.25785995 0.87178015 0.2527146453125 0.8613033171875 0.3013446203125 0.8803230234375 0.3064899234375 0.8907998546875 0.25785995
1 0.9670556421875001 0.27849405625 0.9492634109375 0.273680815625 0.9374404609375 0.328559015625 0.9552326953125 0.3333722578125 0.9670556421875001 0.27849405625
1 1 0.43561805781249996 0.9981435765625 0.43511584843750006 0.9891354218749999 0.4769287125 1 0.4798678515625 1 0.43561805781249996
1 0.940513153125 0.41125237812500004 0.9185966078125001 0.40532340624999996 0.9067634453125001 0.460249015625 0.928679990625 0.46617798437499997 0.940513153125 0.41125237812500004
1 0.8637359890624999 0.38158211406250003 0.8457228109375 0.37670910156250004 0.8336322734375001 0.4328293625 0.8516454515625 0.43770237500000003 0.8637359890624999 0.38158211406250003
1 0.785787509375 0.361132265625 0.76436809375 0.3553377796875 0.7537544015625001 0.40460300625 0.7751738203125 0.41039749218750005 0.785787509375 0.361132265625
1 0.7243059203125 0.333046190625 0.7035186515625 0.32742271875 0.692543409375 0.37836614687500003 0.7133306796875 0.3839896203125 0.7243059203125 0.333046190625
1 0.6685403671875 0.31668590625 0.6465194859375 0.310728709375 0.6366309421875 0.3566280484375 0.6586518234375001 0.36258524531249997 0.6685403671875 0.31668590625
1 0.6913764390625 0.18470092031250002 0.674019959375 0.180005559375 0.665228328125 0.22081339843749997 0.6825848062500001 0.22550875937499998 0.6913764390625 0.18470092031250002
1 0.7131344640624999 0.0921186703125 0.69366673125 0.0868521640625 0.6830673390625 0.1360510203125 0.7025350718750001 0.14131752656250002 0.7131344640624999 0.0921186703125
1 0.6544587453124999 0.078156896875 0.6325851609375001 0.0722395484375 0.6236178578125 0.11386278593750002 0.64549144375 0.11978013437499999 0.6544587453124999 0.078156896875
1 0.636467190625 0.1788821890625 0.6173186 0.1737020171875 0.6065312828125 0.2237731609375 0.625679871875 0.22895333281250002 0.636467190625 0.1788821890625
1 0.6119946078125 0.29439017968750003 0.5918333515625 0.2889360578125 0.5819713609375 0.3347121359375 0.60213261875 0.3401662578125 0.6119946078125 0.29439017968750003
1 0.608153846875 0.054181510937499996 0.58780846875 0.048677581250000004 0.5764839312500001 0.10124232500000001 0.5968293078125 0.1067462578125 0.608153846875 0.054181510937499996
1 0.551227540625 0.05468035 0.5332266359375 0.0498106578125 0.5223412703125 0.1003369046875 0.5403421749999999 0.10520659843749999 0.551227540625 0.05468035
1 0.5306392515625 0.15597245625 0.5083544640625 0.1499438671875 0.499638409375 0.19040089531249998 0.521923196875 0.19642948437500002 0.5306392515625 0.15597245625
1 0.5834210859375 0.1651690546875 0.560430503125 0.15894952812500002 0.5487096874999999 0.213353659375 0.5717002718749999 0.2195731859375 0.5834210859375 0.1651690546875
1 0.5616656765625 0.2661504421875 0.534317559375 0.258752096875 0.52228013125 0.314625840625 0.549628246875 0.32202418593750004 0.5616656765625 0.2661504421875
1 0.501489003125 0.24732252500000002 0.48628674062500005 0.243209934375 0.4756996046875 0.29235190312500003 0.49090186718749995 0.2964644953125 0.501489003125 0.24732252500000002
1 0.4735754140625 0.14180958125 0.4601714015625 0.1381834625 0.45181894062500005 0.17695280468750002 0.46522295468749997 0.180578925 0.4735754140625 0.14180958125
1 0.4940361078125 0.054480340625 0.47472180937499997 0.0492553421875 0.467255865625 0.08390977031249999 0.486570165625 0.08913476718749999 0.4940361078125 0.054480340625
1 0.4363229609375 0.0375881671875 0.417094584375 0.0323864125 0.40833155000000004 0.07306151250000001 0.427559925 0.0782632671875 0.4363229609375 0.0375881671875
1 0.37227361718749996 0.0151689875 0.35979165625 0.014660385937500001 0.350576859375 0.057432414062500006 0.3680315375 0.062154340625000006 0.3778302046875 0.0166721828125 0.37227361718749996 0.0151689875
1 0.29645246875 0.0120795125 0.2888533546875 0.047352071875 0.310266634375 0.053144896875 0.3189165515625 0.012994853125 0.29645246875 0.0120795125
1 0.23700538125 0.009657229687500001 0.23384465156249998 0.024328282812499998 0.2547301171875 0.0299783203125 0.25891575 0.0105500078125 0.23700538125 0.009657229687500001
1 0.18319085625 0.0696198796875 0.165196090625 0.06475184843750001 0.1572051828125 0.10184298750000001 0.1751999484375 0.10671102031249999 0.18319085625 0.0696198796875
1 0.2377914953125 0.0894729171875 0.22017724843750003 0.0847078234375 0.2106318703125 0.1290142921875 0.22824611875 0.1337793828125 0.2377914953125 0.0894729171875
1 0.29317039375 0.1057286015625 0.2678414734375 0.0988764984375 0.2587618234375 0.1410212125 0.2840907453125 0.147873315625 0.29317039375 0.1057286015625
1 0.3590496703125 0.1095582203125 0.3348009265625 0.1029983296875 0.324530403125 0.150670684375 0.348779146875 0.15723057499999998 0.3590496703125 0.1095582203125
1 0.4188393546875 0.1206405796875 0.3987026484375 0.1151930984375 0.387706978125 0.1662313421875 0.4078436859375 0.17167882343750002 0.4188393546875 0.1206405796875
1 0.15599354375000002 0.1786613671875 0.1341751984375 0.1727589609375 0.125769628125 0.2117748203125 0.147587975 0.2176772265625 0.15599354375000002 0.1786613671875
1 0.209450721875 0.18549203281249999 0.19050466093750001 0.180366653125 0.179715303125 0.2304472765625 0.1986613609375 0.23557265625 0.209450721875 0.18549203281249999
1 0.273355778125 0.19197335937499999 0.24934025312500002 0.1854765625 0.23873473281250002 0.23470386250000003 0.2627502578125 0.2412006609375 0.273355778125 0.19197335937499999
1 0.18002181875 0.2983949359375 0.1596764421875 0.292891003125 0.14934668125 0.3408383171875 0.169692059375 0.34634225 0.18002181875 0.2983949359375
1 0.12827007343750002 0.286301253125 0.106378078125 0.2803789234375 0.095815453125 0.3294071140625 0.11770745 0.33532944374999996 0.12827007343750002 0.286301253125
1 0.238386909375 0.31990350625 0.2157768421875 0.313786921875 0.20599043125 0.359212190625 0.228600496875 0.3653287765625 0.238386909375 0.31990350625
1 0.301024896875 0.3368486421875 0.27677001562500003 0.33028709375 0.2655333125 0.3824441390625 0.28978819375 0.3890056875 0.301024896875 0.3368486421875
1 0.35964541250000004 0.3476147140625 0.33818303437499997 0.3418086046875 0.3268421546875 0.39444920156249996 0.34830453437500003 0.400255309375 0.35964541250000004 0.3476147140625
1 0.3900857953125 0.23117755 0.3704093890625 0.2258545921875 0.3627044546875 0.261618340625 0.382380859375 0.26694129843750003 0.3900857953125 0.23117755
1 0.3299075046875 0.2104427453125 0.30907727500000004 0.20480764843750002 0.30077588125 0.24333995625 0.3216061125 0.24897505312499998 0.3299075046875 0.2104427453125
1 0.4489620703125 0.23884207656249998 0.43250164687500003 0.2343891234375 0.42269889374999997 0.27989024218749997 0.4391593171875 0.284343196875 0.4489620703125 0.23884207656249998
1 0.4115272015625 0.36674728437500004 0.39164212656249997 0.361367875 0.38164940468749997 0.4077507640625 0.40153448125 0.41313017343749997 0.4115272015625 0.36674728437500004
1 0.4771484078125 0.3794021984375 0.45212021875 0.3726314515625 0.43963953125 0.4305626546875 0.4646677203125 0.4373334015625 0.4771484078125 0.3794021984375
1 0.5344724281250001 0.398100575 0.511224075 0.391811315625 0.4980447953125 0.4529851515625 0.52129315 0.459274409375 0.5344724281250001 0.398100575
1 0.5818163562499999 0.4248956375 0.55661631875 0.4180784 0.5468033515624999 0.46362692812499995 0.572003390625 0.470444165625 0.5818163562499999 0.4248956375
1 0.63602813125 0.440840603125 0.6132523562500001 0.434679190625 0.6040092953125 0.4775824125 0.6267850703125 0.4837438265625 0.63602813125 0.440840603125
1 0.69892834375 0.4623117578125 0.6701686328124999 0.454531540625 0.6581026078125001 0.510538025 0.68686231875 0.51831824375 0.69892834375 0.4623117578125
1 0.76105524375 0.4835586625 0.7420907734375 0.47842830156250005 0.7309296484375001 0.5302345359375 0.74989411875 0.5353648984375 0.76105524375 0.4835586625
1 0.84393068125 0.5174373218749999 0.8181844171874999 0.5104723171875001 0.8080078578125001 0.5577085296875001 0.8337541203125 0.564673534375 0.84393068125 0.5174373218749999
1 0.9906946609375 0.560602353125 0.971098040625 0.5553009796875 0.9593935671875 0.6096292609375 0.9789901859375 0.6149306343750001 0.9906946609375 0.560602353125
1 0.9232282968750001 0.541347625 0.9015695218750001 0.5354883859374999 0.8898241953125 0.5900062953125 0.91148296875 0.5958655328125 0.9232282968750001 0.541347625
1 0.96635650625 0.70052423125 0.9466371421875 0.695189653125 0.936182778125 0.7437153328125 0.95590214375 0.7490499125000001 0.96635650625 0.70052423125
1 0.8986869921875 0.679227821875 0.8731248515625 0.672312625 0.8625479281249999 0.7214071875 0.8881100703125 0.7283223828125001 0.8986869921875 0.679227821875
1 0.8180525875000001 0.65867346875 0.79662089375 0.6528756640625 0.785559859375 0.7042173109375 0.8069915515625 0.7100151171875 0.8180525875000001 0.65867346875
1 0.73968911875 0.6390946859375 0.7108127984375 0.631282921875 0.700611725 0.6786329109375 0.729488046875 0.686444675 0.73968911875 0.6390946859375
1 0.6639609078125 0.614549578125 0.63529939375 0.606795925 0.6265220593749999 0.647537396875 0.655183571875 0.65529105 0.6639609078125 0.614549578125
1 0.601500153125 0.5919581140625 0.5764228640625 0.5851740828125 0.5648981453124999 0.638668003125 0.589975434375 0.645452034375 0.601500153125 0.5919581140625
1 0.546158003125 0.5656131828125 0.5238732171875 0.5595845921875 0.51175408125 0.6158375921875 0.53403886875 0.6218661812499999 0.546158003125 0.5656131828125
1 0.4858455734375 0.547671665625 0.4647391609375 0.5419618546875 0.4545401328125 0.5893023625 0.4756465453125 0.595012171875 0.4858455734375 0.547671665625
1 0.4283568171875 0.5386165171874999 0.4049734390625 0.5322907328125 0.39464163750000003 0.5802475281249999 0.41802501249999996 0.5865733140625 0.4283568171875 0.5386165171874999
1 0.373184146875 0.5310056984375 0.34583603125 0.5236073515624999 0.3365950109375 0.5665010953125 0.36394312812499996 0.5738994421875 0.373184146875 0.5310056984375
1 0.3113795765625 0.5102222671875001 0.2914576765625 0.504832896875 0.281918428125 0.5491109203125 0.301840328125 0.554500290625 0.3113795765625 0.5102222671875001
1 0.2593548953125 0.4953405609375 0.2351675234375 0.4887972734375 0.22572836718749997 0.532610709375 0.24991573749999998 0.539153996875 0.2593548953125 0.4953405609375
1 0.19904655468750002 0.4773951328125 0.17148976875 0.4699403375 0.161586925 0.51590604375 0.1891437109375 0.523360840625 0.19904655468750002 0.4773951328125
1 0.1370785765625 0.45738526406249996 0.11251068906249999 0.4507390390625 0.10234434218749999 0.49792784375 0.1269122296875 0.5045740703125 0.1370785765625 0.45738526406249996
1 0.0819112859375 0.4473376453125 0.054151965625 0.439828059375 0.0449783546875 0.48240891562500005 0.0727376734375 0.489918503125 0.0819112859375 0.4473376453125
1 0.011543034375 0.6613000359375001 0.0225444328125 0.6642761875 0.032093895312499995 0.619950759375 0.0107203546875 0.6141686843749999 0.011543034375 0.6613000359375001
1 0.059639976562499995 0.7704318453125001 0.029290687500000002 0.7622216078124999 0.018938459375 0.8102732171874999 0.049287746874999996 0.8184834546875001 0.059639976562499995 0.7704318453125001
1 0.12293467031250001 0.7842986140625 0.0891975546875 0.7751718828125 0.07963992187499999 0.8195352390625 0.1133770390625 0.82866196875 0.12293467031250001 0.7842986140625
1 0.178434921875 0.7928158203125 0.151344575 0.78548720625 0.14059606875 0.8353782046875 0.1676864140625 0.8427068171875 0.178434921875 0.7928158203125
1 0.2311237375 0.8021879328124999 0.20362832343749998 0.7947497375 0.19413605625000002 0.8388096875000001 0.22163146875 0.8462478828125001 0.2311237375 0.8021879328124999
1 0.2962355796875 0.8246838328124999 0.2662483953125 0.8165715515624999 0.2565579890625 0.861551196875 0.2865451734375 0.8696634765625 0.2962355796875 0.8246838328124999
1 0.3479321875 0.8337925437499999 0.32631023593749997 0.82794326875 0.31708964375000004 0.870742196875 0.3387115953125 0.8765914734375 0.3479321875 0.8337925437499999
1 0.4070866890625 0.8546668015625001 0.3801866015625 0.8473896578125 0.3705023234375 0.8923408578125 0.39740240937500004 0.8996180015625 0.4070866890625 0.8546668015625001
1 0.4741911296875 0.8776967328125 0.44559099062499996 0.8699596828124999 0.4354450703125 0.9170536734375 0.46404520937499993 0.9247907234375001 0.4741911296875 0.8776967328125
1 0.534498971875 0.8907605000000001 0.5042969796875 0.8825901093749999 0.49229631874999996 0.9382931890625 0.5224983109375 0.9464635796875 0.534498971875 0.8907605000000001
1 0.5982904984374999 0.9169579593750001 0.5764291906250001 0.91104393125 0.56743941875 0.9527714671874999 0.5893007265625 0.9586854953125 0.5982904984374999 0.9169579593750001
1 0.630875090625 0.76568095625 0.609811640625 0.7599827671875 0.600004803125 0.8055028500000001 0.621068253125 0.8112010406250001 0.630875090625 0.76568095625
1 0.5697420484375 0.7467097093749999 0.5403379140625 0.7387551578125 0.5306965328125 0.7835072484375 0.5601006671875 0.7914618 0.5697420484375 0.7467097093749999
1 0.50926135625 0.727092153125 0.48056302031250003 0.7193285375 0.4703925875 0.76653630625 0.49909092343749994 0.774299921875 0.50926135625 0.727092153125
1 0.44929102656250003 0.72712873125 0.41881285312500005 0.7188836249999999 0.410229571875 0.7587243640625 0.440707746875 0.7669694687499999 0.44929102656250003 0.72712873125
1 0.3967651578125 0.7023483890625 0.3617207796875 0.6928680125 0.3512521171875 0.7414600609375 0.3862964953125 0.7509404359375 0.3967651578125 0.7023483890625
1 0.3288326765625 0.68071995625 0.302349928125 0.6735557140624999 0.29280863749999997 0.7178432171875 0.319291384375 0.725007459375 0.3288326765625 0.68071995625
1 0.2723269890625 0.65243475625 0.24813961718750002 0.64589146875 0.240054746875 0.683418753125 0.26424211875000003 0.6899620390625001 0.2723269890625 0.65243475625
1 0.21533737187500002 0.653272671875 0.188774840625 0.6460868453125 0.1800281453125 0.68668609375 0.20659067812499998 0.693871921875 0.21533737187500002 0.653272671875
1 0.15751440625 0.6384428718749999 0.130958009375 0.6312587046875 0.1202585265625 0.6809221484375 0.1468149234375 0.688106315625 0.15751440625 0.6384428718749999
1 0.0887612109375 0.645028678125 0.0643774453125 0.6384322625000001 0.056819581249999994 0.6735133515625 0.0812033484375 0.6801097687500001 0.0887612109375 0.645028678125
1 0.7073141125 0.7933633234374999 0.6777319921875 0.7853606234375 0.6661398640625 0.8391674281249999 0.695721984375 0.8471701296875 0.7073141125 0.7933633234374999
1 0.6647049265625 0.937929890625 0.644721653125 0.9325239171874999 0.6337035156249999 0.9836664546874999 0.6536867890625 0.989072428125 0.6647049265625 0.937929890625
1 0.733254821875 1 0.74125661875 0.9628583125000001 0.71610568125 0.9560543593749999 0.706638040625 1 0.733254821875 1
1 0.7775049171874999 0.8148802453125 0.7494632796875 0.8072942828125 0.7403100953124999 0.849780325 0.7683517328125 0.8573662875 0.7775049171874999 0.8148802453125
1 0.8671357828125 0.834903325 0.844028590625 0.8286522546875 0.8327796296875001 0.8808661890625 0.8558868234375 0.887117259375 0.8671357828125 0.834903325
1 0.9404304546875 0.8749799062499999 0.9179615468750001 0.86890150625 0.90825684375 0.9139475218750001 0.9307257484375 0.9200259187500001 0.9404304546875 0.8749799062499999