1 0.0345649890625 0.1002745984375 0.057643446875000004 0.1009461125 0.055440065625 0.04687126875 0.0323616078125 0.0461997546875 0.0345649890625 0.1002745984375
1 0.1132161609375 0.09834774375000001 0.13400738437499998 0.09895270625 0.1314388921875 0.0359173625 0.11064766875000001 0.0353124 0.1132161609375 0.09834774375000001
1 0.1915879921875 0.089565378125 0.216834003125 0.0902999625 0.21466323593749997 0.037025534375 0.189417225 0.03629095 0.1915879921875 0.089565378125
1 0.2656478453125 0.0885587734375 0.2949231125 0.089410596875 0.293122965625 0.045231803125 0.2638476984375 0.0443799796875 0.2656478453125 0.0885587734375
1 0.3381266671875 0.09014855625 0.3603141671875 0.09079414687500001 0.35818618125 0.038569615625 0.33599868125 0.037924025 0.3381266671875 0.09014855625
1 0.34388942031249997 0.20672171874999998 0.3640489953125 0.20730830312499998 0.3621128828125 0.1597927109375 0.3419533078125 0.1592061265625 0.34388942031249997 0.20672171874999998
1 0.27068193281249997 0.21617867500000001 0.292709859375 0.2168196234375 0.290650065625 0.1662686890625 0.2686221390625 0.16562774062500002 0.27068193281249997 0.21617867500000001
1 0.19463759687499999 0.21607369687500003 0.21524264999999998 0.2166732421875 0.21307018906250003 0.163357234375 0.1924651359375 0.16275768906250002 0.19463759687499999 0.21607369687500003
1 0.11230390625 0.22052541250000002 0.13157917187499998 0.22108626562499997 0.1291275828125 0.1609199453125 0.10985231718749999 0.1603590921875 0.11230390625 0.22052541250000002
1 0.0309616703125 0.22869183125 0.055137203125 0.2293952671875 0.052792775 0.17185888437500002 0.028617242187500003 0.1711554484375 0.0309616703125 0.22869183125
1 0.0319028984375 0.35724129531250004 0.05161034531249999 0.3578147234375 0.0497424265625 0.31197272656249997 0.0300349796875 0.31139929843749997 0.0319028984375 0.35724129531250004
1 0.11610554843750001 0.365490071875 0.1398489 0.36618093281249997 0.13739519218750001 0.3059626375 0.113651840625 0.30527177656250004 0.11610554843750001 0.365490071875
1 0.20092284375 0.3600567796875 0.220437471875 0.36062459687500004 0.21793039531249997 0.29909653125 0.1984157671875 0.29852871406250003 0.20092284375 0.3600567796875
1 0.28494868906250004 0.3556543 0.3081534765625 0.35632949062499997 0.3059526375 0.3023170171875 0.28274784999999997 0.3016418265625 0.28494868906250004 0.3556543
1 0.353672475 0.3476398578125 0.376192421875 0.3482951203125 0.3739166125 0.29244272968749996 0.351396665625 0.2917874671875 0.353672475 0.3476398578125
1 0.41408816093749995 0.3425555859375 0.43794454375 0.343249734375 0.43589406875 0.2929274890625 0.4120376859375 0.292233340625 0.41408816093749995 0.3425555859375
1 0.413759821875 0.194006134375 0.4325630140625 0.1945532515625 0.43073999374999994 0.149813128125 0.41193680156249995 0.1492660109375 0.413759821875 0.194006134375
1 0.4081229765625 0.10114030781250001 0.4292134015625 0.1017539765625 0.4270155265625 0.047814267187499995 0.40592510156249995 0.047200598437500005 0.4081229765625 0.10114030781250001
1 0.47101018437500003 0.0966522734375 0.49470699375000005 0.09734178125000001 0.49284754687500004 0.051707685937500004 0.46915073749999997 0.051018178125 0.47101018437500003 0.0966522734375
1 0.47204841562500005 0.21519565312500002 0.492793096875 0.2157992609375 0.4905562546875 0.16090321093749999 0.4698115734375 0.160299603125 0.47204841562500005 0.21519565312500002
1 0.4765897453125 0.336997296875 0.49843149999999997 0.337632828125 0.49638653125000004 0.2874457171875 0.47454477656250005 0.28681018593749996 0.4765897453125 0.336997296875
1 0.5237051859374999 0.0983205171875 0.545746409375 0.09896185156250001 0.54339816875 0.0413319140625 0.5213569453125 0.0406905796875 0.5237051859374999 0.0983205171875
1 0.5824501515625 0.1142489109375 0.60195148125 0.11481634062499999 0.59969430625 0.0594213296875 0.5801929765625 0.0588539 0.5824501515625 0.1142489109375
1 0.5852479859375 0.21387951093750002 0.6093902734375 0.2145819796875 0.607582925 0.1702264703125 0.5834406375000001 0.1695240015625 0.5852479859375 0.21387951093750002
1 0.529596009375 0.22227430468749998 0.5545029234375 0.22299902187499998 0.5520725109375 0.1633524515625 0.527165596875 0.162627734375 0.529596009375 0.22227430468749998
1 0.5341728328124999 0.33459758906250003 0.5638004921875 0.335459665625 0.5613044281249999 0.27420186874999997 0.5316767687499999 0.2733397921875 0.5341728328124999 0.33459758906250003
1 0.59951916875 0.32649006406250003 0.6159885843749999 0.326969275 0.6137932515625 0.2730919375 0.5973238359375 0.2726127265625 0.59951916875 0.32649006406250003
1 0.6467656125000001 0.21513997499999998 0.6612868890625 0.2155625015625 0.659554934375 0.173057303125 0.6450336578125 0.17263477656249998 0.6467656125000001 0.21513997499999998
1 0.64097619375 0.114373675 0.6619003953125 0.1149825078125 0.66035226875 0.0769887453125 0.6394280671875 0.07637991250000001 0.64097619375 0.114373675
1 0.7039970046875 0.12147660625000001 0.7248281203125 0.1220827296875 0.7230110296875 0.07748813593750001 0.7021799140625 0.0768820125 0.7039970046875 0.12147660625000001
1 0.7684881484375 0.123347915625 0.787397721875 0.123898128125 0.785365884375 0.0740332625 0.7664563109375 0.07348305000000001 0.7684881484375 0.123347915625
1 0.8298878343749999 0.13198184531249998 0.8530859718749999 0.1326568421875 0.8510435453125 0.0825321015625 0.8278454078124999 0.0818571046875 0.8298878343749999 0.13198184531249998
1 0.8915055484375 0.1253491875 0.914131878125 0.126007546875 0.9121644218749999 0.0777227234375 0.8895380921875 0.0770643640625 0.8915055484375 0.1253491875
1 0.947311428125 0.12064991875 0.9708553109375 0.12133497499999998 0.968770103125 0.0701603390625 0.9452262203125 0.06947528281250001 0.947311428125 0.12064991875
1 0.960144234375 0.229008440625 0.9796389156249999 0.22957567812500002 0.9779819312500001 0.188910396875 0.9584872499999999 0.18834315937499999 0.960144234375 0.229008440625
1 0.9004084953125 0.24043036093749998 0.9194909421874999 0.2409856046875 0.9175116265625001 0.192409721875 0.8984291796875 0.191854478125 0.9004084953125 0.24043036093749998
1 0.840089784375 0.23762661562499998 0.8675299437499999 0.2384250421875 0.8656472000000001 0.1922192203125 0.838207040625 0.19142079375 0.840089784375 0.23762661562499998
1 0.7714614875 0.22720418593749997 0.7977314343749999 0.2279685640625 0.7956017546874999 0.1757024515625 0.7693318078125 0.1749380734375 0.7714614875 0.22720418593749997
1 0.7077466265625 0.2237669140625 0.7295617875 0.22440167031249997 0.7272817421875 0.16844532968749998 0.70546658125 0.1678105734375 0.7077466265625 0.2237669140625
1 0.9689369921875001 0.351816315625 0.992573959375 0.35250408125 0.99083099375 0.3097286140625 0.9671940265625001 0.3090408484375 0.9689369921875001 0.351816315625
1 0.9128791187499999 0.3544057609375 0.9334043843750001 0.355002984375 0.9311671171875 0.3000965390625 0.9106418515625 0.299499315625 0.9128791187499999 0.3544057609375
1 0.8455364140625001 0.34032969375 0.8715537015624999 0.3410867203125 0.86935455625 0.287115825 0.84333726875 0.2863587984375 0.8455364140625001 0.34032969375
1 0.9231119234375 0.47743204375000003 0.945153146875 0.47807337812500006 0.9430111828125 0.42550581093749995 0.920969959375 0.42486447656250004 0.9231119234375 0.47743204375000003
1 1 0.4291367265625 0.9766953828125 0.42845863125 0.978885634375 0.48221122968749996 1 0.48282559531249997 1 0.4291367265625
1 0.8587493296875 0.4787156203125 0.8832440109374999 0.47942834218749997 0.8812147140625 0.42962584687499994 0.8567200328125001 0.42891312499999995 0.8587493296875 0.4787156203125
1 0.7911910171875001 0.48412158125 0.8174676140624999 0.4848861515625 0.8151375875 0.42770319843750004 0.788860990625 0.426938628125 0.7911910171875001 0.48412158125
1 0.7286140171875 0.47756108125 0.7518653468750001 0.47823762500000006 0.7495137171875 0.4205245265625 0.7262623875 0.4198479828125 0.7286140171875 0.47756108125
1 0.717115240625 0.3297404453125 0.7384317296875 0.3303606921875 0.7368340453125 0.2911507125 0.71551755625 0.29053046562499996 0.717115240625 0.3297404453125
1 0.78322771875 0.3300859546875 0.8057942078125 0.3307425734375 0.80407284375 0.28849725 0.7815063546875 0.28784063125000003 0.78322771875 0.3300859546875
1 0.6552399999999999 0.3300529375 0.673072446875 0.3305718078125 0.6710397609375 0.280686153125 0.6532073140625 0.28016728281250003 0.6552399999999999 0.3300529375
1 0.6712191828125 0.4743128921875 0.6927617359375 0.47493971718749994 0.6906896609375 0.4240873265625 0.6691471078125 0.42346050156250004 0.6712191828125 0.4743128921875
1 0.601553159375 0.4796575265625 0.6286675203125001 0.4804464734375 0.6260795421875 0.41693295937499997 0.59896518125 0.41614401250000005 0.601553159375 0.4796575265625
1 0.5390268593750001 0.48469076875 0.5642130296875 0.48542361093749997 0.56148019375 0.41835500468750003 0.5362940234375 0.4176221625 0.5390268593750001 0.48469076875
1 0.484544275 0.480468284375 0.51184480625 0.48126265 0.509810003125 0.43132502031250003 0.482509471875 0.4305306546875 0.484544275 0.480468284375
1 0.42546747187499995 0.47717634843749995 0.4501416734375 0.4778942953125 0.4482250453125 0.4308568734375 0.42355084375 0.43013892656249997 0.42546747187499995 0.47717634843749995
1 0.35711523437500003 0.4941462859375 0.38827215000000004 0.49505286093749995 0.38577015625 0.43364953437500003 0.354613240625 0.43274295937499996 0.35711523437500003 0.4941462859375
1 0.28883044999999996 0.4921542109375 0.30937566250000004 0.492752015625 0.30706130625 0.435953678125 0.28651609375 0.43535587343750004 0.28883044999999996 0.4921542109375
1 0.19679949531250002 0.49632895625 0.2246917828125 0.4971405390625 0.2225815859375 0.445352596875 0.1946892984375 0.4445410140625 0.19679949531250002 0.49632895625
1 0.0375018140625 0.50304214375 0.058731867187499995 0.503659875 0.05630484375 0.44409646562500005 0.035074790625000005 0.443478734375 0.0375018140625 0.50304214375
1 0.1107790984375 0.5043436796874999 0.13424319375 0.5050264140625 0.1318077 0.44525510468749996 0.1083436046875 0.4445723703125 0.1107790984375 0.5043436796874999
1 0.037482903125 0.6482849859375001 0.0588459359375 0.6489065875 0.056678134375 0.5957049234375 0.0353151015625 0.595083321875 0.037482903125 0.6482849859375001
1 0.1113515109375 0.6479632640624999 0.1390443296875 0.6487690421875 0.1368511140625 0.594943678125 0.10915829531250001 0.5941379 0.1113515109375 0.6479632640624999
1 0.19858284531249998 0.654265159375 0.22180093125 0.6549407375 0.21950733125 0.59865175625 0.1962892453125 0.5979761781249999 0.19858284531249998 0.654265159375
1 0.283010828125 0.6540274562499999 0.31429407343750004 0.6549377062499999 0.31217879375 0.603025025 0.28089554843750003 0.602114775 0.283010828125 0.6540274562499999
1 0.365479778125 0.644990528125 0.396530309375 0.64589400625 0.3947102546875 0.601226646875 0.36365972343749997 0.6003231687499999 0.365479778125 0.644990528125
1 0.43473197187499996 0.6550781015625 0.46189952500000003 0.655868596875 0.459509775 0.5972199484375 0.43234222187500004 0.5964294531250001 0.43473197187499996 0.6550781015625
1 0.49683855 0.6481378046875 0.5209808375 0.6488402734375 0.51846783125 0.5871666765625 0.49432554375000004 0.5864642078125 0.49683855 0.6481378046875
1 0.5620699203124999 0.6385941234375 0.5849356125 0.6392594468749999 0.5828207562500001 0.587357159375 0.5599550640625 0.5866918359375 0.5620699203124999 0.6385941234375
1 0.62321945 0.6477710578125 0.648551896875 0.6485081562499999 0.646409509375 0.59593019375 0.6210770625 0.5951930953125 0.62321945 0.6477710578125
1 0.6814602890625 0.651490315625 0.7110879484375 0.6523523921875001 0.70917174375 0.605325365625 0.679544084375 0.6044632890625 0.6814602890625 0.651490315625
1 0.7492029796875 0.6507723109375 0.7707854265625 0.651400296875 0.76880738125 0.6028555984375 0.7472249343749999 0.6022276125 0.7492029796875 0.6507723109375
1 0.80568735625 0.6510712812499999 0.8318908140625 0.651833725 0.8299335234375 0.6037983812500001 0.803730065625 0.6030359375 0.80568735625 0.6510712812499999
1 0.8714094906250001 0.6536532828125 0.9012632140625 0.6545219375 0.8992097734375 0.6041269265625 0.86935605 0.6032582718749999 0.8714094906250001 0.6536532828125
1 0.9391761765625001 0.6536056609374999 0.9657918671875001 0.6543800984375 0.9636837890625 0.60264413125 0.9370680984374999 0.60186969375 0.9391761765625001 0.6536056609374999
1 0.9963512531250001 1 0.9942787703124999 0.9491376296875 0.9613997812499999 0.9481809484375001 0.9635112453125 1 0.9963512531250001 1
1 0.895391796875 0.9914717171874999 0.9319409984375 0.9925351906250001 0.9299591421875 0.9438969374999999 0.893409940625 0.9428334640625 0.895391796875 0.9914717171874999
1 0.83667099375 0.9890934328125001 0.8660193984375001 0.989947384375 0.8637906031249999 0.935248840625 0.8344421984375 0.9343948890625 0.83667099375 0.9890934328125001
1 0.7802004484375 0.97601378125 0.8099876828125 0.9768805 0.8080193796874999 0.9285748859374999 0.7782321453125001 0.9277081671875 0.7802004484375 0.97601378125
1 0.70883190625 0.979995465625 0.741318609375 0.9809407328124999 0.7393092203125 0.9316268031250001 0.7068225171875 0.9306815359374999 0.70883190625 0.979995465625
1 0.653598446875 0.9709543328124999 0.67702265 0.9716359078125001 0.67511068125 0.9247128312499999 0.651686478125 0.9240312562499999 0.653598446875 0.9709543328124999
1 0.5887406640624999 0.976464828125 0.61788295 0.97731278125 0.61587483125 0.9280300359375 0.5867325453125 0.9271820828124999 0.5887406640624999 0.976464828125
1 0.5152689703125 0.9817194921875 0.5462530125 0.9826210359375 0.54414916875 0.9309890187500001 0.5131651265625 0.930087475 0.5152689703125 0.9817194921875
1 0.4508986453125 0.9859099953125 0.483618059375 0.9868620328125 0.48112961875 0.9257913468750001 0.4484102046875 0.924839309375 0.4508986453125 0.9859099953125
1 0.37957125468749997 0.9777814749999999 0.403254765625 0.97847059375 0.40139065937499996 0.9327221531250001 0.3777071484375 0.932033034375 0.37957125468749997 0.9777814749999999
1 0.3729893625 0.81608728125 0.39580851093749997 0.81675125 0.39377497968749997 0.7668448062500001 0.37095583125 0.7661808375 0.3729893625 0.81608728125
1 0.43961763125 0.814667165625 0.471472684375 0.815594053125 0.4694734625 0.7665296046875001 0.437618409375 0.7656027171875001 0.43961763125 0.814667165625
1 0.505829915625 0.8159136828125 0.5369203406249999 0.816818321875 0.5348114140625 0.7650615640625 0.5037209890625001 0.764156925 0.505829915625 0.8159136828125
1 0.56757016875 0.826467934375 0.6005887859375 0.827428678125 0.5988089703125 0.78374884375 0.5657903531249999 0.7827881 0.56757016875 0.826467934375
1 0.6267502671875 0.826834959375 0.6647156921875 0.8279396406249999 0.6625449265625 0.7746652125 0.6245795015625 0.77356053125 0.6267502671875 0.826834959375
1 0.70073256875 0.8209098953125 0.7294227281250001 0.82174469375 0.727444259375 0.7731896 0.6987541 0.7723548015625 0.70073256875 0.8209098953125
1 0.7639642875 0.8018961250000001 0.7901677453125 0.8026585687500001 0.788491278125 0.7615151171875 0.7622878203125001 0.7607526734375 0.7639642875 0.8018961250000001
1 0.8229426171875 0.8237961609375001 0.8517192124999999 0.8246334734375 0.849905509375 0.7801220390625 0.8211289140625 0.7792847265625 0.8229426171875 0.8237961609375001
1 0.885845284375 0.8363932875 0.91461523125 0.8372304078124999 0.9123966015624999 0.7827813421875 0.8836266546875 0.781944221875 0.885845284375 0.8363932875
1 0.9551865078124999 0.84850288125 0.98160273125 0.849271515625 0.98003554375 0.8108099765624999 0.9536193203125001 0.8100413421875 0.9551865078124999 0.84850288125
1 0.289300153125 0.8299737546875001 0.321348025 0.830906253125 0.318944296875 0.7719145703125 0.286896425 0.770982071875 0.289300153125 0.8299737546875001
1 0.30750567968750003 0.9891042015625 0.329154615625 0.9897341203125001 0.326869909375 0.9336634343749999 0.3052209734375 0.9330335156249999 0.30750567968750003 0.9891042015625
1 0.25140108125 1 0.24878339062500002 0.9357572703124999 0.2215360515625 0.934964453125 0.22418604687500002 1 0.25140108125 1
1 0.212302084375 0.8179528515625 0.242681075 0.818836790625 0.24078308437499998 0.7722567484375 0.21040409375000002 0.7713728093750001 0.212302084375 0.8179528515625
1 0.11638812812499999 0.821443565625 0.1414213734375 0.8221719578125001 0.13908880625 0.764926634375 0.1140555609375 0.7641982421875 0.11638812812499999 0.821443565625
1 0.150005484375 1 0.147623440625 0.9415404640625 0.12572184375 0.9409031921875 0.1281298546875 1 0.150005484375 1
1 0.0606301921875 1 0.058997021875 0.9599191499999999 0.03909010625 0.9593399171874999 0.040746878125000004 1 0.0606301921875 1
1 0.033907375000000003 0.8321465703125 0.0573947421875 0.8328299828124999 0.0553823875 0.7834432875 0.0318950203125 0.782759875 0.033907375000000003 0.8321465703125