1 0.9403945328125 0.0333539671875 0.9430974015625001 0.0802329859375 0.954088846875 0.091067453125 0.9665762593749999 0.0969697359375 0.9675169968749999 0.0912529625 0.9574641406250001 0.028507446875 0.952504790625 0.0230652515625 0.943405328125 0.0242991484375 0.9403945328125 0.0333539671875
1 0.8692858765624999 0.03689695625 0.8671567578125 0.047297860937500005 0.868851809375 0.0739630890625 0.8751290546874999 0.08987951093749999 0.881161146875 0.09527178281250001 0.891605715625 0.08262930156250001 0.88687050625 0.040707431249999995 0.8858692296875 0.0438397609375 0.8767175171874999 0.042612539062499996 0.8692858765624999 0.03689695625
1 0.7817793625 0.047219007812500005 0.7881697546875001 0.06799273125000001 0.7925173015625 0.07022168906250001 0.7977867296875 0.065924321875 0.8048999203125 0.048574309375 0.802528140625 0.03895955625 0.7920353515625 0.026481025000000002 0.784601578125 0.030068689062499997 0.7817793625 0.047219007812500005
1 0.705453209375 0.020785246875 0.7034963000000001 0.02898059375 0.7065469609374999 0.067739146875 0.716023578125 0.08269625 0.72119871875 0.074351134375 0.7238134984375 0.0482957640625 0.7216952234375 0.026512798437500002 0.7183449875 0.0209957171875 0.709687609375 0.0181569015625 0.705453209375 0.020785246875
1 0.7822739671875001 0.1606558578125 0.7836023671875 0.1946319984375 0.789418671875 0.2138115828125 0.7940951546874999 0.207110528125 0.8034753312499999 0.17182560625 0.797583596875 0.14940782187499999 0.7884275625 0.14821306875 0.78319585 0.1541295359375 0.7822739671875001 0.1606558578125
1 0.7007643203125 0.165259575 0.7020927203125 0.1992357140625 0.7070332140625 0.2038683609375 0.7167067625 0.20422860156249997 0.7234721578125 0.1949990515625 0.7226340640625 0.1820712109375 0.7177396390624999 0.15636530312500002 0.7053276578125 0.153701221875 0.7007643203125 0.165259575
1 0.8596435031249999 0.162728234375 0.8587698421875001 0.194375571875 0.8605863921875001 0.2032057359375 0.866157546875 0.2118611703125 0.8704485203125 0.211661478125 0.8851924140625 0.17612693906250002 0.8850604093750001 0.170460090625 0.8766942515625 0.1570721640625 0.86648433125 0.1567368828125 0.8596435031249999 0.162728234375
1 0.9401768453124999 0.208416465625 0.9441388843749999 0.21714678593749998 0.954329946875 0.216672515625 0.9611142015624999 0.2082525140625 0.9598989484375 0.1791336734375 0.9490395109374999 0.17396605625 0.939441390625 0.17684401562500002 0.9401768453124999 0.208416465625
1 0.9439839703124999 0.32575129999999997 0.9474096375000001 0.334506578125 0.9639240156250001 0.32887546875 0.9622666796875 0.303829340625 0.9587467234375 0.29102630937499996 0.9448199171875 0.2924848625 0.9439839703124999 0.32575129999999997
1 0.8663482765625 0.26615094687499996 0.8643536515625 0.27272719218749997 0.862849328125 0.3003517390625 0.8758081875 0.3264927734375 0.8799482984375 0.31981668124999996 0.8838244015625 0.3018068875 0.8853098640624999 0.273372790625 0.8808303125 0.2654769828125 0.8759652515624999 0.2640825375 0.8663482765625 0.26615094687499996
1 0.7776500078125 0.284866475 0.77436685 0.30527995625000004 0.7838246109375 0.3194275109375 0.7881533000000001 0.3208469171875 0.7917947546875 0.31581488750000003 0.7991614499999999 0.2862966609375 0.798013275 0.283108384375 0.7946818984374999 0.2784008546875 0.7813103203125 0.28064399375 0.7776500078125 0.284866475
1 0.699339734375 0.28851087343750004 0.704045578125 0.30612128125 0.712853821875 0.3154364953125 0.718913125 0.2989459546875 0.716700559375 0.2731152390625 0.70365791875 0.26642836718749996 0.6996309546874999 0.27796176093749997 0.699339734375 0.28851087343750004
1 0.6422036140625 0.32520782812500004 0.6552651140625 0.33270425000000003 0.6599604546875 0.3268127453125 0.6595162218749999 0.2846911828125 0.654500296875 0.2768203359375 0.6452688296875 0.272387384375 0.6412607234375 0.284730328125 0.6422036140625 0.32520782812500004
1 0.5790122390625 0.2633144125 0.5913509421875001 0.3089345703125 0.6044312984375 0.31724054218750003 0.6076955984375 0.29601750937500004 0.59510339375 0.2625655640625 0.5863517234375 0.255679 0.5805082078125 0.258382228125 0.5790122390625 0.2633144125
1 0.6410678437499999 0.1842462765625 0.6466201390624999 0.19209216093749998 0.6548060718750001 0.17469222499999998 0.654353484375 0.1552630234375 0.6521325671875 0.152124671875 0.6424590171875 0.151764428125 0.6385452 0.1681551234375 0.6410678437499999 0.1842462765625
1 0.640309228125 0.0594757265625 0.6436594640625 0.06499280625000001 0.6496161265625 0.06714687968750001 0.654810121875 0.0596113140625 0.65431981875 0.0385630125 0.6551644734375001 0.0182003078125 0.6396435453125 0.025535096875000003 0.640309228125 0.0594757265625
1 0.56901785625 0.041722359375000004 0.5694893015625 0.061961110937499994 0.5778282484374999 0.09723185 0.5873215734375 0.066804228125 0.5854568015625 0.0328530484375 0.5769389453125 0.0438823375 0.57137913125 0.027835201562500002 0.56901785625 0.041722359375000004
1 0.5130005484375 0.057296129687499996 0.5155797640625 0.0758159359375 0.5198707390624999 0.0756162421875 0.5287627640625 0.06547729531249999 0.527453221875 0.032310704687500004 0.51822175625 0.027877751562500004 0.5145803 0.032909782812499996 0.5130005484375 0.057296129687499996
1 0.460897059375 0.0564792078125 0.46952722500000005 0.081200834375 0.47372391093750005 0.0769533921875 0.47875654062499995 0.0394395140625 0.46916677656249994 0.0196251078125 0.4632289703125 0.0182805859375 0.460897059375 0.0564792078125
1 0.41467479999999995 0.05457815781250001 0.4194937921875 0.0770458640625 0.43076595156249997 0.053829307812500005 0.429184046875 0.0320213828125 0.41834346718750004 0.0276633125 0.414259928125 0.03676805625 0.41467479999999995 0.05457815781250001
1 0.35142065 0.059142728125 0.357086090625 0.0718459125 0.36561146718750004 0.0690178765625 0.3666087796875 0.065729753125 0.366485128125 0.037370540625 0.3626362359375 0.033497521875000005 0.351410146875 0.035640815625 0.35142065 0.059142728125
1 0.2850886265625 0.0468315578125 0.2927592 0.07646040781249999 0.29716332031250003 0.0811180140625 0.3023761734375 0.074391996875 0.30429536874999996 0.0645775515625 0.302355165625 0.027388173437500003 0.293085984375 0.0213361203125 0.2889081578125 0.0263931140625 0.2850886265625 0.0468315578125
1 0.21869167812499998 0.0547840984375 0.23157510625 0.07768693125000001 0.23342722187499998 0.041941921874999996 0.2283170078125 0.0300233265625 0.22239806093749998 0.029488354687500003 0.21869167812499998 0.0547840984375
1 0.1723185578125 0.046406646875 0.173364090625 0.0682395375 0.17736384375 0.0785889546875 0.18173025 0.0816274640625 0.1853905625 0.07740498125 0.1843073140625 0.05395299218750001 0.1830837078125 0.047526515625 0.1775879859375 0.042109282812499996 0.1723185578125 0.046406646875
1 0.10234508125 0.039127507812500004 0.1022990125 0.0602007703125 0.1114278375 0.083278334375 0.11573766875 0.0838881921875 0.122926290625 0.0697763796875 0.1200076328125 0.036684675 0.1182665125 0.031092709375 0.10587338906249999 0.029238174999999998 0.10234508125 0.039127507812500004
1 0.04716586875 0.0676291171875 0.05353740312500001 0.0875932921875 0.065779665625 0.0829714234375 0.0657775125 0.036777146875 0.0560337234375 0.045254817187500004 0.0506648171875 0.033428323437500004 0.04716586875 0.0676291171875
1 0.10144015937499999 0.2077385671875 0.1026637640625 0.2141650453125 0.10593856718750001 0.216443925 0.11172551093750001 0.2113120484375 0.1156016125 0.1933022546875 0.116089765625 0.1681562796875 0.1123580265625 0.175985128125 0.10612256406250001 0.1746222 0.09944338281250001 0.1681205390625 0.10144015937499999 0.2077385671875
1 0.056156314062500004 0.17584544062500002 0.052797898437500004 0.17110175156250002 0.051444440625 0.2052026984375 0.057646254687499995 0.21788092187500002 0.0642335765625 0.22405778281250002 0.0682982578125 0.21414348906249997 0.06835268125 0.17037786562499999 0.0645020453125 0.173803934375 0.06004523125 0.1861342171875 0.056156314062500004 0.17584544062500002
1 0.043686034375 0.31010892343749996 0.0486831 0.31717021875 0.054432325000000004 0.31041924062500004 0.0578474890625 0.2956726078125 0.055117409375 0.270676403125 0.0485300875 0.2644995453125 0.04546271875 0.2711257125 0.043686034375 0.31010892343749996
1 0.10008885000000001 0.288033790625 0.10264921093749999 0.3057440453125 0.1070721890625 0.311211203125 0.11341436093749999 0.3068639125 0.11662208593750001 0.28321222968750004 0.11218025000000001 0.2769355234375 0.1019891875 0.27740979375 0.10008885000000001 0.288033790625
1 0.157725778125 0.2958870484375 0.1640407390625 0.3134225703125 0.169329025 0.3099347546875 0.1738735046875 0.2975668484375 0.17575498125 0.2861333015625 0.1743993703125 0.274039975 0.1715100765625 0.26525973281250004 0.164998184375 0.262321071875 0.157725778125 0.2958870484375
1 0.15671365937499998 0.18328470937500002 0.163715853125 0.2072716703125 0.17237323437500002 0.2101104828125 0.1770685734375 0.20421897968749997 0.17690720625 0.1742406671875 0.1714114859375 0.1688234328125 0.16342248125 0.1716265078125 0.15671365937499998 0.18328470937500002
1 0.22946113281249997 0.148292515625 0.23262278906249997 0.145714096875 0.2303830140625 0.1417661921875 0.22183878125 0.143784678125 0.22087918593750003 0.1486919015625 0.22946113281249997 0.148292515625
1 0.217897753125 0.18205818437500002 0.22306453906249998 0.19640542968750002 0.22681914062500003 0.19623069843750002 0.232304359375 0.178146021875 0.23229385468750002 0.1546441078125 0.2301106515625 0.15312485468749998 0.22041824375000002 0.15195506406249998 0.21781181562500002 0.155318071875 0.217897753125 0.18205818437500002
1 0.22048127343749999 0.2929665390625 0.22436787812499998 0.29845865781250003 0.2323380234375 0.2948460328125 0.2321577984375 0.2640581703125 0.2192471625 0.263038146875 0.2167727390625 0.2720680078125 0.22048127343749999 0.2929665390625
1 0.5769483859375 0.197765821875 0.588870065625 0.1793816046875 0.5925953046875 0.1548954109375 0.588784128125 0.15264149062500001 0.576024353125 0.1580978703125 0.5726385546875 0.19715596562499998 0.5769483859375 0.197765821875
1 0.51752211875 0.15919958750000002 0.5187562296875 0.18912797812499998 0.5236212890624999 0.190522421875 0.531572578125 0.1861002484375 0.53518466875 0.15675675312499998 0.53285060625 0.1487611 0.5295380859375001 0.14486312031249998 0.523637996875 0.145137696875 0.51752211875 0.15919958750000002
1 0.45555865312500005 0.1961211984375 0.4594264015625 0.20080376718749998 0.46423489062499995 0.1997695640625 0.473512425 0.183129253125 0.47670129218749996 0.1586680203125 0.45900102499999995 0.15949175468750001 0.4537043859375 0.1856719328125 0.45555865312500005 0.1961211984375
1 0.40142067187499997 0.154067146875 0.4043581875 0.1879684015625 0.414258028125 0.19804324375 0.41634694375 0.19551474687499998 0.4170425296875 0.1792738234375 0.41536633749999996 0.1534181453125 0.41092449999999997 0.1471414390625 0.40446918125 0.14663142812500002 0.40142067187499997 0.154067146875
1 0.346796690625 0.1833533453125 0.3556615046875 0.195097209375 0.35911438281249997 0.1819696796875 0.358529790625 0.156873628125 0.3546808984375 0.1530006078125 0.34609895156250003 0.15339999531249998 0.346796690625 0.1833533453125
1 0.281971140625 0.18961190156250002 0.29227535 0.19399493125 0.29490063593750004 0.191441471875 0.29619752187500004 0.154911875 0.2822707140625 0.1563704265625 0.279580503125 0.1791875984375 0.281971140625 0.18961190156250002
1 0.2786629234375 0.2781024703125 0.2826815359375 0.2892614390625 0.2869913671875 0.289871296875 0.2925897328125 0.27664391875 0.2943392046875 0.259543521875 0.29261694375 0.2547611078125 0.2849568765625 0.2486341671875 0.279876025 0.2610270359375 0.2786629234375 0.2781024703125
1 0.34296045625 0.24917651406250002 0.34363933593749996 0.2783203140625 0.34710271875 0.28869469531249997 0.356757409375 0.2882453859375 0.3559842390625 0.255053834375 0.35366902968749997 0.24786773125 0.3482298828125 0.244879146875 0.34296045625 0.24917651406250002
1 0.3962980546875 0.2799218265625 0.40322482031250007 0.30067058750000003 0.416305175 0.308976559375 0.4127181421875 0.270242965625 0.41097702343750003 0.2646510015625 0.4028937328125 0.263406325 0.3962980546875 0.2799218265625
1 0.5307764984375 0.2671800578125 0.5316983796875 0.26065373593749996 0.5284612921875 0.2599939546875 0.52483869375 0.2658355359375 0.5307764984375 0.2671800578125
1 0.52243135 0.3007959578125 0.528670878125 0.3150932796875 0.5337705875000001 0.3035099625 0.5336469359375 0.27515075 0.5276902734375 0.27299667968749997 0.5235501625000001 0.279672771875 0.52243135 0.3007959578125
1 0.45005888125000004 0.30578487656250003 0.45563003437500005 0.314440309375 0.46419312343749997 0.313231375 0.46875645937500005 0.3016730203125 0.471597534375 0.2853322484375 0.4685385203125 0.26926605625 0.45878953906250003 0.265667615625 0.44974664999999997 0.2693301640625 0.45005888125000004 0.30578487656250003
1 0.9437347687500001 0.43030806093749996 0.9458153296875 0.4504719265625 0.9587930453125001 0.477422509375 0.967628496875 0.4648549125 0.9615942515624999 0.4132683640625 0.9593733328124999 0.4101300109375 0.9487024734375 0.41305789375 0.9437347687500001 0.43030806093749996
1 0.8580095812499999 0.43834966875000003 0.8620281921874999 0.44950863906249994 0.8663191640625 0.44930894375 0.8678339921875 0.4451863109375 0.874710384375 0.39461978593749997 0.869732175 0.3883680375 0.8563983140625 0.3922302796875 0.8580095812499999 0.43834966875000003
1 0.7789156328125 0.3853006015625 0.7805729671875 0.41034673125000004 0.790257021875 0.43420888281250003 0.792920021875 0.43327452656250004 0.79814123125 0.4038561453125 0.7938586109375 0.38136347656249997 0.7856998859375001 0.37688060156250003 0.78091025625 0.37872435625 0.7789156328125 0.3853006015625
1 0.706168159375 0.420292796875 0.7158522109375001 0.4441549484375 0.7216580109375 0.43983262187500005 0.7229842609375 0.4276144859375 0.7194160843749999 0.389690440625 0.7149742484375 0.3834137359375 0.7022333328125 0.3896796640625 0.706168159375 0.420292796875
1 0.63734285625 0.41620193437499997 0.644730559375 0.43368753125000004 0.64898381875 0.43186873906249995 0.6550514765625 0.3926858375 0.6559356421875 0.3845404140625 0.6525288328125 0.3765946828125 0.643316225 0.37297128125 0.6363350390625 0.39598814375 0.63734285625 0.41620193437499997
1 0.570210453125 0.39258202343750004 0.577541584375 0.407638971875 0.5818325578125 0.40743927968750004 0.5900750640625 0.3924679921875 0.58135060625 0.363698615625 0.5763912578125 0.3582564203125 0.568458828125 0.3634881453125 0.570210453125 0.39258202343750004
1 0.514748375 0.40894038125 0.5193033578125 0.42007438906249994 0.52311453125 0.4223283078125 0.5269235578125 0.3783879515625 0.5225005781250001 0.3729207953125 0.5134199749999999 0.3749642421875 0.514748375 0.40894038125
1 0.45934286875 0.42772739218750006 0.465544684375 0.4404056140625 0.4734959703125 0.43598343906250003 0.47270394375 0.40198233906249997 0.46445093125000003 0.3934517125 0.45875827812500003 0.402631340625 0.45934286875 0.42772739218750006
1 0.3981105546875 0.4038329046875 0.4008217765625 0.4280195578125 0.40591313125 0.4391286046875 0.41499373593750005 0.43708515625000005 0.41429599687499996 0.40713180624999995 0.406541640625 0.39695711562499997 0.4001428953125 0.3988757578125 0.3981105546875 0.4038329046875
1 0.3570655875 0.43978101093750005 0.36566639375 0.4401911765625 0.3675562265625 0.406065265625 0.3610066171875 0.40150750625000003 0.3519071546875 0.402741403125 0.35258603593750004 0.43188520312499995 0.3570655875 0.43978101093750005
1 0.2985822109375 0.44169227656250004 0.3072312359375 0.4672234546875 0.3131396796875 0.44425651562499996 0.313590115625 0.4174914390625 0.31071967968749997 0.409520746875 0.3020434421875 0.40587238281250004 0.2980164765625 0.417405778125 0.2985822109375 0.44169227656250004
1 0.21849310156250001 0.438125609375 0.22793200468750002 0.4514636125 0.23220411875 0.45045436875 0.2357512875 0.4413745875 0.23758454375000002 0.4048200265625 0.22731805 0.40205609999999997 0.22147453437500003 0.4047593265625 0.21849310156250001 0.438125609375
1 0.164252478125 0.41471617031249997 0.1641686953125 0.4341703328125 0.173909321875 0.4604611375 0.1821141140625 0.44387074843749996 0.1800335515625 0.42370688437500004 0.177087684375 0.4124979921875 0.1684303046875 0.40965917812499997 0.164252478125 0.41471617031249997
1 0.100424240625 0.4176866046875 0.1016583515625 0.4476149921875 0.11550137499999999 0.4656106015625 0.1204879359375 0.4491699859375 0.1189060328125 0.4273620578125 0.1078202984375 0.4124798390625 0.10193906718750001 0.41356396718750005 0.100424240625 0.4176866046875
1 0.0430241109375 0.443049859375 0.046449778125 0.45180513906249997 0.05715835625 0.4504963578125 0.060112578125 0.4390128875 0.060234075 0.421177825 0.048264178125 0.41444102968749996 0.044048635937500004 0.41787892343750005 0.0430241109375 0.443049859375
1 0.0406399296875 0.5712083812500001 0.036933546875 0.5965041234374999 0.039248753125 0.603690228125 0.0430787875 0.606753696875 0.0489411609375 0.60486001875 0.0545960984375 0.594061290625 0.055367115625 0.5810585671874999 0.051922592187500005 0.5714937359375 0.0469821 0.566861090625 0.0406399296875 0.5712083812500001
1 0.0946459046875 0.6075955796875 0.10326556875 0.6088152953125 0.11062391093749999 0.6019894328125 0.11354041562499999 0.5888868625 0.112015084375 0.5695075843749999 0.10159772812500001 0.5602672546874999 0.0968835296875 0.565349209375 0.0946459046875 0.6075955796875
1 0.164759740625 0.5978492078125 0.1701234578125 0.5975995937499999 0.1757783953125 0.5868008640625 0.17923127187500001 0.5736733328125 0.1784874640625 0.56479324375 0.1638734234375 0.55980035625 0.1591508703125 0.5875746734375 0.164759740625 0.5978492078125
1 0.2130897703125 0.5980313125000001 0.21867978125 0.6074962953124999 0.22755295000000003 0.5965477984375 0.22913270156249999 0.5721614515625 0.2272595765625 0.5609026359375 0.22128405624999997 0.5579390140625 0.2140011453125 0.5680030765625 0.2130897703125 0.5980313125000001
1 0.2690044359375 0.601102153125 0.2759395515625 0.599158553125 0.2785082625 0.59417644375 0.28221464531249996 0.5688807 0.28089675000000003 0.5584064734374999 0.27223937187499997 0.5555676593750001 0.26752517343750004 0.560649615625 0.2690044359375 0.601102153125
1 0.33004601875 0.5707068671875 0.33137441875 0.6046830062499999 0.3352987421875 0.6117942249999999 0.3463362546875 0.6015554296875 0.34560080000000004 0.5699829796875 0.34334216562500003 0.565225525 0.334223846875 0.565649871875 0.33004601875 0.5707068671875
1 0.3887451859375 0.5550082875 0.387014571875 0.572918234375 0.3915884125 0.5848617921875 0.4002646484375 0.5885101578125 0.40802735781250005 0.57599248125 0.4082997203125 0.56463381875 0.4037635953125 0.5543093625 0.39190684375 0.5524298671875 0.3887451859375 0.5550082875
1 0.46397973906249995 0.5806824234375 0.4689202296875 0.5853150687500001 0.4747260296875 0.5809927421875 0.47720880625 0.54927051875 0.4632254265625 0.5483004218749999 0.461174228125 0.55244801875 0.46397973906249995 0.5806824234375
1 0.5169568890625 0.5498520109375 0.5188028015625 0.5829936390625 0.5277996218750001 0.600404353125 0.53356770625 0.594462925 0.5355434734375 0.587077128125 0.5310911328125 0.5572985078125 0.52818298125 0.5477087171874999 0.5222263171875 0.54555464375 0.5169568890625 0.5498520109375
1 0.570388778125 0.5846450734374999 0.573278071875 0.593425315625 0.5860755640625 0.5895880359375 0.5893775781249999 0.5699841046875 0.5880596828125 0.5595098765625 0.584248509375 0.5572559578125 0.573078990625 0.5618279015625001 0.570388778125 0.5846450734374999
1 0.6275270500000001 0.5941423921875 0.639825884375 0.5919491734375 0.640068884375 0.55627905 0.6308751328125 0.5534651968750001 0.6267161640625 0.5593317390625 0.6275270500000001 0.5941423921875
1 0.7009135375 0.540480625 0.701074903125 0.5704589375 0.7048211531249999 0.5929765687499999 0.715276225 0.603835996875 0.719877278125 0.59389674375 0.7168266156249999 0.5551381859375 0.7132500875 0.5399065078125 0.7051102234375 0.53623318125 0.7009135375 0.540480625
1 0.7864062296875 0.5916110531250001 0.7901042609375 0.5890076703125 0.794592165625 0.574211115625 0.792802825 0.5434981375 0.7756577874999999 0.5451064578125 0.7708786609375 0.5704521265625 0.7864062296875 0.5916110531250001
1 0.8584686234375001 0.59636169375 0.8620451515625 0.611593375 0.865875184375 0.6146568453125 0.8695543562499999 0.6112439125 0.8774008484375001 0.5792720765625 0.8733256656249999 0.56568445625 0.8662585421875001 0.5619612078125 0.856622709375 0.5632200671875001 0.8584686234375001 0.59636169375
1 0.94091900625 0.5860412046875 0.9427272062500001 0.6175637328125 0.9536620765625001 0.62596955 0.963333471875 0.580135515625 0.9602367421875 0.562450225 0.9563501375 0.55695810625 0.947805903125 0.5589765921875001 0.94091900625 0.5860412046875
1 0.972563040625 0.74584365625 0.985586825 0.751720978125 0.9850483015625 0.7055516640625 0.9752804625 0.7011436734375 0.96050720625 0.7123667499999999 0.972563040625 0.74584365625
1 0.8682324093749999 0.715850596875 0.8735228453125 0.75855705625 0.8810697671875 0.75982669375 0.8926247921874999 0.7487533875 0.8904122296875 0.7229226718749999 0.8897061374999999 0.7156616828125 0.881509696875 0.7095597062500001 0.8682324093749999 0.715850596875
1 0.794913 0.7954429265625 0.8025332000000001 0.753756490625 0.7939784624999999 0.7322730625 0.7746879375 0.7339812328125 0.7818409953125001 0.76444459375 0.794913 0.7954429265625
1 0.7070108109375 0.733078646875 0.7048758281249999 0.75668040625 0.71513396875 0.782136696875 0.7234812703125 0.7947150734374999 0.7275543046874999 0.762108415625 0.7230831046875 0.7315202484375 0.7185092640625 0.7195766906250001 0.7132398359375001 0.72387405625 0.7070108109375 0.733078646875
1 0.6322665609375 0.7284528109374999 0.63473263125 0.742115315625 0.6442092484375 0.75707241875 0.6550121140625 0.7598113859375 0.65937636875 0.7166556171875 0.6430023484375 0.705261215625 0.6341103234375 0.7154001640625001 0.6322665609375 0.7284528109374999
1 0.5594415046875 0.7140125296875001 0.56207729375 0.734960984375 0.5690983484375 0.75975749375 0.5859982328125 0.747625021875 0.5782333734375 0.713948421875 0.5759935953124999 0.71000051875 0.5679291640625 0.7095653937499999 0.5594415046875 0.7140125296875001
1 0.5117044203125001 0.7162341140625 0.512439875 0.7478065640625 0.5192157749999999 0.762078925 0.522989234375 0.76271374375 0.5268464796875 0.7438944000000001 0.5271649109375 0.7114624765625 0.5233160203125 0.7075894578125 0.513661328125 0.7080387671875 0.5117044203125001 0.7162341140625
1 0.457013359375 0.71958975 0.45972458125 0.7437764046875001 0.464797078125 0.7540758984375 0.4747429890625 0.743077478125 0.4714765390625 0.7181062359375 0.46816402031250004 0.7142082546874999 0.45904570156249996 0.714632603125 0.457013359375 0.71958975
1 0.3953871828125 0.7248889859375 0.39719538125 0.7564115140625 0.40607905312500003 0.7689649281250001 0.4193940578125 0.7642931374999999 0.4119392765625 0.720876975 0.4085513265625 0.7137407953125 0.39740066406249996 0.7191222890625 0.3953871828125 0.7248889859375
1 0.32985554375000004 0.723886553125 0.327626271875 0.7434405609375 0.33294391874999996 0.7642642078125 0.339418096875 0.76558376875 0.3445932359375 0.7572386515625 0.3450813875 0.7320926796875 0.3426907484375 0.7216683749999999 0.3340333703125 0.7188295609375001 0.32985554375000004 0.723886553125
1 0.2682210140625 0.7518781515625 0.270056421875 0.76151786875 0.2772555484375 0.7709079671875 0.28150880625 0.769089175 0.28246840156249997 0.76418195 0.282137315625 0.7269176890625 0.2750890515625 0.7240039875 0.27140988125 0.7274169203125 0.2682210140625 0.7518781515625
1 0.20524757968750001 0.7223916984375001 0.200091296875 0.7315463656250001 0.2014846234375 0.7452587921875 0.2094275578125 0.7635289796875 0.21959976406249998 0.7622451609375 0.22343815 0.7426162656249999 0.222600053125 0.729688428125 0.218177075 0.7242212718750001 0.20898332343749998 0.7214074171875 0.20524757968750001 0.7223916984375001
1 0.152542790625 0.74186345 0.15360718125 0.7645058890625 0.1603830828125 0.77877825 0.1647494890625 0.7818167578125 0.16789228750000001 0.7784287875 0.168776453125 0.7702833640625 0.1686339421875 0.7411146015625001 0.1640978171875 0.7307901453125 0.1586398125 0.7269920109375 0.152542790625 0.74186345
1 0.100730521875 0.7304974140625 0.0938896953125 0.736488765625 0.10568987187500001 0.7359396109375 0.100730521875 0.7304974140625
1 0.0888570640625 0.7740026453125 0.093854128125 0.7810639421875 0.098163959375 0.7816737984375 0.10385661406249999 0.7724941703125 0.1077892921875 0.7569130265624999 0.10698890937500001 0.7456042875 0.09404055624999999 0.7429651671874999 0.090916615625 0.7471626875 0.0888570640625 0.7740026453125
1 0.03701543125 0.7383251484375 0.0392657125 0.7657749640625 0.043764123437500003 0.774480321875 0.0543406953125 0.7675046890624999 0.0543867640625 0.7464314265625 0.0498694953125 0.73691651875 0.0422848609375 0.73402778125 0.03701543125 0.7383251484375
1 0.028750015625000003 0.867567796875 0.026181303125 0.8725499046875 0.030727934374999998 0.9063762765625001 0.0374472609375 0.9182199859375 0.0401291203125 0.918095178125 0.04469245625 0.9065368234375001 0.04514289375 0.8797717484375 0.0433263421875 0.8709415843749999 0.03783061875 0.8655243499999999 0.028750015625000003 0.867567796875
1 0.09615478125 0.8798290453125001 0.0920146703125 0.8865051375 0.0920817484375 0.9124357 0.0972296765625 0.925973396875 0.1009654203125 0.924989115625 0.109763159375 0.9108024171875 0.10936714375 0.893801865625 0.10864219374999999 0.8857313265625001 0.104219215625 0.8802641687499999 0.09615478125 0.8798290453125001
1 0.14112622187499999 0.89718643125 0.15130893437499998 0.919404521875 0.158130903125 0.9126036203125001 0.1616780703125 0.9035238390625 0.16124434062499998 0.8849041890624999 0.1546570171875 0.878727328125 0.1498673859375 0.8805710812499999 0.14112622187499999 0.89718643125
1 0.20227045000000002 0.84814653125 0.204022075 0.8772404109374999 0.2085393421875 0.8867553171875 0.2181563171875 0.88468690625 0.2198869328125 0.8667769609375 0.21834274531250003 0.8465881328125 0.2117931375 0.8420303718750001 0.2037664171875 0.8432143468750001 0.20227045000000002 0.84814653125
1 0.26071611093749997 0.8446161640625001 0.2589666390625 0.8617165609375 0.2615081390625 0.8786172640625001 0.267785384375 0.8945336875000001 0.27744007656249997 0.8940843781250001 0.2800276453125 0.8899118218750001 0.2774002078125 0.8462710046874999 0.2702387984375 0.8385000046875 0.2622120796875 0.839683978125 0.26071611093749997 0.8446161640625001
1 0.32545787656249997 0.8578117703125001 0.32586439375 0.8983142328125 0.3358857359375 0.8905540109375 0.339837271875 0.8757824187500001 0.33907460624999997 0.8660927796875001 0.337813284375 0.858047203125 0.3307084453125 0.8527048531249999 0.32545787656249997 0.8578117703125001
1 0.3846578515625 0.8866634046874999 0.3885633140625 0.8929650734375001 0.3970886890625 0.8901370375000001 0.4031752046875 0.8517636859375 0.39126188125 0.847455540625 0.3839412546875 0.8559005031250001 0.3846578515625 0.8866634046874999
1 0.44488234687499995 0.8903441046875 0.45545056562499997 0.9060608328124999 0.45912973749999997 0.902647903125 0.458836365625 0.8670027390625 0.4549309 0.8607010687500001 0.44429775468750005 0.865248053125 0.44488234687499995 0.8903441046875
1 0.5053498453125 0.8583546765625 0.5086162953125 0.8833259203124999 0.5146483890625 0.8887181921874999 0.530240884375 0.88961340625 0.53005230625 0.88151790625 0.518570559375 0.8496351359375 0.5120398109375001 0.8458869265625 0.5053498453125 0.8583546765625
1 0.6423132140625001 0.860084965625 0.642765803125 0.879514165625 0.64706728125 0.9028163843750001 0.6510104609375 0.9107371531249999 0.656129028125 0.8999633875 0.6562588796875 0.8594359624999999 0.6545554765625 0.8554630968750001 0.6459358140625 0.854243384375 0.6423132140625001 0.860084965625
1 0.7056533 0.88226050625 0.7049577140625 0.8985014296875 0.710011353125 0.9079913749999999 0.7214825953124999 0.9163722296874999 0.7234583625 0.9089864343749999 0.7221865359375 0.877438946875 0.713416009375 0.86974283125 0.7091438953125 0.8707520750000001 0.7056533 0.88226050625
1 0.7959984 0.8650891921874999 0.791820571875 0.8701461859374999 0.7946449421875 0.8991901390624999 0.8063424765624999 0.917285596875 0.8101347953125 0.9187299640625 0.8172668421875 0.9021895015625001 0.816353315625 0.8860234625000001 0.813924959375 0.8739800578124999 0.8094831250000001 0.8677033515625 0.7959984 0.8650891921874999
1 0.8717881828125 0.8915479156250001 0.880380634375 0.9146504421874999 0.8941754375000001 0.907525040625 0.892658459375 0.8654534 0.88018990625 0.8603606671874999 0.8717776765625 0.8680460015625 0.8717881828125 0.8915479156250001
1 0.5643528859375 0.9018031750000001 0.5600241968749999 0.90038376875 0.551056740625 0.9072845140625001 0.5570511171875 0.9110576859374999 0.5643528859375 0.9018031750000001
1 0.5699218890625 0.8642643328125 0.570290690625 0.9031476953125 0.5773871749999999 0.9311824078125 0.581160634375 0.9318172265625 0.5924977218749999 0.8883369578125 0.59085924375 0.8641003796875 0.5815900625 0.8580483265625001 0.571954228125 0.8593071875 0.5699218890625 0.8642643328125
1 0.9751487109375001 0.902946284375 0.9894289265625 0.896839728125 0.9901344671875 0.8362057875 0.9848473203125 0.8352294390624999 0.9742707484375 0.8422050703125 0.9722782750000001 0.8949755921874999 0.9751487109375001 0.902946284375