1 0.131372178125 0.028033396874999998 0.1417090890625 0.0309203046875 0.1693701953125 0.030937246875 0.1867348484375 0.025512012499999997 0.193251025 0.019642571875 0.18196026875 0.0080234296875 0.13813701875 0.0101339140625 0.1411916921875 0.0113750234375 0.13844734218750002 0.020740678125000002 0.131372178125 0.028033396874999998
1 0.1277842359375 0.11904690468750001 0.150155878125 0.1138266890625 0.15315005625 0.109486559375 0.14959092031250001 0.1037624125 0.132925159375 0.09527023125 0.12266584218750001 0.0970815125 0.1081484953125 0.10708606406250001 0.11062779062500001 0.11499736093749999 0.1277842359375 0.11904690468750001
1 0.0882594875 0.19608413593750001 0.096359125 0.198647153125 0.136660375 0.19806598125 0.1535585421875 0.18927459687499998 0.14582691875 0.1833796015625 0.11949099375000001 0.1789541890625 0.0967755390625 0.179697596875 0.0905660390625 0.1827903890625 0.086246678125 0.1915389875 0.0882594875 0.19608413593750001
1 0.244368621875 0.1260519875 0.2794788765625 0.1269317859375 0.3001201859375 0.12219856250000001 0.29399622187499996 0.11692723593750001 0.25927818125 0.10490666875000002 0.23529887968750002 0.10950321562500001 0.23258717812500002 0.11887548437499999 0.237815309375 0.12466797031250001 0.244368621875 0.1260519875
1 0.2358801078125 0.21049629687500002 0.27099036249999997 0.21137609687499997 0.27654937031250004 0.20658314687499998 0.27848791093749997 0.196621378125 0.2701057953125 0.189026221875 0.256692490625 0.1890348375 0.2294978671875 0.1923840421875 0.22474915625 0.20501995156250002 0.2358801078125 0.21049629687500002
1 0.2590424359375 0.046323674999999995 0.291403853125 0.049322284375 0.30076733906249997 0.048032162499999996 0.310560175 0.04285473125 0.311050859375 0.038412092187500003 0.276946175 0.020838228125 0.2711046875 0.020599039062499998 0.25599818750000003 0.0283481015625 0.2539983109375 0.038865196875 0.2590424359375 0.046323674999999995
1 0.3663488734375 0.046254762500000005 0.372779515625 0.0487494390625 0.40090710625000003 0.05213253125 0.4298562625 0.0404875453125 0.42367096249999997 0.035771546875 0.405802690625 0.030577175 0.3768406 0.027159914062500002 0.368004934375 0.03126085625 0.36578391875 0.0361904859375 0.3663488734375 0.046254762500000005
1 0.3711881265625 0.1390545734375 0.3916212296875 0.14379612656250002 0.40768490156250003 0.134970575 0.4098445796875 0.13059627499999998 0.4052669421875 0.12650395 0.376145046875 0.1169438890625 0.372684384375 0.1179178703125 0.3673093796875 0.12104483125000001 0.3674449875 0.1349964171875 0.3711881265625 0.1390545734375
1 0.362233128125 0.2201327359375 0.381082771875 0.2164418296875 0.39207811718749996 0.20796658906249998 0.37612418281250004 0.2006192359375 0.3492362390625 0.20119179531250003 0.3402537015625 0.214212184375 0.351445990625 0.2191332 0.362233128125 0.2201327359375
1 0.3906578015625 0.281543490625 0.4004748375 0.2685572703125 0.3951853703125 0.2633201125 0.3518528078125 0.2609879578125 0.34295580625 0.265644228125 0.3369061109375 0.27487981875 0.3489328984375 0.2798350046875 0.3906578015625 0.281543490625
1 0.31684436250000003 0.34267284375 0.3656988 0.33295859375000003 0.3763503328125 0.3200065421875 0.35508273125 0.315230821875 0.31868443125 0.32601295 0.310192578125 0.3345907 0.3120213796875 0.34080183750000004 0.31684436250000003 0.34267284375
1 0.24570048125000002 0.2733766359375 0.25465881874999996 0.268165034375 0.238115728125 0.2585621921875 0.218087775 0.25774211875 0.214504440625 0.259826759375 0.21256590000000003 0.269788528125 0.2287651765625 0.2749145625 0.24570048125000002 0.2733766359375
1 0.1174331203125 0.265893178125 0.12364262343750002 0.2628003859375 0.1268208078125 0.2567942671875 0.11992367968749999 0.250933440625 0.0982267328125 0.2500450265625 0.0774503796875 0.24782401406250001 0.0824667953125 0.264331634375 0.1174331203125 0.265893178125
1 0.0876398734375 0.33830830624999997 0.10850232343749999 0.3391625484375 0.1460789375 0.3328914 0.1163678859375 0.32107585156249996 0.0811962953125 0.32075138281250004 0.091142653125 0.3302747765625 0.0737600828125 0.334950771875 0.0876398734375 0.33830830624999997
1 0.09455160312500001 0.3971646578125 0.1139904 0.39572924375 0.114481084375 0.3912866046875 0.1055098125 0.38143595937499997 0.0712340578125 0.3805903296875 0.0651843640625 0.38982591875 0.069762003125 0.393918246875 0.09455160312500001 0.3971646578125
1 0.08526405625 0.4508949765625 0.1120535296875 0.44362428906250007 0.108371725 0.43901080156249994 0.07065950625 0.43133036562499993 0.0487543484375 0.43991672968750006 0.0464106625 0.44595701875 0.08526405625 0.4508949765625
1 0.075816703125 0.4984824953125 0.099673334375 0.49499660937499995 0.0776567703125 0.4818226 0.055002653125 0.48201067656249996 0.0487689515625 0.49291225625 0.05745774687500001 0.4977307609375 0.075816703125 0.4984824953125
1 0.07024809843749999 0.564079759375 0.0842134234375 0.5590731765625 0.082691296875 0.550085390625 0.0794759765625 0.54883805 0.05032988125 0.5470867796875 0.045728040625 0.550803240625 0.0461089890625 0.56253350625 0.07024809843749999 0.564079759375
1 0.046848354687499996 0.63173610625 0.078522146875 0.6257811 0.08401982031250001 0.6215434796875 0.0779571921875 0.6157168234375 0.0681885578125 0.6130854671875 0.0296789734375 0.61262431875 0.021960284375 0.6217915671875 0.0264765890625 0.6264392265625001 0.046848354687499996 0.63173610625
1 0.044249728125 0.7008020296875 0.069860890625 0.6890203640625 0.033449654687500004 0.684740246875 0.0203801625 0.6892256703124999 0.0188709734375 0.695300128125 0.044249728125 0.7008020296875
1 0.028126390624999997 0.748116190625 0.0507191734375 0.74848344375 0.061996996875 0.7450403421875 0.065825675 0.74073438125 0.062082534375 0.7366762234374999 0.0378207546875 0.73624063125 0.031022100000000004 0.737077934375 0.02456725625 0.74239204375 0.028126390624999997 0.748116190625
1 0 0.8156932140625001 0.0093042859375 0.819864865625 0.0309399015625 0.8213086109375001 0.056121715625 0.8134142546875 0.057446896875 0.8090057843749999 0.044119128125000004 0.8006502828125001 0.009659365625000001 0.8014706421875 0.0036338734375 0.8028974453125001 0 0.8146600749999999 0 0.8156932140625001
1 0 0.8736731609374999 0.029629320312500002 0.8787126046875 0.05116646406249999 0.8734582203125001 0.04840469375 0.8605147828125 0.0009609765625 0.8574564499999999 0.0080879359375 0.8680762718749999 0 0.8710329765625 0 0.8736731609374999
1 0.18232786406249998 0.8319701390625 0.1891265203125 0.8311328390625 0.1919980265625 0.82790336875 0.1876657296875 0.8215897218749999 0.1697974578125 0.8163953484375 0.14405068906250001 0.8142254265625001 0.1514861328125 0.81859625 0.149075275 0.82494258125 0.14131478749999998 0.8314064828125 0.18232786406249998 0.8319701390625
1 0.1422296125 0.8766018765625001 0.1368130890625 0.8797543515624999 0.1716166640625 0.8834108 0.1856433234375 0.8778488875000001 0.1930553359375 0.8714582859375 0.1835320453125 0.8666056109375001 0.1385918203125 0.8636497859375 0.1414861546875 0.8678516406250001 0.153427178125 0.8732691687499999 0.1422296125 0.8766018765625001
1 0.2781015375 0.8983699625 0.286164040625 0.8936795203125 0.280162746875 0.8872975343749999 0.2655711328125 0.8827951703125001 0.23945634999999998 0.8839572296875 0.2320443375 0.8903478281250001 0.2383523078125 0.8939531671875001 0.2781015375 0.8983699625
1 0.264575159375 0.8386849249999999 0.2831794578125 0.8372153375 0.2895116296875 0.8330118875 0.286075165625 0.82617708125 0.2623040703125 0.8212988484375 0.2551374015625 0.8254681296875 0.253972025 0.836019396875 0.264575159375 0.8386849249999999
1 0.28198654375 0.7797088343749999 0.3010201921875 0.774351940625 0.29829555625 0.7686619625 0.28633010625 0.7631514484374999 0.274892475 0.7604517515625 0.26225233281250004 0.761049865625 0.252766175 0.7634506484375 0.24869215625000002 0.769977928125 0.28198654375 0.7797088343749999
1 0.16617531875 0.7732932515625001 0.1919462890625 0.7676543859375 0.19626565 0.7589057875 0.190976184375 0.7536686296874999 0.16016109218750002 0.7518490203125 0.15370625 0.75716313125 0.155289709375 0.7655955859375 0.16617531875 0.7732932515625001
1 0.142032871875 0.695880440625 0.13989739375000002 0.6924459515625 0.135479559375 0.6944964234375 0.1361671875 0.703450040625 0.141051503125 0.7047657187499999 0.142032871875 0.695880440625
1 0.174836575 0.7100539859375 0.19040955937499998 0.7056710734375 0.190838909375 0.7017837625000001 0.1731546453125 0.6949234015625 0.1490155359375 0.69337715 0.147101196875 0.6955301296874999 0.1443281609375 0.7054577281250001 0.147359475 0.7083710562500001 0.174836575 0.7100539859375
1 0.2891628109375 0.7147352406249999 0.29543364375 0.71108711875 0.2930156875 0.7026204921875 0.261366096875 0.7007667125 0.2582250453125 0.714026290625 0.2670978453125 0.71717880625 0.2891628109375 0.7147352406249999
1 0.24918868437500002 0.34046042656250003 0.23224044375 0.3269361046875 0.2076961875 0.321468375 0.2047633453125 0.325253175 0.20829827656250002 0.33878610937500003 0.24786350000000001 0.3448688953125 0.24918868437500002 0.34046042656250003
1 0.1999437 0.3992487265625 0.2308814640625 0.399957675 0.23310248125 0.395028046875 0.229850025 0.38652725 0.20029877968749998 0.3808545 0.1917084578125 0.382734121875 0.1871679515625 0.385895253125 0.18649326093750002 0.39200388125 0.1999437 0.3992487265625
1 0.227816353125 0.46565744843749995 0.233252690625 0.46197515781250004 0.2329702140625 0.4569430203125 0.2173842921875 0.4462636875 0.1927787 0.44135128593750006 0.190754625 0.459677171875 0.21678387031250002 0.46687923124999997 0.227816353125 0.46565744843749995
1 0.175846734375 0.5187557703125 0.2111409953125 0.5179695796875 0.2230935109375 0.5084178484375 0.220835359375 0.5060940203125 0.2042680703125 0.5042999640625 0.1774414609375 0.5043171921875 0.170274790625 0.508486475 0.16870426562500002 0.5151162625000001 0.175846734375 0.5187557703125
1 0.197067603125 0.5770823468749999 0.21056644375000003 0.568709615625 0.1976438234375 0.564275590625 0.171774384375 0.563216328125 0.16717254374999999 0.5669327890625 0.166191175 0.5758180671875001 0.197067603125 0.5770823468749999
1 0.1929839875 0.644413940625 0.1991563515625 0.634067690625 0.19695953593749999 0.6311885328125 0.159652465625 0.6274295734375 0.1588922375 0.6419023203124999 0.18189017031250002 0.6461910515625 0.1929839875 0.644413940625
1 0.28333092031249996 0.653691740625 0.295443240625 0.6502828078125 0.296768425 0.6458743375 0.2840911484375 0.63921899375 0.26681203125 0.636280109375 0.2616210359375 0.63774108125 0.254086353125 0.6452423390625001 0.2659904671875 0.651308184375 0.28333092031249996 0.653691740625
1 0.26404859062499997 0.58540339375 0.294090521875 0.5866335031250001 0.30530700781250003 0.5837457328125 0.3064110484375 0.5737497953124999 0.27219662968749997 0.572348834375 0.26444080468750003 0.5742626265624999 0.26048945625000003 0.5796792468749999 0.26404859062499997 0.58540339375
1 0.3042739 0.5323820265625 0.32670687656249997 0.5266064796875 0.33735841093749996 0.5136544328125 0.296995825 0.5147909328125 0.29097033125 0.516217734375 0.28838130156249997 0.52447934375 0.3042739 0.5323820265625
1 0.312993153125 0.39272087187500004 0.306439840625 0.3913368546875 0.3052373296875 0.3946346640625 0.310649465625 0.3987611625 0.312993153125 0.39272087187500004
1 0.34616486874999997 0.4035624390625 0.361860525 0.3980688671875 0.350790909375 0.39203719062500003 0.32164481093749997 0.3902859203125 0.3184666265625 0.3962920390625 0.32465192656249997 0.4010080375 0.34616486874999997 0.4035624390625
1 0.339553559375 0.4786003109375 0.34934639375 0.47342287812499995 0.3494932625 0.46450343125 0.33836231250000004 0.45902708593749997 0.3220403640625 0.4550117125 0.3050437265625 0.45710496718750004 0.29976719375 0.46693005625 0.30206248125 0.4765073421875 0.339553559375 0.4786003109375
1 0.54185174375 0.0662713328125 0.5539640671875 0.0628624 0.5544547515625 0.05841976250000001 0.5504662687499999 0.0565829234375 0.4996474203125 0.0461344515625 0.49241941562499997 0.050859062499999996 0.49422401875000005 0.0648789890625 0.54185174375 0.0662713328125
1 0.4745432171875 0.1444022828125 0.500535328125 0.1443508828125 0.526612975 0.13593536875 0.52608515625 0.13312455 0.4967179171875 0.12578581093750002 0.472922621875 0.12871636718749999 0.4669955984375 0.1368412953125 0.468112575 0.14190760468750002 0.4745432171875 0.1444022828125
1 0.49868566249999996 0.22181509375 0.5247633109375001 0.2133995765625 0.5212655109375001 0.20712009999999997 0.5089320453124999 0.2049415640625 0.46940396093750003 0.2061122359375 0.4622372890625 0.21028151875 0.466606721875 0.223848621875 0.49868566249999996 0.22181509375
1 0.48332422187499996 0.2925897890625 0.5024805421874999 0.2861222359375 0.5013022312500001 0.2816112546875 0.4620436859375 0.2727518203125 0.45382137812499995 0.2712994640625 0.44510838281250004 0.2742897453125 0.4398931859375 0.2835595046875 0.462400434375 0.2922908734375 0.48332422187499996 0.2925897890625
1 0.4481801703125 0.360323090625 0.46483299687499996 0.3537530265625 0.46532368281250003 0.3493103875 0.4512840859375 0.3398100546875 0.42032212187500007 0.3469098921875 0.413928615625 0.35166867343749997 0.41801556875 0.360203640625 0.4481801703125 0.360323090625
1 0.455987734375 0.4186582796875 0.46816139375 0.41469401875 0.4710942359375 0.4109092203125 0.4265833609375 0.40406608437499997 0.4202511890625 0.40826953593750004 0.42087748124999996 0.41777848124999994 0.455987734375 0.4186582796875
1 0.4662987921875 0.47709598125 0.48032545156250006 0.47153407031250005 0.47707299531249997 0.4630332734375 0.44202407812500005 0.46159814375 0.431924565625 0.469552225 0.440429353125 0.4760367203125 0.4662987921875 0.47709598125
1 0.43182943281249997 0.53872065625 0.45710971718750004 0.537524428125 0.46934470937499995 0.5330048359374999 0.46871841875 0.5234958890625 0.43784199062500007 0.5222316078125 0.4261348171875 0.52956201875 0.42706778593749994 0.5362943171875 0.43182943281249997 0.53872065625
1 0.462094175 0.5834715125 0.4639100421875 0.5746204046875001 0.4291678015625 0.570408628125 0.42342478593750005 0.5768675671875 0.4232165765625 0.5863423453125 0.4532585078125 0.58757245625 0.462094175 0.5834715125
1 0.4545740953125 0.6439682999999999 0.4821980671875 0.636731784375 0.45956814843749993 0.6291110718749999 0.43215238281249996 0.6268728109375 0.42350072499999997 0.6293077640625 0.4183468640625 0.638022190625 0.429539153125 0.6429432078125 0.4545740953125 0.6439682999999999
1 0.43792460625 0.726404921875 0.4531537796875 0.7175452 0.45280996562500003 0.7130683906249999 0.4440598359375 0.708805215625 0.4068141015625 0.7044909265625 0.40231073124999994 0.714905515625 0.40413953437499994 0.721116653125 0.43792460625 0.726404921875
1 0.40508710625 0.7808444765625 0.425053725 0.7822198796875 0.4536348671875 0.7739068734375001 0.437926275 0.7643382 0.41687981562500004 0.765149946875 0.404890165625 0.767448221875 0.4005708046875 0.77619681875 0.40508710625 0.7808444765625
1 0.3977881703125 0.8469287296875001 0.42872593437499995 0.8476376812499999 0.44945278125000004 0.8345403390625 0.4333761734375 0.82830364375 0.41072205625 0.8284917203125 0.39363988125 0.8389490937499999 0.3937996875 0.8450918921874999 0.3977881703125 0.8469287296875001
1 0.41452987031250005 0.9078611078125001 0.4240773640625 0.9049049968749999 0.42446957812499997 0.8937642296874999 0.41315461718749996 0.889953875 0.39485699687500003 0.8886468093750001 0.3859971296875 0.9005565390625 0.38884443750000003 0.9051358578125 0.41452987031250005 0.9078611078125001
1 0.545767209375 0.9188132250000001 0.571145965625 0.924315125 0.5789017890625 0.922401334375 0.5826691296875001 0.9186507031250001 0.581674825 0.9124737359375 0.5715010421875 0.9059209015624999 0.5582717453125 0.9042635265625 0.5478897546875 0.9071854687500001 0.5423307453125 0.9119784187500001 0.545767209375 0.9188132250000001
1 0.591895340625 0.8654757156249999 0.5945457078125 0.8566587765625 0.5887284203125 0.8486108015625 0.5757444656249999 0.8447321062500001 0.5555938406250001 0.84502269375 0.5444144875 0.8551639249999999 0.5488694546875 0.8603669109375 0.591895340625 0.8654757156249999
1 0.5932543203125 0.7924541453125 0.5938676765625 0.786900846875 0.58369389375 0.7803480125 0.5707712734375 0.7759139875 0.561530459375 0.7760934500000001 0.5540329109375 0.79084816875 0.581792490625 0.7975632390625 0.5932543203125 0.7924541453125
1 0.6012780203125 0.7425769671875 0.6119053531249999 0.73743370625 0.602099584375 0.7275488906249999 0.5773099828125 0.7243024796875 0.5654430031250001 0.7254900937500001 0.5614303203125 0.73146204375 0.5705855984375 0.7396466968750001 0.6012780203125 0.7425769671875
1 0.613498409375 0.6850618484375001 0.6126267765625 0.677774221875 0.6079264671875 0.674792553125 0.5825477109375 0.669290653125 0.571576565625 0.6699571062499999 0.5672572031249999 0.6787057062499999 0.5717121703125 0.6839086937500001 0.613498409375 0.6850618484375001
1 0.5921790703124999 0.6200371421875001 0.627289325 0.6209169421875 0.6352291578125 0.6173371624999999 0.626503228125 0.605265196875 0.593957803125 0.603932578125 0.588705471875 0.6059488796875 0.5876627671875 0.6153894875 0.5921790703124999 0.6200371421875001
1 0.58557401875 0.5584041421875 0.6036876343750001 0.5613771984375 0.6166957890625 0.5574471046875 0.6218496484375 0.548732675 0.6102522125000001 0.53989018125 0.5986305749999999 0.538856475 0.5872914140625001 0.5428549078125 0.5834385375 0.5549696546875 0.58557401875 0.5584041421875
1 0.624141596875 0.482443403125 0.6297006078125 0.47765045156249997 0.6262028078124999 0.47137097499999997 0.594025396875 0.46670637656249997 0.590761675 0.4810766125 0.5946888234375 0.48346878125000003 0.624141596875 0.482443403125
1 0.6010677265625 0.4257144765625 0.63540481875 0.426004775 0.6547451453125 0.4178712328125 0.6495783515625 0.4115234140625 0.6423132109374999 0.40899456718750005 0.6110074328125 0.41161759531250003 0.600686778125 0.41398420937499997 0.5975085921875001 0.41999032812500003 0.6010677265625 0.4257144765625
1 0.6454655265625 0.37286395625 0.6549516843750001 0.370463175 0.653085746875 0.35699857968750004 0.6334871421875 0.35229119531249997 0.6225159953125 0.3529576484375 0.619583153125 0.3567424484375 0.6224675953125 0.368575225 0.6454655265625 0.37286395625
1 0.6644845734375 0.3145115375 0.6642262953125 0.301670609375 0.62763105 0.29905648125 0.623250353125 0.3083604125 0.62860115625 0.3130422390625 0.6644845734375 0.3145115375
1 0.621271340625 0.23520216249999998 0.6520864343749999 0.237021771875 0.67582039375 0.2346465453125 0.68866874375 0.22457365468749999 0.6792067875 0.21916564843750003 0.6389055390625 0.2197468203125 0.6226820609375 0.222429575 0.6175895359375 0.230588675 0.621271340625 0.23520216249999998
1 0.6876469000000001 0.15033891562499999 0.68557275625 0.146349096875 0.6711038109375 0.1407360734375 0.6392702140625001 0.1405482828125 0.638141971875 0.15835300937500002 0.6633980546875 0.16496556874999999 0.6876469000000001 0.15033891562499999
1 0.7042108515625001 0.0762664109375 0.7204343296875 0.07358365624999999 0.7242016718750001 0.069833025 0.7212930265625 0.06580903906249999 0.6897289734375 0.055591140625 0.67511315625 0.0588975640625 0.6701433031249999 0.0659460046875 0.6698737609375 0.0759761109375 0.7042108515625001 0.0762664109375
1 0.828513928125 0.07410424374999999 0.8732330109375 0.0714726 0.87576070625 0.063766321875 0.8662616156249999 0.051104859375 0.8393736703125001 0.051677415625 0.8318018515625001 0.05192521875 0.8242058328124999 0.059981807812499996 0.828513928125 0.07410424374999999
1 0.8983697625 0.1550623796875 0.8567917296875001 0.1444344453125 0.8333402484375 0.151841809375 0.8319666640625 0.17186785468750002 0.8644136171874999 0.166502346875 0.8983697625 0.1550623796875
1 0.8200658875 0.24166856874999998 0.843959653125 0.245436140625 0.8717676328125 0.23653363437500002 0.8860396343750001 0.228750403125 0.8532117343750001 0.22238564374999997 0.8210714578125 0.22497450468750002 0.8080633031250001 0.228904596875 0.8116224359374999 0.2346287453125 0.8200658875 0.24166856874999998
1 0.803195259375 0.3185177234375 0.8176270671875001 0.3168772890625 0.8345252359374999 0.30808590625 0.839089940625 0.29711598906250003 0.7954749 0.28975169218749997 0.7811173609375001 0.30589904375 0.79008863125 0.3157496875 0.803195259375 0.3185177234375
1 0.7765559921875 0.392735521875 0.7984982859375 0.3914026140625 0.8251037515625 0.38579791874999997 0.81538351875 0.36754898593749996 0.7795372375 0.3733331453125 0.7751194046875 0.375383615625 0.7733648718749999 0.3836793953125 0.7765559921875 0.392735521875
1 0.771097125 0.442159878125 0.8036425484375 0.4434924984375 0.819399540625 0.43744359531250004 0.8206633890624999 0.43359045625 0.8019606171874999 0.42836191250000005 0.768703365625 0.4258844640625 0.7641015265625 0.429600925 0.7629974875000001 0.4395968609375 0.771097125 0.442159878125
1 0.765675390625 0.4988376953125 0.7909556734375001 0.497641465625 0.8023561703125001 0.49308770312499994 0.792673071875 0.48209223124999995 0.766496953125 0.48380961874999995 0.76195645 0.4869707484375 0.76091374375 0.49641135625 0.765675390625 0.4988376953125
1 0.761125290625 0.5628031390625 0.793793384375 0.5630250984375 0.8081267234375 0.5546865375000001 0.8054876249999999 0.5406324421875001 0.7596887015625 0.5454512328125001 0.7518102046874999 0.5484756859375 0.7555291453125 0.5603426296875 0.761125290625 0.5628031390625
1 0.7494698546875 0.6303825328125 0.7691911296875 0.63397925625 0.7914401015625 0.6298697015625 0.7938451234375 0.6232740796875 0.7861135 0.6173790859375 0.76036673125 0.6152091640624999 0.7492729140625001 0.616986278125 0.7449535515625 0.625734875 0.7494698546875 0.6303825328125
1 0.768224365625 0.695860059375 0.7784223484374999 0.69460410625 0.7892336890625 0.6877948546875 0.7880553765625 0.6832838765625 0.783171059375 0.681968196875 0.7448454828125 0.6798410609375 0.740710128125 0.6869236703125 0.7436187703125 0.690947659375 0.768224365625 0.695860059375
1 0.7277295125000001 0.7589115343749999 0.736295634375 0.7648406999999999 0.7506047734375 0.7643109265625 0.7706569265625001 0.7573222109375 0.7709878046875 0.7467367734375 0.7514505359375 0.7414740625 0.73803723125 0.741482675 0.7317050609375 0.7456861265625 0.7273243625 0.7549900546874999 0.7277295125000001 0.7589115343749999
1 0.7391817453125 0.8146067546875001 0.7626090265625 0.8150081796875 0.7783660203125 0.808959275 0.782194696875 0.804653315625 0.77922471875 0.80118465625 0.7710024078125 0.7997323 0.7410218140625 0.797946859375 0.7296826546874999 0.8019452906250001 0.7248968078125 0.8073277421875 0.7391817453125 0.8146067546875001
1 0.7191070609375 0.8673375375000001 0.7241511843749999 0.8747960140625001 0.7255005671875 0.8625787562499999 0.7191070609375 0.8673375375000001
1 0.7618634015625 0.8824764500000001 0.76992590625 0.8777860078125 0.7712510906250001 0.8733775375 0.7627463031249999 0.86689304375 0.7473815234375001 0.8618011796875 0.735637215625 0.8618781328124999 0.73082716875 0.875069371875 0.7346316453124999 0.8785721984375 0.7618634015625 0.8824764500000001
1 0.7168151125 0.933626809375 0.745372053125 0.9331225890624999 0.755042215625 0.92905581875 0.74959294375 0.9176758625 0.727957328125 0.9162321203125 0.7174526671875 0.920264721875 0.7132559765625001 0.9279026625 0.7168151125 0.933626809375
1 0.8482122562500001 0.9507217234375 0.8529125656250001 0.9537033906250001 0.8883908343750001 0.9512512109375001 0.90164433125 0.9450998 0.9019510109375 0.94232315 0.8908200562499999 0.9368468046875 0.86340429375 0.9346085453124999 0.8540408062499999 0.935898665625 0.8475859640625 0.9412127781249999 0.8482122562500001 0.9507217234375
1 0.8717346703125 0.8819547156249999 0.8779199703125 0.8866707109374999 0.9045625718749999 0.888319475 0.919301059375 0.8839023906250001 0.9188959109375 0.8799809125 0.90575215 0.86995941875 0.8882276890625 0.8692418546875 0.8798213734375 0.8694554875 0.873489203125 0.8736589374999999 0.8717346703125 0.8819547156249999
1 0.8968534796875 0.8366824109375001 0.921323465625 0.8276432265624999 0.9154448437499999 0.8201505812500001 0.9066947140625 0.8158874046875001 0.887501259375 0.8151015015624999 0.880089246875 0.8214921000000001 0.8812062234375 0.8265584078125 0.8968534796875 0.8366824109375001
1 0.8564020203125 0.770316471875 0.8865666203125 0.770435921875 0.8970712828125 0.7664033203125 0.896506328125 0.7563390437499999 0.8783927125 0.753365990625 0.857407590625 0.75362240625 0.8516645734375 0.7600813453125 0.8515790390625 0.7684454640625 0.8564020203125 0.770316471875
1 0.8622531015625 0.709751346875 0.87953221875 0.7126902296875001 0.897302021875 0.7111864765625 0.9146666734375 0.7057612421874999 0.915770715625 0.6957653046875001 0.911904903125 0.69281780625 0.8666580015625 0.69263863125 0.8575156578125 0.699516221875 0.857430121875 0.7078803390624999 0.8622531015625 0.709751346875
1 0.8863033375 0.6437951578125001 0.9279669046875 0.646058975 0.9216217984374999 0.6352001781250001 0.90709151875 0.6301424859375 0.89701620625 0.630287778125 0.8885485546874999 0.6310567390624999 0.8819097046875 0.638036840625 0.8863033375 0.6437951578125001
1 0.9255343437500001 0.5845968234375001 0.9326396765625 0.5809828718750001 0.9311175515624999 0.571995084375 0.89269350625 0.5631698187499999 0.886337134375 0.5751820578125 0.8938234171874999 0.583298371875 0.9255343437500001 0.5845968234375001
1 0.9390799171875001 0.522673234375 0.956935253125 0.5128053625 0.9540266109375001 0.508781375 0.9173700328125 0.5067225750000001 0.9102646984374999 0.5103365265625001 0.913210475 0.521613971875 0.9390799171875001 0.522673234375
1 0.9160302453125 0.4581355203125 0.9422063625 0.4564181328125 0.9487225406249999 0.4505486921875 0.9521702703124999 0.434512465625 0.9438252890625 0.4341707671875 0.9092186546875001 0.44391057500000003 0.9043101359374999 0.45040368593749996 0.9160302453125 0.4581355203125
1 0.9346036671875 0.3127416046875 0.9400158046874999 0.3168681015625 0.960043759375 0.317688175 0.9846735515624999 0.31479178750000003 0.9860096031250001 0.31425190468749997 0.9863026796875 0.30705928125000004 0.9832127640625 0.305248671875 0.9416105312499999 0.3024295265625 0.9372540328125 0.3039246671875 0.9346036671875 0.3127416046875
1 0.9730615109375 0.2529537703125 0.9884394562500001 0.2546190296875 0.989197859375 0.23600649687500003 0.9707904265625 0.23556769375000003 0.961464075 0.244111275 0.9618078875 0.2485880828125 0.9730615109375 0.2529537703125
1 0.9745915625 0.16320396406249998 0.9921878 0.16262809375 0.9931439046874999 0.13916360625 0.9821133109375 0.1406404578125 0.9749466421875 0.1448097390625 0.9700752593749999 0.15855630625 0.9745915625 0.16320396406249998
1 0.9955067359375 0.08117557812500001 0.9964066125000001 0.0590910234375 0.9861226578125001 0.058801948437499994 0.9788704515625 0.0713353484375 0.9853995640625 0.080528153125 0.9955067359375 0.08117557812500001
1 0.9702208796875 0.40010756875000003 0.9680611984375 0.40448186875000003 0.9736944781249999 0.41419583437499996 0.9785416609375 0.4082580546875 0.9702208796875 0.40010756875000003
1 0.92780835 0.38944546562500004 0.9325699953125 0.39187180312500003 0.9725645671875001 0.39406728125 0.9828337875000001 0.3921920046875 0.9834196374999999 0.3778142078125 0.9609541953124999 0.370162540625 0.9357965828125 0.37024810937499997 0.9280778921874999 0.3794153578125 0.92780835 0.38944546562500004