1 0.0623428859375 0.1389521640625 0.06385118125 0.0949126796875 0.060834590625 0.08656036406249999 0.052287581250000006 0.0858010625 0.0477626953125 0.0911161734375 0.0397184515625 0.1503416859375 0.04072398125 0.1556567953125 0.052287581250000006 0.149582384375 0.0623428859375 0.1389521640625
1 0.131724484375 0.129840546875 0.132730015625 0.1047835984375 0.13050960312499998 0.095131675 0.12367580156249999 0.100810721875 0.11513354843750001 0.10235955781249999 0.11412770312500001 0.0994684890625 0.1106083453125 0.1389521640625 0.12066364999999998 0.1503416859375 0.12619406718749998 0.145026575 0.131724484375 0.129840546875
1 0.207139265625 0.1207289296875 0.2126696828125 0.10098709218749999 0.2096530921875 0.0850417609375 0.2026143796875 0.08200455625 0.193061840625 0.09415337812499999 0.1910507796875 0.10326499687499999 0.1980894921875 0.1192103265625 0.20311714374999998 0.123006834375 0.207139265625 0.1207289296875
1 0.283559578125 0.116932421875 0.2855706390625 0.080485953125 0.283559578125 0.0728929390625 0.27953745625000004 0.070615034375 0.27149321249999997 0.073652240625 0.268476621875 0.07896735 0.26696832656249997 0.0994684890625 0.2699849171875 0.12376613437499999 0.27501256875 0.13135915 0.283559578125 0.116932421875
1 0.214177978125 0.23917995468750003 0.21468074375 0.20728929375 0.2136752140625 0.2012148828125 0.20864756093749998 0.19589977187500002 0.20010055312500002 0.19741837499999998 0.19507290156249998 0.218678815625 0.20462544062500002 0.251328778125 0.20915032656250002 0.25740318906250004 0.214177978125 0.23917995468750003
1 0.29059829062500003 0.23993925625 0.29110105625 0.20804859531250003 0.28657616875 0.19741837499999998 0.27501256875 0.20045558125000001 0.270990446875 0.2247532265625 0.2704876828125 0.23690205 0.2770236296875 0.245254365625 0.28607340312499996 0.24449506406250002 0.29059829062500003 0.23993925625
1 0.1422825546875 0.2505694765625 0.14379085 0.24221716093749998 0.1422825546875 0.21260440468750003 0.13574660624999998 0.20728929375 0.12619406718749998 0.20804859531250003 0.11865258906250001 0.22095672031250002 0.11865258906250001 0.2262718296875 0.1332327796875 0.2589217921875 0.1372549015625 0.2589217921875 0.1422825546875 0.2505694765625
1 0.06787330312499999 0.2589217921875 0.06787330312499999 0.2293090359375 0.0588235296875 0.22703113125000002 0.048768225 0.2323462421875 0.048265459375 0.25968109375 0.0548014078125 0.2672741078125 0.064353946875 0.2672741078125 0.06787330312499999 0.2589217921875
1 0.06535947656249999 0.3378891421875 0.052287581250000006 0.337129840625 0.049270990625 0.34927866406249997 0.048265459375 0.3728170078125 0.06385118125 0.37737281718750004 0.0668677734375 0.3690205015625 0.06535947656249999 0.3378891421875
1 0.1422825546875 0.3416856484375 0.14027149375 0.3158694 0.1382604328125 0.30979498906249997 0.129210659375 0.3082763859375 0.124685771875 0.30979498906249997 0.12066364999999998 0.317388003125 0.1226747109375 0.343963553125 0.1266968328125 0.3606681859375 0.1307189546875 0.366742596875 0.1422825546875 0.3416856484375
1 0.2166918046875 0.3561123765625 0.2252388140625 0.34244495 0.22171945625 0.3234624140625 0.2182001 0.31966590781250004 0.20563097031250002 0.31814730468749997 0.2026143796875 0.3227031125 0.2016088484375 0.32574031875 0.20915032656250002 0.3530751703125 0.2126696828125 0.3576309796875 0.2166918046875 0.3561123765625
1 0.295123178125 0.3234624140625 0.2946204125 0.31359149531249997 0.29059829062500003 0.30296127500000003 0.278531925 0.30979498906249997 0.2770236296875 0.33409263437500003 0.28305681250000003 0.34927866406249997 0.29110105625 0.340167046875 0.295123178125 0.3234624140625
1 0.3494218203125 0.355353075 0.3494218203125 0.317388003125 0.34539969843749996 0.30599848125 0.3368526890625 0.310554290625 0.332327803125 0.31814730468749997 0.33283056875 0.3576309796875 0.3373554546875 0.3629460890625 0.3494218203125 0.355353075
1 0.40723981875000004 0.294608959375 0.4057315234375 0.2900531515625 0.40020110625000005 0.287775246875 0.3921568625 0.294608959375 0.381096028125 0.3264996203125 0.384615384375 0.34624145781250004 0.39668175 0.3378891421875 0.40723981875000004 0.294608959375
1 0.347410759375 0.2232346234375 0.3494218203125 0.20804859531250003 0.34539969843749996 0.1928625671875 0.336349925 0.19362186718750002 0.3343388640625 0.1966590734375 0.3343388640625 0.2148823078125 0.34238310781250003 0.2308276390625 0.347410759375 0.2232346234375
1 0.34539969843749996 0.1063022015625 0.34528271718750003 0.07447370625000001 0.33059003124999997 0.06827838124999999 0.3318250375 0.087319665625 0.3318250375 0.107061503125 0.3368526890625 0.113895215625 0.34238310781250003 0.1116173125 0.34539969843749996 0.1063022015625
1 0.41176470624999995 0.08656036406249999 0.4092508796875 0.073652240625 0.40439506718749996 0.08892945468749999 0.396178984375 0.07896735 0.3951734546875 0.1108580109375 0.4047259921875 0.1389521640625 0.41176470624999995 0.1055429 0.41176470624999995 0.08656036406249999
1 0.46455505312499995 0.09870918749999999 0.46254399218750003 0.07593014375 0.4590246359375 0.0713743359375 0.4504776265625 0.07593014375 0.44997486249999996 0.107061503125 0.4585218703125 0.1161731203125 0.46254399218750003 0.1161731203125 0.46455505312499995 0.09870918749999999
1 0.5103066875 0.0599848140625 0.5047762687499999 0.0615034171875 0.49622926093749997 0.080485953125 0.501759678125 0.11541381875000001 0.5057818000000001 0.1192103265625 0.513323278125 0.09567198125000001 0.5103066875 0.0599848140625
1 0.5565610859375 0.0751708421875 0.5525389640625 0.06681852656250001 0.542483659375 0.0713743359375 0.5414781296875 0.091875475 0.5525389640625 0.113135915625 0.5565610859375 0.091875475 0.5565610859375 0.0751708421875
1 0.6158873812500001 0.093394078125 0.615384615625 0.0713743359375 0.6048265453125 0.0698557328125 0.6013071890624999 0.073652240625 0.6018099546875 0.10022779062500001 0.6028154859375 0.10326499687499999 0.610859728125 0.1055429 0.6158873812500001 0.093394078125
1 0.671191553125 0.107061503125 0.6777275015625001 0.07896735 0.6737053796875 0.0599848140625 0.6696832578125 0.055429004687500005 0.66113625 0.0615034171875 0.66013071875 0.09643128281249999 0.6621417796875 0.1055429 0.66716943125 0.1116173125 0.671191553125 0.107061503125
1 0.7305178484375 0.060744115625 0.7259929609375 0.0721336375 0.7285067875 0.1055429 0.7400703875 0.083523159375 0.736048265625 0.0599848140625 0.7305178484375 0.060744115625
1 0.7828054296875 0.09415337812499999 0.7833081953125001 0.073652240625 0.77828054375 0.0698557328125 0.773252890625 0.0751708421875 0.7722473609375 0.0812452546875 0.7717445953125 0.10326499687499999 0.7752639515624999 0.107061503125 0.7792860734375 0.104024296875 0.7828054296875 0.09415337812499999
1 0.8491704375 0.083523159375 0.8486676718749999 0.06378132187499999 0.8451483156249999 0.054669703125 0.833584715625 0.0569476078125 0.8320764203125 0.06226271875 0.830065359375 0.093394078125 0.837104071875 0.1063022015625 0.8411261937500001 0.1055429 0.8491704375 0.083523159375
1 0.8969331328125 0.05618830625 0.8921640140625 0.0675028171875 0.88285570625 0.0599848140625 0.8838612375 0.10326499687499999 0.8954248359375001 0.107061503125 0.900955253125 0.0880789671875 0.8969331328125 0.05618830625
1 0.8491704375 0.23006833750000003 0.8521870281249999 0.2277904328125 0.8531925593749999 0.221716021875 0.8541980890625 0.18451025000000001 0.8480859828125 0.190892975 0.8422772609375 0.192441803125 0.83861236875 0.1852695515625 0.8396178984375 0.208807896875 0.8436400203125001 0.22551252812499997 0.8491704375 0.23006833750000003
1 0.8999497234374999 0.2171602125 0.8979386625 0.1852695515625 0.8948975453125 0.18986041874999998 0.8914806437499999 0.1996696859375 0.8870386609375001 0.1883115921875 0.883358471875 0.1852695515625 0.8843640015625001 0.2262718296875 0.8883861234375001 0.235383446875 0.89441930625 0.2293090359375 0.8999497234374999 0.2171602125
1 0.9095022625 0.31511009843750004 0.9069884359374999 0.27866362968749997 0.9039718453125 0.2725892171875 0.8979386625 0.27866362968749997 0.8959276015625001 0.3022019734375 0.8994469578125001 0.3158694 0.904977375 0.3219438109375 0.9095022625 0.31511009843750004
1 0.85620915 0.29688686406250003 0.8541980890625 0.28701594531249996 0.8446455500000001 0.28701594531249996 0.840623428125 0.29309035625 0.8441427859375 0.31511009843750004 0.8501759671875 0.31890660625 0.8541980890625 0.31359149531249997 0.85620915 0.29688686406250003
1 0.79688285625 0.3234624140625 0.8024132734375 0.3067577828125 0.7948717953125 0.2756264234375 0.7888386125 0.27866362968749997 0.7863247859375 0.28701594531249996 0.78531925625 0.2984054671875 0.7873303171875 0.3090356875 0.791855203125 0.320425209375 0.79688285625 0.3234624140625
1 0.800904978125 0.2012148828125 0.7943690296875 0.1905846625 0.7868275515625001 0.1883067578125 0.7817999 0.19362186718750002 0.7823026640624999 0.221716021875 0.7868275515625001 0.22703113125000002 0.7948717953125 0.22399392499999998 0.800904978125 0.2012148828125
1 0.73906485625 0.16704631718750002 0.7310206140625 0.1655277140625 0.729009553125 0.169324221875 0.73202614375 0.1716021265625 0.7400703875 0.1716021265625 0.73906485625 0.16704631718750002
1 0.73906485625 0.21640091093749997 0.7435897437500001 0.20273348593749999 0.743086978125 0.1776765375 0.7405731515625 0.17463933125 0.731523378125 0.176157934375 0.7295123171875 0.1776765375 0.7300150828125 0.19969627968749998 0.7355455 0.21640091093749997 0.73906485625 0.21640091093749997
1 0.746606334375 0.28701594531249996 0.7440925093749999 0.27866362968749997 0.73202614375 0.2801822328125 0.732528909375 0.3090356875 0.7400703875 0.3120728921875 0.7435897437500001 0.3067577828125 0.746606334375 0.28701594531249996
1 0.41176470624999995 0.2323462421875 0.40774258437500005 0.19589977187500002 0.39567621875 0.1913439640625 0.3921568625 0.19362186718750002 0.396178984375 0.21640091093749997 0.40774258437500005 0.2331055421875 0.41176470624999995 0.2323462421875
1 0.4620412265625 0.2224753234375 0.46254399218750003 0.19438116875 0.456510809375 0.1814730453125 0.4509803921875 0.1814730453125 0.44796380156250004 0.1852695515625 0.445952740625 0.1928625671875 0.44997486249999996 0.22019741874999998 0.45751634062499996 0.22399392499999998 0.4620412265625 0.2224753234375
1 0.521367521875 0.2262718296875 0.5228758171875 0.21640091093749997 0.5173454000000001 0.192103265625 0.5007541484375 0.192103265625 0.5042735046875 0.2148823078125 0.513323278125 0.23006833750000003 0.517848165625 0.2308276390625 0.521367521875 0.2262718296875
1 0.569130215625 0.21640091093749997 0.5711412765625 0.18451025000000001 0.5681246859375 0.1776765375 0.562091503125 0.1784358390625 0.5580693812499999 0.18451025000000001 0.5570638515625 0.208807896875 0.5580693812499999 0.22399392499999998 0.5600804421875 0.2262718296875 0.569130215625 0.21640091093749997
1 0.6229260937500001 0.1814730453125 0.61488185 0.1814730453125 0.61136249375 0.1852695515625 0.61136249375 0.208807896875 0.61488185 0.22095672031250002 0.6229260937500001 0.2095671984375 0.6229260937500001 0.1814730453125
1 0.6857717453125 0.20273348593749999 0.682755153125 0.1814730453125 0.6696832578125 0.18071374375 0.67169431875 0.2148823078125 0.6742081453125001 0.2171602125 0.6837606843749999 0.21260440468750003 0.6857717453125 0.20273348593749999
1 0.6852689796875 0.30599848125 0.6887883359375 0.2953682609375 0.6872800406249999 0.27942293125 0.6822523875 0.268033409375 0.675213675 0.2741078203125 0.6737053796875 0.27866362968749997 0.675716440625 0.294608959375 0.6812468578125 0.3067577828125 0.6852689796875 0.30599848125
1 0.6279537453125 0.271070615625 0.6229260937500001 0.2672741078125 0.6178984421875 0.27031131406250003 0.6158873812500001 0.2771450265625 0.6158873812500001 0.3082763859375 0.6249371546875 0.3082763859375 0.6279537453125 0.2984054671875 0.6279537453125 0.271070615625
1 0.5721468078124999 0.28701594531249996 0.5646053296875 0.28853454843750004 0.5630970343749999 0.2938496578125 0.5605832078125 0.330296128125 0.572649571875 0.3219438109375 0.5786827546875 0.3022019734375 0.5721468078124999 0.28701594531249996
1 0.45148315781250004 0.2900531515625 0.4524886875 0.2961275625 0.4580191046875 0.294608959375 0.4544997484375 0.28929385 0.45148315781250004 0.2900531515625
1 0.4595274 0.307517084375 0.4555052796875 0.30144267343750003 0.44997486249999996 0.3037205765625 0.4504776265625 0.330296128125 0.4555052796875 0.34092634843749997 0.46103569687499996 0.327258921875 0.4595274 0.307517084375
1 0.523881346875 0.337129840625 0.528909 0.328777525 0.528406234375 0.294608959375 0.519859225 0.29157175468749996 0.5108094515625 0.2953682609375 0.5082956265624999 0.310554290625 0.5113122171875 0.32574031875 0.5158371046875 0.3363705390625 0.523881346875 0.337129840625
1 0.0693815984375 0.4669703875 0.064353946875 0.45102505624999994 0.0542986421875 0.44874715312499996 0.052287581250000006 0.45178435781250004 0.0477626953125 0.50037965 0.056309703125 0.5117691718749999 0.06787330312499999 0.48595292343749996 0.0693815984375 0.4669703875
1 0.1498240328125 0.47076689375 0.150326796875 0.42748671250000003 0.1377576671875 0.42444950625000005 0.1332327796875 0.43052391874999996 0.1407742578125 0.4776006078125 0.1422825546875 0.4813971140625 0.146304675 0.4813971140625 0.1498240328125 0.47076689375
1 0.22171945625 0.4411541375 0.2227249875 0.41761579375 0.2207139265625 0.41154138125 0.2161890390625 0.4100227796875 0.20864756093749998 0.4145785875 0.20512820468749998 0.435839028125 0.210658621875 0.4631738796875 0.2131724484375 0.46393318125 0.22171945625 0.4411541375
1 0.2916038203125 0.44722855 0.2946204125 0.4183750953125 0.28255404687499996 0.41305998437499997 0.278531925 0.419134396875 0.27601810000000004 0.4548215640625 0.2775263953125 0.4662110859375 0.28305681250000003 0.47000759375 0.2916038203125 0.44722855
1 0.3494218203125 0.45709946874999996 0.3559577671875 0.44039483749999997 0.3564605328125 0.42141229999999996 0.3494218203125 0.4001518609375 0.3408748109375 0.4039483671875 0.3378582203125 0.41154138125 0.33886375 0.419134396875 0.34539969843749996 0.455580865625 0.3494218203125 0.45709946874999996
1 0.41830065312500003 0.4153378890625 0.419306184375 0.3880030375 0.41176470624999995 0.383447228125 0.40723981875000004 0.3887623390625 0.399698340625 0.41609719062500006 0.40774258437500005 0.4297646171875 0.41176470624999995 0.4297646171875 0.41830065312500003 0.4153378890625
1 0.47109100000000004 0.39635535312500003 0.46254399218750003 0.39483674999999996 0.4585218703125 0.4001518609375 0.4630467578125 0.4411541375 0.4665661140625 0.438876234375 0.4705882359375 0.4282460140625 0.47109100000000004 0.39635535312500003
1 0.5228758171875 0.4198936984375 0.5173454000000001 0.41154138125 0.509803921875 0.4198936984375 0.509803921875 0.45178435781250004 0.5173454000000001 0.455580865625 0.5228758171875 0.44343204218750004 0.5228758171875 0.4198936984375
1 0.5796882859375 0.4183750953125 0.577677225 0.41381928593749995 0.5716440421875 0.4123006828125 0.5646053296875 0.4221716015625 0.5646053296875 0.45026575625 0.5731523375 0.45178435781250004 0.577677225 0.4411541375 0.5796882859375 0.4183750953125
1 0.6229260937500001 0.44267274062500006 0.6229260937500001 0.4153378890625 0.614379084375 0.4145785875 0.608345903125 0.419134396875 0.610859728125 0.45102505624999994 0.618903971875 0.45026575625 0.6229260937500001 0.44267274062500006
1 0.6737053796875 0.44950645468749995 0.6737053796875 0.4267274109375 0.6696832578125 0.41609719062500006 0.6616390140624999 0.4198936984375 0.6591251890625001 0.42748671250000003 0.66013071875 0.452543659375 0.6661639015625 0.4738041 0.6737053796875 0.44950645468749995
1 0.7486173953125 0.44267274062500006 0.7450980390625 0.41154138125 0.739567621875 0.409263478125 0.7300150828125 0.4123006828125 0.732528909375 0.4464692484375 0.736048265625 0.4548215640625 0.7400703875 0.455580865625 0.7486173953125 0.44267274062500006
1 0.7988939171875 0.4183750953125 0.7948717953125 0.41381928593749995 0.7868275515625001 0.41685649218750004 0.784313725 0.42748671250000003 0.7828054296875 0.4464692484375 0.7908496734375 0.46165527656250005 0.79939668125 0.4365983296875 0.7988939171875 0.4183750953125
1 0.8587229765625001 0.4183750953125 0.85721468125 0.4145785875 0.8516842640625001 0.41381928593749995 0.8416289593749999 0.4282460140625 0.840623428125 0.44874715312499996 0.84565108125 0.46393318125 0.8582202109375 0.4464692484375 0.8587229765625001 0.4183750953125
1 0.91302161875 0.4396355359375 0.9115133234374999 0.41609719062500006 0.9074912015625 0.41305998437499997 0.8964303671874999 0.4198936984375 0.8969331328125 0.4365983296875 0.8999497234374999 0.44722855 0.9100050281250001 0.4479878515625 0.91302161875 0.4396355359375
1 0.92006033125 0.5899772203125 0.9220713921874999 0.5831435078125 0.9180492703124999 0.5596051625 0.9120160890625 0.55580865625 0.9074912015625 0.5603644640625001 0.9044746109374999 0.56947608125 0.905480140625 0.5816249046874999 0.9110105578125 0.5914958234375 0.916540975 0.5930144265624999 0.92006033125 0.5899772203125
1 0.8682755156249999 0.5960516328125001 0.8652589234375 0.5565679578125 0.8607340375 0.5520121484375 0.8511814984375 0.561123765625 0.8501759671875 0.5793470000000001 0.8531925593749999 0.5914958234375 0.8602312718749999 0.5975702359375 0.8682755156249999 0.5960516328125001
1 0.8024132734375 0.5899772203125 0.8074409250000001 0.5801063015625 0.8024132734375 0.554290053125 0.7888386125 0.5596051625 0.788335846875 0.5679574796875 0.791855203125 0.5801063015625 0.7973856203125 0.5899772203125 0.8024132734375 0.5899772203125
1 0.7571644046875 0.592255125 0.755656109375 0.564160971875 0.7486173953125 0.5550493546874999 0.743086978125 0.5580865609375001 0.7415786828125001 0.56871678125 0.7435897437500001 0.5914958234375 0.7521367515625 0.6013667421875 0.7571644046875 0.592255125
1 0.704876821875 0.5975702359375 0.7053795875 0.5596051625 0.7008547015625 0.5550493546874999 0.6928104578125 0.5580865609375001 0.6918049265625 0.5679574796875 0.6958270484375 0.5914958234375 0.698340875 0.5960516328125001 0.704876821875 0.5975702359375
1 0.6470588234375 0.5717539859375 0.6430367015625 0.5671981781250001 0.63448969375 0.5671981781250001 0.6324786328124999 0.5717539859375 0.6324786328124999 0.6013667421875 0.6430367015625 0.610478359375 0.6465560578125 0.6036446468750001 0.6470588234375 0.5717539859375
1 0.5937657109375001 0.5763097953125 0.59175465 0.5596051625 0.588738059375 0.5573272593749999 0.577677225 0.5596051625 0.573655103125 0.56947608125 0.57415786875 0.5801063015625 0.581699346875 0.5914958234375 0.5897435890625 0.5876993171875 0.5937657109375001 0.5763097953125
1 0.523881346875 0.5603644640625001 0.5218702859375 0.5565679578125 0.508798390625 0.5580865609375001 0.5118149828125 0.5876993171875 0.5173454000000001 0.5914958234375 0.5218702859375 0.586940015625 0.523881346875 0.5603644640625001
1 0.4705882359375 0.5914958234375 0.47159376562500005 0.5603644640625001 0.4665661140625 0.5565679578125 0.46103569687499996 0.5588458625 0.4585218703125 0.5679574796875 0.45500251406250003 0.5960516328125001 0.45701357500000006 0.6028853453125 0.46254399218750003 0.60820045625 0.4705882359375 0.5914958234375
1 0.42232277500000004 0.59529233125 0.419306184375 0.5740318906249999 0.4087481140625 0.5702353828125 0.4052287578125 0.5725132875 0.40422322812499994 0.58238420625 0.40774258437500005 0.6006074406249999 0.41980895 0.6036446468750001 0.42232277500000004 0.59529233125
1 0.3650075421875 0.56871678125 0.3564605328125 0.5717539859375 0.3574660640625 0.60516325 0.3690296625 0.606681853125 0.3690296625 0.5740318906249999 0.3650075421875 0.56871678125
1 0.2996480640625 0.5876993171875 0.2991452984375 0.5596051625 0.295123178125 0.55580865625 0.2875817 0.5596051625 0.2845651078125 0.5740318906249999 0.28255404687499996 0.610478359375 0.287078934375 0.6195899765624999 0.2966314734375 0.60895975625 0.2996480640625 0.5876993171875
1 0.23428858749999998 0.590736521875 0.229260934375 0.5671981781250001 0.2131724484375 0.5664388765624999 0.21216691875000002 0.59529233125 0.2166918046875 0.60895975625 0.2202111609375 0.6112376609375 0.23428858749999998 0.590736521875
1 0.1498240328125 0.633257403125 0.1528406234375 0.618830675 0.153846153125 0.5876993171875 0.1447963796875 0.586940015625 0.1382604328125 0.590736521875 0.1347410765625 0.6036446468750001 0.14278531875 0.633257403125 0.146304675 0.6362946093749999 0.1498240328125 0.633257403125
1 0.07541478125 0.6127562640625001 0.06837606874999999 0.5876993171875 0.06033182499999999 0.5861807140625 0.05681246875 0.5914958234375 0.0542986421875 0.60820045625 0.064353946875 0.6507213359375 0.0744092515625 0.6423690203125 0.07541478125 0.6127562640625001
1 0.045751634375 0.722095671875 0.036701860937500004 0.72665148125 0.037204625000000005 0.7699316625 0.049270990625 0.7638572515625001 0.05982905937500001 0.731966590625 0.045751634375 0.722095671875
1 0.146304675 0.7312072890625 0.1337355453125 0.7258921796875 0.12619406718749998 0.731966590625 0.1256913015625 0.738800303125 0.12418300625 0.7630979499999999 0.135243840625 0.77296886875 0.1422825546875 0.771450265625 0.146304675 0.7312072890625
1 0.23428858749999998 0.7441154140624999 0.2161890390625 0.7433561125 0.20864756093749998 0.7638572515625001 0.2166918046875 0.802581625 0.2282554046875 0.77296886875 0.23428858749999998 0.7441154140624999
1 0.3001508296875 0.7623386484375 0.297637003125 0.74031890625 0.2916038203125 0.731966590625 0.28657616875 0.7281700828125001 0.28255404687499996 0.7395596046875 0.27903469062499997 0.768413059375 0.283559578125 0.7987851171875 0.29110105625 0.7866362953125 0.3001508296875 0.7623386484375
1 0.3675213671875 0.7327258921875 0.36551030624999997 0.72057706875 0.3569632984375 0.7114654515625001 0.34188034218749996 0.7228549734375 0.34690799375000003 0.7630979499999999 0.3569632984375 0.76006074375 0.36551030624999997 0.7456340171875 0.3675213671875 0.7327258921875
1 0.43539467031249995 0.7160212609375 0.427350428125 0.712224753125 0.41980895 0.7129840546875 0.4177978890625 0.7167805625 0.41126194062500004 0.748671221875 0.427350428125 0.7593014421875 0.433383609375 0.7357630984375 0.43539467031249995 0.7160212609375
1 0.480140775 0.7456340171875 0.480140775 0.7160212609375 0.4781297140625 0.7084282453124999 0.4690799390625 0.7084282453124999 0.4655605828125 0.712224753125 0.4665661140625 0.7425968109375 0.4705882359375 0.76006074375 0.4741075921875 0.7593014421875 0.480140775 0.7456340171875
1 0.531422825 0.7167805625 0.5294117640625 0.712224753125 0.5208647562500001 0.712224753125 0.517848165625 0.7160212609375 0.5153343390625 0.7395596046875 0.524886878125 0.7494305234375 0.5294117640625 0.7395596046875 0.531422825 0.7167805625
1 0.589240825 0.7190584656250001 0.5872297640624999 0.71374335625 0.57667169375 0.709187546875 0.573655103125 0.7160212609375 0.5676219203125 0.7570235390625 0.58019105 0.7608200453125 0.58823529375 0.748671221875 0.589240825 0.7190584656250001
1 0.65309200625 0.73348519375 0.6505781796875 0.715261959375 0.6465560578125 0.71070615 0.638511815625 0.71374335625 0.6365007546875 0.723614275 0.637506284375 0.7471526203125001 0.6425339359375 0.7547456343750001 0.6485671187500001 0.75322703125 0.65309200625 0.73348519375
1 0.7073906484375 0.7479119203125 0.7088989437500001 0.738800303125 0.7053795875 0.7160212609375 0.70186023125 0.7129840546875 0.6953242828125 0.7160212609375 0.6958270484375 0.7509491265625 0.6968325796875 0.7555049359375 0.7008547015625 0.7570235390625 0.7073906484375 0.7479119203125
1 0.7712418296875 0.7296886859375 0.7722473609375 0.7167805625 0.7672197078125 0.7084282453124999 0.7637003515624999 0.7076689453125 0.75515334375 0.71070615 0.7511312218749999 0.7160212609375 0.7506284562500001 0.7281700828125001 0.7546505781249999 0.74639331875 0.7642031171875 0.7471526203125001 0.7712418296875 0.7296886859375
1 0.810457515625 0.7593014421875 0.8164906984375 0.7456340171875 0.8169934640625 0.7243735765625 0.8109602812500001 0.71070615 0.8059326296875 0.7145026578125 0.8019105078125 0.7243735765625 0.8024132734375 0.7517084281249999 0.803418803125 0.7593014421875 0.8064353953125 0.7623386484375 0.810457515625 0.7593014421875
1 0.8607340375 0.7167805625 0.8717948718749999 0.7167805625 0.8652589234375 0.7114654515625001 0.8607340375 0.7167805625
1 0.8728004015625 0.758542140625 0.8773252890625001 0.7517084281249999 0.8748114625 0.72665148125 0.8717948718749999 0.7228549734375 0.85972850625 0.7258921796875 0.8592257421875 0.7365224 0.8632478625 0.7509491265625 0.86877828125 0.7593014421875 0.8728004015625 0.758542140625
1 0.9250879843750001 0.7160212609375 0.92006033125 0.712224753125 0.91302161875 0.715261959375 0.908999496875 0.7243735765625 0.9095022625 0.7441154140624999 0.9195575671875 0.750189825 0.9235796890625 0.741837509375 0.9250879843750001 0.7160212609375
1 0.9346405234375 0.873196659375 0.9381598796875 0.8413059984375 0.935646053125 0.8367501890625 0.9270990453125 0.8352315875 0.9220713921874999 0.8405466968749999 0.920563096875 0.8488990125000001 0.921568628125 0.8739559609375 0.9260935140625 0.8845861812500001 0.928607340625 0.8845861812500001 0.9346405234375 0.873196659375
1 0.8773252890625001 0.881548975 0.8768225234375 0.857251328125 0.8728004015625 0.8511769171875001 0.8652589234375 0.85193621875 0.861236803125 0.857251328125 0.8607340375 0.86484434375 0.8607340375 0.8807896734374999 0.8692810453125001 0.8936977984375 0.8728004015625 0.8944571 0.8773252890625001 0.881548975
1 0.831070890625 0.8694001515625001 0.8225238812500001 0.8542141234375 0.8179989937500001 0.8526955203125001 0.8119658125000001 0.85876993125 0.8119658125000001 0.8762338656249999 0.8154851687500001 0.8845861812500001 0.822021115625 0.8906605921875 0.831070890625 0.8694001515625001
1 0.7717445953125 0.853454821875 0.7727501250000001 0.8261199703125 0.7712418296875 0.8215641609375 0.7637003515624999 0.820804859375 0.7576671687500001 0.8253606687499999 0.7566616390625 0.8443432046874999 0.7586727 0.8610478359375 0.7677224734375 0.8625664390625 0.7717445953125 0.853454821875
1 0.7179487171875001 0.857251328125 0.719959778125 0.8413059984375 0.7179487171875001 0.8253606687499999 0.716440421875 0.820804859375 0.7088989437500001 0.8200455578125 0.702362996875 0.8276385718749999 0.7008547015625 0.86864085 0.7033685265625 0.8724373578125 0.7124183000000001 0.8724373578125 0.7179487171875001 0.857251328125
1 0.6576168921875001 0.8405466968749999 0.652589240625 0.8359908890625001 0.64605329375 0.8413059984375 0.6450477625000001 0.8488990125000001 0.644544996875 0.8580106296875 0.6485671187500001 0.87167805625 0.6581196578124999 0.8785117687499999 0.6576168921875001 0.8405466968749999
1 0.6028154859375 0.8413059984375 0.595776771875 0.8337129843750001 0.5847159375000001 0.8382687921875001 0.5912518859375 0.8739559609375 0.599296128125 0.8762338656249999 0.6028154859375 0.8701594531250001 0.6028154859375 0.8413059984375
1 0.5465057812499999 0.8526955203125001 0.536450478125 0.8488990125000001 0.532931121875 0.8549734250000001 0.5334338859375001 0.8883826875 0.5369532421875001 0.89141989375 0.5465057812499999 0.8762338656249999 0.5465057812499999 0.8526955203125001
1 0.4891905484375 0.8488990125000001 0.48265459999999993 0.837509490625 0.4766214171875 0.8413059984375 0.4665661140625 0.87167805625 0.4665661140625 0.8792710703125 0.48114630468749997 0.8777524671875 0.486676721875 0.8724373578125 0.4891905484375 0.8488990125000001
1 0.36098542031249997 0.8747152625 0.36098542031249997 0.8564920265625 0.3574660640625 0.8511769171875001 0.3494218203125 0.8526955203125001 0.347913525 0.8564920265625 0.3489190546875 0.8944571 0.35394670625 0.90432801875 0.3574660640625 0.896735003125 0.36098542031249997 0.8747152625
1 0.3031674203125 0.8952164015624999 0.302161890625 0.880030371875 0.298642534375 0.8694001515625001 0.2946204125 0.86864085 0.28657616875 0.8762338656249999 0.28607340312499996 0.9058466218750001 0.2880844640625 0.912680334375 0.298642534375 0.90432801875 0.3031674203125 0.8952164015624999
1 0.21920563125 0.8997722093749999 0.2212166921875 0.8724373578125 0.2171945703125 0.8678815484375001 0.20462544062500002 0.8709187546875 0.20060331874999998 0.876993165625 0.1985922578125 0.8883826875 0.1980894921875 0.9035687171875001 0.20512820468749998 0.9187547453124999 0.20864756093749998 0.9172361421874999 0.21920563125 0.8997722093749999
1 0.146304675 0.8739559609375 0.1382604328125 0.8671222468750001 0.1266968328125 0.8724373578125 0.12619406718749998 0.9119210328125 0.1392659625 0.91799544375 0.146807440625 0.895975703125 0.146304675 0.8739559609375
1 0.43891402656249995 0.8906605921875 0.43489190625 0.8921791953125 0.44193061875 0.9005315109375 0.44746103593750003 0.896735003125 0.43891402656249995 0.8906605921875
1 0.4293614875 0.8936977984375 0.4288587234375 0.857251328125 0.4268476625 0.8526955203125001 0.4177978890625 0.85193621875 0.4092508796875 0.8580106296875 0.40824534999999995 0.8807896734374999 0.41980895 0.9210326500000001 0.42332830625 0.9202733484375001 0.4293614875 0.8936977984375
1 0.050276520312499996 0.91116173125 0.052790346875000005 0.9035687171875001 0.04977375625 0.8542141234375 0.0397184515625 0.8481397109375 0.033182503125 0.8496583140625 0.0311714421875 0.8557327265625 0.0286576171875 0.8777524671875 0.032679739062500004 0.8974943046874999 0.0361990953125 0.9058466218750001 0.050276520312499996 0.91116173125