1 0.1111735578125 0.051377284375 0.100729140625 0.05151711875 0.0857664921875 0.058751078125 0.08506876249999999 0.061333701562499995 0.0859681015625 0.0676347765625 0.10231079218750001 0.0745525375 0.1252876765625 0.0729639921875 0.12894072343750002 0.06907231875 0.12632545625 0.0627027234375 0.1111735578125 0.051377284375
1 0.061066854687500005 0.1501759078125 0.098558865625 0.155849825 0.11668358281249999 0.14975151874999998 0.1099645546875 0.14252192187499998 0.08459359375 0.1337121546875 0.0661732046875 0.13127493750000002 0.061066854687500005 0.1501759078125
1 0.2166206375 0.1008364171875 0.2512410578125 0.1075094703125 0.272427590625 0.10612788124999999 0.2672012171875 0.0997932453125 0.234737025 0.081929003125 0.2102674875 0.0826225890625 0.2060955484375 0.0916449 0.210352321875 0.0983584953125 0.2166206375 0.1008364171875
1 0.194816334375 0.18475425 0.22943675625 0.1914273015625 0.2357009078125 0.1875006703125 0.23920094218750002 0.1777554 0.232107709375 0.1687009234375 0.21882683281249998 0.166499878125 0.1913719875 0.16540354375 0.184665453125 0.1773876109375 0.194816334375 0.18475425
1 0.255881815625 0 0.24363881874999999 0.0040395578125 0.2399899375 0.014335787499999999 0.2438001609375 0.0227022609375 0.27536293125 0.03106315 0.28483774687499996 0.031302275000000004 0.2953545046875 0.027684684375 0.29654529687500003 0.023277009374999998 0.2656979140625 0 0.255881815625 0
1 0.350047171875 0.0403106234375 0.356017790625 0.0438904625 0.3833279515625 0.051942309374999995 0.41383628593750005 0.044946253125 0.4084610640625 0.039162575 0.39159531875 0.03097089375 0.3634644046875 0.022747046875 0.3540660953125 0.02543471875 0.35108495156249997 0.0300493515625 0.350047171875 0.0403106234375
1 0.34011176249999997 0.1348658921875 0.35958861249999996 0.1430226171875 0.376892575 0.1367523109375 0.37972487187500004 0.1326886359375 0.3758423046875 0.12779991875000002 0.3485279796875 0.113343515625 0.3449472734375 0.11375743437500001 0.33912966875 0.11603118906250001 0.3370499453125 0.130149175 0.34011176249999997 0.1348658921875
1 0.31837980312499997 0.21530596875 0.3376271328125 0.2146823 0.3498577375 0.20793095312499998 0.335228890625 0.1978794328125 0.3085182890625 0.194028303125 0.29755914687499996 0.20570332656249998 0.30785887968750003 0.21251900625000003 0.31837980312499997 0.21530596875
1 0.3367756796875 0.28203359843750003 0.3485555734375 0.270530575 0.3441499515625 0.2643679390625 0.3016197109375 0.2548729640625 0.292072553125 0.2581115953125 0.284617609375 0.26644590468749996 0.2957380921875 0.27343358281249996 0.3367756796875 0.28203359843750003
1 0.25399790312500004 0.331633909375 0.303906578125 0.329867778125 0.316507225 0.31853675625 0.2962096234375 0.31020803125 0.25846337343750003 0.3151051265625 0.2486950234375 0.322372475 0.24951993906249997 0.3289490296875 0.25399790312500004 0.331633909375
1 0.194560278125 0.249901709375 0.20425628437499999 0.24611211875 0.18940208281249998 0.23368476249999998 0.1697040421875 0.22955675625 0.1658256390625 0.2310725921875 0.16232560468749999 0.24081786093750002 0.177549846875 0.2486655421875 0.194560278125 0.249901709375
1 0.0474230125 0.200678103125 0.0433422203125 0.21578301562500002 0.068759909375 0.22120982812499998 0.075398265625 0.2191080734375 0.07949785937500001 0.2135635203125 0.0735995859375 0.20650592343750002 0.052260040625000004 0.202033915625 0.0474230125 0.200678103125
1 0.027355856249999998 0.274955971875 0.0325149734375 0.28192504375 0.025270198437500002 0.282675953125 0.023887428125 0.287794228125 0.027772290625 0.289464465625 0.0482910859375 0.2937644734375 0.086488046875 0.293619053125 0.0589483640625 0.27678681250000003 0.028318295312500002 0.271393540625 0.027355856249999998 0.274955971875
1 0.0084561625 0.3449125171875 0.0252751703125 0.3500672109375 0.04474785625 0.35181937812499997 0.0459386484375 0.347411703125 0.0386200609375 0.33598138906249997 0.01223983125 0.330907396875 0.0084561625 0.3449125171875
1 0 0.40053907187500004 0.0075538078125000005 0.402822271875 0.0352298453125 0.399889890625 0.0323168796875 0.39462221249999996 0 0.3821198796875 0 0.40053907187500004
1 0 0.449502746875 0.014820870312500001 0.4497531140625 0 0.4370149578125 0 0.449502746875
1 0.043176640625 0.8038228937499999 0.050040351562499995 0.804096975 0.053395701562499995 0.8013072203125 0.0501085296875 0.794214665625 0.033242784375 0.7860229828125 0.00809718125 0.7795890546875001 0.0147648515625 0.785229946875 0.0113709421875 0.7912446359375 0.0026621078125 0.796496796875 0.043176640625 0.8038228937499999
1 0 0.8472369656250001 0.024409168749999998 0.8540301171875001 0.039178535937499995 0.8507215671875 0.047530737499999996 0.8454860562500001 0.038872509374999996 0.839014378125 0 0.8298399968749999 0 0.8353500015625 0.008010495312500001 0.840787175 0 0.8418371515624999 0 0.8472369656250001
1 0.1274580078125 0.886686384375 0.13618441406249998 0.8832757515624999 0.131255740625 0.8758391953125001 0.1175241546875 0.8688864734375 0.091485453125 0.865758303125 0.0831332515625 0.8709938140625001 0.0888061703125 0.875675571875 0.1274580078125 0.886686384375
1 0.123537965625 0.824156678125 0.14218989843750002 0.825736846875 0.14912595312500002 0.8225331734375001 0.1468083828125 0.815061659375 0.12404852656250001 0.806216934375 0.11629172031249999 0.8092486078125001 0.11346358906250001 0.8197168359375 0.123537965625 0.824156678125
1 0.150134584375 0.7674400218749999 0.16982846093749998 0.765163475 0.1680339453125 0.7589658796875 0.1570623109375 0.751427240625 0.14616718281250002 0.7468153984375 0.13355820937500001 0.7453373140624999 0.12378569531250001 0.7462001078125 0.1187165015625 0.75212361875 0.150134584375 0.7674400218749999
1 0.03649664375 0.7418791031249999 0.062905384375 0.7404276000000001 0.0685699765625 0.73230025 0.06416435468750001 0.7261376125 0.0339453890625 0.7192226421875 0.026711637500000003 0.7235282359374999 0.026941159375000003 0.7323086265625001 0.03649664375 0.7418791031249999
1 0.02487964375 0.6596896515624999 0.023310482812499998 0.6558678953125 0.0186113296875 0.65721173125 0.0178712484375 0.6663710828125 0.022498059375 0.668505003125 0.02487964375 0.6596896515624999
1 0.055106937499999994 0.67941373125 0.07122010937499999 0.6775511015625 0.072262053125 0.6736943859375 0.0558428546875 0.663849825 0.032189903125 0.6583108578125 0.029953006250000004 0.6601706953125 0.02563221875 0.6697439640625 0.028170979687499997 0.6731867625 0.055106937499999994 0.67941373125
1 0.167549921875 0.7029777703125 0.1743371265625 0.70032505625 0.17328685625 0.691372665625 0.142247140625 0.6842856937499999 0.137033259375 0.6971647187500001 0.145317284375 0.70181151875 0.167549921875 0.7029777703125
1 0.1873681640625 0.31825284531250003 0.1727351546875 0.3017967734375 0.1493033953125 0.2922290875 0.145799196875 0.295569803125 0.1471513296875 0.30982483125 0.18535661875 0.322488521875 0.1873681640625 0.31825284531250003
1 0.12928528125 0.36953540937499996 0.15980194375 0.3753484609375 0.1627830890625 0.3707338265625 0.160912065625 0.3616094328125 0.1325557984375 0.35100974687500003 0.1237528828125 0.35149358125 0.11875602968750001 0.3539393359375 0.117118690625 0.35999988906249997 0.12928528125 0.36953540937499996
1 0.146341515625 0.44122167343749996 0.1523079703125 0.4383969578125 0.152826859375 0.43326632343749993 0.1390911078125 0.4199090484375 0.1155105 0.41089232343750004 0.11059848125 0.4290739859375 0.135225196875 0.4406385484375 0.146341515625 0.44122167343749996
1 0.0864641171875 0.48630664062499995 0.121531084375 0.4913268140625 0.13488013906250002 0.48364555 0.13301328125 0.48092571250000005 0.1168959453125 0.4763837859375 0.0903341921875 0.471981696875 0.0825773875 0.47501336875 0.0799704453125 0.48145288124999996 0.0864641171875 0.48630664062499995
1 0.09821747343750001 0.5487314703124999 0.1129103328125 0.542496125 0.1008202484375 0.5358874046875 0.0753769453125 0.5305553953125 0.07023124375 0.533552109375 0.06784965937500001 0.5423674593750001 0.09821747343750001 0.5487314703124999
1 0.0834897453125 0.6160855625 0.0912423875 0.606649334375 0.089524378125 0.6033785375 0.053185946875 0.5934346875000001 0.05013662343750001 0.6079316328125 0.07222457812500001 0.616053396875 0.0834897453125 0.6160855625
1 0.17146319062499998 0.6403431875 0.1839956578125 0.6388944765625 0.18600720312500002 0.6346588015625 0.174512515625 0.6258462437500001 0.157872125 0.6200304 0.15250106875 0.6206512765625 0.1438511671875 0.6269887046875 0.154673953125 0.635078303125 0.17146319062499998 0.6403431875
1 0.1632098703125 0.5681730875000001 0.1927569328125 0.5743650984374999 0.2043198 0.573295346875 0.20699908125 0.5633780765624999 0.1733482609375 0.5563260640625 0.16536610000000002 0.5569818984375 0.160594603125 0.5618034921875 0.1632098703125 0.5681730875000001
1 0.21144789687499999 0.5212310765625 0.2345736296875 0.5190915703125001 0.24717427500000003 0.5077605484375 0.20703394687499999 0.5022593328125 0.20084213750000002 0.5027082078125 0.1969679 0.5106285984375 0.21144789687499999 0.5212310765625
1 0.24224299062500002 0.3815642578125 0.2359746765625 0.3790863375 0.23426083125 0.38222009218749997 0.23896415000000001 0.3872808125 0.24224299062500002 0.3815642578125
1 0.273363378125 0.39798258125 0.2897742484375 0.39501803281250003 0.279772215625 0.3871004328125 0.2511947546875 0.3805294640625 0.247095159375 0.3860740171875 0.25247038125 0.39185769531250003 0.273363378125 0.39798258125
1 0.25491026250000004 0.472706103125 0.265427021875 0.46908851250000005 0.266987853125 0.4601011609375 0.256836971875 0.45273452187499996 0.24131503125 0.44598875937500004 0.22415575156249998 0.4453035515625 0.21737270937500003 0.45436081875 0.21812528437499998 0.46441513125 0.25491026250000004 0.472706103125
1 0.52062300625 0.08944674999999999 0.5331554749999999 0.0879980390625 0.5343462671875 0.0835903625 0.5306890546874999 0.0810774828125 0.48203518437500004 0.062149075 0.4741295296875 0.06573170625 0.4736913109375 0.08019369374999999 0.52062300625 0.08944674999999999
1 0.4415872765625 0.1572958484375 0.46732827656250003 0.1615259359375 0.4944812625 0.1573196359375 0.4944047546875 0.1543928390625 0.466495034375 0.14214027499999998 0.44247204218749997 0.1411809828125 0.435314796875 0.148413371875 0.43561665937500005 0.1537160078125 0.4415872765625 0.1572958484375
1 0.45320427499999993 0.23948530156249997 0.480357259375 0.23527899843750003 0.47789084062500004 0.2283584421875 0.4660261125 0.224125559375 0.42670653593749996 0.2187963453125 0.41894973125 0.2218280171875 0.42112261562500003 0.2362550453125 0.45320427499999993 0.23948530156249997
1 0.42676483281250005 0.308460103125 0.44675640781250003 0.30508163593750004 0.446305696875 0.3003299609375 0.4088446515625 0.284911475 0.400934834375 0.282089553125 0.391834221875 0.28367530625000004 0.3852000296875 0.292181615625 0.406097190625 0.3047110546875 0.42676483281250005 0.308460103125
1 0.3812227453125 0.37110306249999997 0.398752065625 0.36720859687499996 0.3999428578125 0.3628009203125 0.3875509125 0.350889565625 0.3557711140625 0.3529619453125 0.3486862109375 0.356716578125 0.351377984375 0.366012971875 0.3812227453125 0.37110306249999997
1 0.37969522499999997 0.4313268484375 0.3923765390625 0.429327178125 0.3958807375 0.42598646249999994 0.3528997875 0.4117398109375 0.3459637328125 0.41494348593749997 0.345074803125 0.4246537953125 0.37969522499999997 0.4313268484375
1 0.3806299578125 0.49206663281249996 0.39539932499999997 0.488758084375 0.393528303125 0.47963369218749996 0.3590567296875 0.47240967968750003 0.3477957265625 0.47878206875 0.3551866546875 0.48673462343749996 0.3806299578125 0.49206663281249996
1 0.33672521093749996 0.5486490390625 0.36194315781249997 0.5516052109375 0.3747733234375 0.54905458125 0.375662253125 0.5393442703125 0.345294440625 0.532980259375 0.33254078125 0.5384576875 0.332396096875 0.5454132 0.33672521093749996 0.5486490390625
1 0.35958655781250004 0.5988478859375 0.3627888921875 0.5902045359375 0.3290615671875 0.5802257265625 0.3223508671875 0.5858052390624999 0.32064118750000004 0.5953435484375 0.35018824843749996 0.601535559375 0.35958655781250004 0.5988478859375
1 0.342541259375 0.6587304640625 0.37103805156249997 0.65597008125 0.349843190625 0.6445425609375001 0.3230560828125 0.6377646328125001 0.3141043203125 0.6387994265625 0.307618978125 0.6467547765624999 0.3179187078125 0.6535704546875001 0.342541259375 0.6587304640625
1 0.3129759875 0.7392754171875 0.3294592 0.7328331109375 0.3298292421875 0.7282534359375 0.321842915625 0.722504715625 0.2856533328125 0.7120099062499999 0.2795421953125 0.7217901343750001 0.2803671109375 0.7283666875 0.3129759875 0.7392754171875
1 0.2718270296875 0.7888673500000001 0.291376221875 0.793546315625 0.32099146093750003 0.7898560140625001 0.3069580125 0.7776006578125 0.285992671875 0.7749535296875 0.27375790312500003 0.775300321875 0.2680933125 0.783427671875 0.2718270296875 0.7888673500000001
1 0.25411399375 0.8544315203125 0.28463065625 0.8602445734374999 0.30722917031249997 0.85042659375 0.2923026265625 0.8414769921874999 0.269844634375 0.8379349046875 0.251273371875 0.8456860875000001 0.25045678125 0.851918640625 0.25411399375 0.8544315203125
1 0.2610193453125 0.9187511484374999 0.2709407078125 0.9173373937499999 0.27309693749999997 0.906146203125 0.2624995078125 0.90043244375 0.2445918203125 0.8960974765625 0.233930375 0.9066705828125 0.2360225890625 0.9117662609374999 0.2610193453125 0.9187511484374999
1 0.389209625 0.9514367859374999 0.41346213593750003 0.9611764718750001 0.421444296875 0.9605206374999999 0.4257692484375 0.9573519203125 0.4257650828125 0.9509473671875 0.41673264843749996 0.9426508109375 0.40389832031250006 0.9387968875 0.39315620625 0.940038640625 0.3868920546875 0.943965271875 0.389209625 0.9514367859374999
1 0.44334176249999996 0.9051478171875 0.44736485000000004 0.8966764671874999 0.44288272187500005 0.8875870328125 0.4306437890625 0.881529271875 0.4106480515625 0.878503184375 0.3979709 0.8869074093749999 0.4015557671875 0.892898046875 0.44334176249999996 0.9051478171875
1 0.4562749734375 0.8315961312500001 0.4577634625 0.8260865359375 0.4487310296875 0.817789978125 0.436640946875 0.8111812578125001 0.4274638265625 0.8098402140625 0.4176996421875 0.8235121171875001 0.4441167109375 0.8348697203125001 0.4562749734375 0.8315961312500001
1 0.47213364062499996 0.782525784375 0.4834711515625 0.7790801921875 0.4753318125 0.767477878125 0.45130465781250007 0.76011403125 0.43936758749999993 0.75935890625 0.43444724062500006 0.7647314578125 0.4422123765625 0.77450889375 0.47213364062499996 0.782525784375
1 0.493359203125 0.7264300046875001 0.4936527375 0.71892353125 0.489472471875 0.71513673125 0.46521996093749995 0.7053970484375001 0.45425249062499995 0.7042629625 0.4485879 0.7123903125 0.45217276875 0.7183809484375 0.493359203125 0.7264300046875001
1 0.48257128437499996 0.6572216609375 0.5171917046875001 0.6638947140625 0.5256204140625 0.6615860015624999 0.5188972234375 0.6479518468750001 0.48688790624999995 0.6412438375 0.48136799999999996 0.642415671875 0.478837565625 0.651781984375 0.48257128437499996 0.6572216609375
1 0.48581265 0.59386411875 0.50327379375 0.5998519640625 0.5167758625000001 0.5980242921875 0.523261203125 0.59006894375 0.5131826640625 0.579224546875 0.5018409890625 0.576265584375 0.4899804234375 0.5784372546875 0.48424349062500005 0.5900423625 0.48581265 0.59386411875
1 0.5360497296875 0.52347276875 0.5423138796875 0.5195461375 0.5398474625 0.51262558125 0.5087312390625 0.5026118125 0.5032196609375 0.5165927578125 0.5067280234375 0.519656596875 0.5360497296875 0.52347276875
1 0.5222083234375 0.4623568171875 0.556156840625 0.46830691093750004 0.5765949640625 0.46327556562499994 0.5724870421875 0.45601100937499994 0.565695671875 0.45225916875000005 0.534285915625 0.449751875 0.52369265 0.45044267031249996 0.5195930546875001 0.45598722187499996 0.5222083234375 0.4623568171875
1 0.574550109375 0.41627480625 0.584322621875 0.41541201250000004 0.5846119921875 0.40150098593749994 0.5659558953125 0.3935162625 0.5549884234375 0.392382178125 0.551484225 0.39572289375 0.5524621562500001 0.4081530421875 0.574550109375 0.41627480625
1 0.60263938125 0.36045311406249997 0.6044214078125 0.34743704375 0.5686060296875 0.33876711249999997 0.562792590625 0.34744542031250003 0.5673470578125 0.3530571 0.60263938125 0.36045311406249997
1 0.572442790625 0.273205734375 0.6026617562500001 0.2801207046875 0.6265358984375 0.2816309546875 0.6408545546875 0.27357073125000003 0.632345175 0.26654809375 0.5923536984375 0.2604959171875 0.5758663187499999 0.2605336671875 0.5695298265625001 0.2679380578125 0.572442790625 0.273205734375
1 0.6516232078125 0.1984011234375 0.650202896875 0.19402840625 0.6367690078125 0.1859737671875 0.60528274375 0.180539675 0.6013403265624999 0.1983423765625 0.6252951390625 0.20918398124999998 0.6516232078125 0.1984011234375
1 0.679776496875 0.1262925625 0.696263871875 0.12625481249999998 0.7005888234375 0.12308609687500001 0.698347759375 0.1185413796875 0.6687200265625 0.10301801875000001 0.6537253062499999 0.10395072968750001 0.6476865093749999 0.1102532015625 0.645827978125 0.1203424703125 0.679776496875 0.1262925625
1 0.7404454984375 0.036547715625 0.6996096406250001 0.016929071875 0.693700228125 0.0156906703125 0.6786596015625 0.014867303125 0.671872396875 0.0175200171875 0.671132315625 0.026679368749999998 0.6961332359375 0.040068809375 0.7284402484375 0.045674901562499995 0.7404454984375 0.036547715625
1 0.8031827874999999 0.144586134375 0.8478734187500001 0.1492944734375 0.8515988109375 0.14192504374999998 0.8442037171875001 0.12756793125000002 0.817493115625 0.1237168 0.8099575 0.12271975625 0.8011587499999999 0.1296081453125 0.8031827874999999 0.144586134375
1 0.8594945812500001 0.23788848125 0.8200178296875 0.22030111406250003 0.7956247984375 0.22392149843750003 0.7910869843749999 0.2439280390625 0.8240617390624999 0.24385253593749998 0.8594945812500001 0.23788848125
1 0.768228246875 0.3124889234375 0.7912858 0.3202317296875 0.8202291390625 0.31581846874999997 0.8355939015624999 0.3103060828125 0.8041034734375 0.2984674375 0.771872965625 0.2957881421875 0.7583708984374999 0.2976158140625 0.760986165625 0.3039854078125 0.768228246875 0.3124889234375
1 0.7393307124999999 0.3873522796875 0.7538788890625 0.3880724484375 0.7720036046875001 0.38197414375 0.7782635921875001 0.37164295625 0.7362522421875 0.35701734687500003 0.7194754953125 0.370966125 0.72679408125 0.3823964375 0.7393307124999999 0.3873522796875
1 0.7011795546874999 0.4579477984375 0.7231144953124999 0.4602159671875 0.7503439875 0.4589364625 0.7436166328125 0.4388977578125 0.7072100234375001 0.43883621875 0.70251086875 0.440180053125 0.6994573828124999 0.4482724453125 0.7011795546874999 0.4579477984375
1 0.687931990625 0.5069831875 0.7199413078125 0.513691196875 0.7365010265625 0.510175690625 0.738363721875 0.506490975 0.720677225 0.4981272921875 0.6881448546875 0.4901453625 0.6829991515625 0.4931420765625 0.6803198703125 0.503059346875 0.687931990625 0.5069831875
1 0.6735701421875 0.5633530484375 0.6987880875 0.5663092187500001 0.7107975015625 0.5635865875 0.7029558609375 0.5508823546875 0.6767683124999999 0.5483051421875 0.6717714609375001 0.5507508984375 0.6692410265625 0.5601172078125 0.6735701421875 0.5633530484375
1 0.65891475625 0.6272293828125 0.6912217703125 0.6328354765624999 0.7067353828125 0.6267721296875 0.70635285 0.6121381421875001 0.66024606875 0.6094616390625001 0.651966209375 0.61121939375 0.653764890625 0.62382154375 0.65891475625 0.6272293828125
1 0.6366514140625 0.69358643125 0.6556052109375 0.7004692359375 0.678284396875 0.699982609375 0.6817120875 0.693715096875 0.6749930609375 0.6864855000000001 0.6498474562500001 0.680051571875 0.6385822890624999 0.68001940625 0.6329176953125 0.6881467546875 0.6366514140625 0.69358643125
1 0.6448282296875 0.762829734375 0.655123796875 0.763240859375 0.6669078546875 0.7581423890625001 0.66645714375 0.7533907140625 0.66183033125 0.7512567921875 0.6242246015624999 0.7427938203125 0.61900655625 0.7492682921875 0.621247621875 0.7538130093750001 0.6448282296875 0.762829734375
1 0.594731671875 0.819861015625 0.6022714515625001 0.8272626125 0.6165219265624999 0.8290846984375 0.6374831046875 0.8253272734375001 0.639490484375 0.81468704375 0.6209832343749999 0.8061513625 0.6077023578125 0.8039503171875 0.6007663046875 0.807153990625 0.5949528640625 0.8158323 0.594731671875 0.819861015625
1 0.597231403125 0.8780180046874999 0.6203613 0.882283053125 0.6369210203125 0.8787675453125001 0.64139481875 0.8750478703125 0.6390049046875 0.8710541140625001 0.6310950859375 0.8682321906249999 0.601696875 0.8614892218750001 0.5898363109375 0.8636608921875 0.5842440609375 0.8683104859374999 0.597231403125 0.8780180046874999
1 0.568989115625 0.9279861046875 0.572799340625 0.9363525796875001 0.5760740203125 0.9242314734375 0.568989115625 0.9279861046875
1 0.6089165796875 0.9503251468749999 0.6176429859375 0.9469145140625 0.6196545312499999 0.9426788390624999 0.6122636015625 0.9347262828125 0.5978601109375 0.9270506015625 0.5862207390624999 0.92519355625 0.5793653546875001 0.93772858125 0.58257601875 0.941894340625 0.6089165796875 0.9503251468749999
1 0.555176540625 0.986129728125 0.5915926078125 0.985282134375 0.5911827234375 0.983866546875 0.5699920296875 0.9788435796874999 0.558952215625 0.981187253125 0.555176540625 0.986129728125
1 0.7177746953125 0.9678985484375 0.7231499171875 0.9736822265624999 0.7492651234375 0.9797371953124999 0.7645575421874999 0.977702565625 0.7647787359375 0.97367385 0.7533563890625 0.9613835343750001 0.736120603125 0.9577715281250001 0.7277642359375001 0.9566024843750001 0.7208281828125 0.9598061578125 0.7177746953125 0.9678985484375
1 0.7498272078125 0.9262969249999999 0.7754875375 0.9211956625 0.7708565609375 0.9126571875 0.7628702359374999 0.9069084671875001 0.7439929453125 0.9029524609375 0.73564074375 0.9081879734375 0.73594260625 0.913490609375 0.7498272078125 0.9262969249999999
1 0.7203108484375 0.8525816140625 0.7501556078125 0.8576717046875 0.761195421875 0.855328034375 0.7622332 0.8450667640624999 0.7447720578125 0.83907891875 0.7239555671875 0.8358808312500001 0.71724486875 0.8414603421875 0.7158328859374999 0.8498967343749999 0.7203108484375 0.8525816140625
1 0.735714640625 0.7923550359375 0.75235503125 0.7981708796875 0.7701862140625 0.7995790484375 0.7882385890625 0.7969585 0.7909178703124999 0.78704123125 0.78755835625 0.78342643125 0.742791215625 0.7757912953125 0.7326486625 0.7812337640625 0.7312366796875 0.7896701546875 0.735714640625 0.7923550359375
1 0.7699915609375 0.7296799109375 0.810880296875 0.7388308859375 0.8063216625 0.726814653125 0.792738925 0.7193109734375 0.7827410546875 0.717797928125 0.7742358390625 0.7171798453125 0.766555540625 0.723138315625 0.7699915609375 0.7296799109375
1 0.818225421875 0.67633334375 0.8258333796875 0.6738526312500001 0.8257527093749999 0.6645212796875 0.7891124171875 0.64927479375 0.780913228125 0.6603639 0.7870368578125 0.6697973328125 0.818225421875 0.67633334375
1 0.841462528125 0.6160018921875 0.8607056953125 0.60897366875 0.85846463125 0.6044289515625 0.82250040625 0.5963099781250001 0.814892446875 0.5987906921875 0.816019225 0.6106698828125 0.841462528125 0.6160018921875
1 0.82888425625 0.5470005078125 0.85507180625 0.5495777187499999 0.86245440625 0.5447211671875001 0.8684125328125001 0.5290873453125 0.860205015625 0.5273673421875 0.824397965625 0.53150651875 0.8185080203125 0.53725803125 0.82888425625 0.5470005078125
1 0.8750482796875 0.4082258546875 0.8947463203125 0.4123538625 0.9195900640625 0.41348515468749997 0.9288395234375001 0.411348440625 0.9196582421875 0.40360284375 0.8789183546875 0.393900909375 0.87436805 0.3946937875 0.8703449609374999 0.4031651375 0.8750482796875 0.4082258546875
1 0.91790691875 0.3490956125 0.9340242562500001 0.3536375359375 0.9452129171875001 0.35074290625 0.9573670156249999 0.3410647609375 0.9505756484375001 0.3373129203125 0.9184174828125 0.33115586874999997 0.9078283796875001 0.3382512171875 0.907458340625 0.34283089218749996 0.91790691875 0.3490956125
1 0.9299303796875 0.253231465625 0.9336641 0.2586711421875 0.96380655625 0.2626593140625 0.9858096749999999 0.2550451734375 0.9884931218749999 0.2515324578125 0.974161975 0.24037902031249997 0.9575980921875 0.237489975 0.9446914203125001 0.2371138078125 0.9369346140625 0.24014548125 0.9299303796875 0.253231465625
1 0.9811370593750001 0.18246115624999998 0.9916709000000001 0.18113549843750001 0.9924858921874999 0.1611341734375 0.9616477187499999 0.15509077031250001 0.9524789281249999 0.16655883437500002 0.9574841093750001 0.1769221875 0.9811370593750001 0.18246115624999998
1 0.8917428 0.4973009046875 0.88891050625 0.5013645796875 0.8929460859375 0.5121068921874999 0.8986871843750001 0.506906340625 0.8917428 0.4973009046875
1 0.8557744109375 0.48277737812500005 0.89502164375 0.4915843515625 0.9255341421875001 0.49099285000000004 0.9273968390625 0.4873081328125 0.887320525 0.46552005156250004 0.862400275 0.46146196093749997 0.853303828125 0.46945227031250003 0.8514452968749999 0.4795415390625 0.8557744109375 0.48277737812500005