1 0.0813375375 0.9017506781250001 0.0801312265625 0.9101902515625 0.0852053296875 0.9151896718750001 0.1439644671875 0.928704321875 0.149328184375 0.928197175 0.1438639609375 0.9161188171875001 0.1337684140625 0.90511878125 0.0898414625 0.8995234562500001 0.0813375375 0.9017506781250001
1 0.10331189999999998 0.83185916875 0.09355105 0.8331728453125 0.0988679 0.8405050515625 0.099968215625 0.849154434375 0.09702667499999999 0.8498872140625 0.136295971875 0.8570614593749999 0.14820339375 0.8481081890625 0.14318194687500002 0.8421075734375 0.128297103125 0.8351894421875 0.10331189999999998 0.83185916875
1 0.087613396875 0.753432778125 0.0842099046875 0.7601588265625 0.09584922500000001 0.770799421875 0.10484858906250001 0.773648746875 0.12115037343749999 0.7681225296874999 0.1252072765625 0.76346945 0.12314173749999999 0.7592529390625 0.10370455468749999 0.7519113374999999 0.087613396875 0.753432778125
1 0.0870367 0.6774191468749999 0.07934415312500001 0.678715753125 0.0768573546875 0.682508796875 0.0794709875 0.6908006640625 0.08462407499999999 0.6942982921875 0.10503061250000001 0.6977056937499999 0.1294677203125 0.6969606125000001 0.137318240625 0.6926604234375 0.12335009062499999 0.6828092875 0.0870367 0.6774191468749999
1 0.20390865468750002 0.7602264609375 0.198334303125 0.764738384375 0.1994041609375 0.7733896921875 0.22038511875000003 0.78037185 0.25351045625 0.7738953671875 0.2598171984375 0.76995461875 0.24187113437500002 0.7632547734374999 0.21003109375 0.7597898921875 0.20390865468750002 0.7602264609375
1 0.2039327046875 0.6872869890625 0.2063620375 0.6990830375 0.23043054375 0.7053463140625 0.24254378281250003 0.7069761609375 0.251232009375 0.701244759375 0.2509472046875 0.6921634328125 0.246631825 0.6872345906249999 0.2147917859375 0.683769709375 0.2039327046875 0.6872869890625
1 0.24122000312499997 0.8336206796875001 0.21155081875 0.8323699203125001 0.20589748281250003 0.8383836375 0.20615596093750002 0.8479655609375 0.21865932031250002 0.856674346875 0.22397038125000002 0.85716839375 0.25735900625 0.8456859375000001 0.25756963593750004 0.8416811609374999 0.2494869703125 0.8358988296875 0.24122000312499997 0.8336206796875001
1 0.226380471875 0.927316015625 0.25366817343750003 0.9303574265625001 0.2615976765625 0.9245554453124999 0.2620979234375 0.9150441 0.2539362703125 0.9107635609375 0.22434607187500002 0.9080110124999999 0.221595984375 0.9168100265625 0.226380471875 0.927316015625
1 0.372086434375 0.92577853125 0.36389845468750004 0.9219985875000001 0.332711821875 0.9206066749999999 0.33126855312500003 0.9335516234375 0.34325015 0.9376844546875001 0.36671790625 0.9408735734375 0.372086434375 0.92577853125
1 0.3146318359375 0.843970940625 0.30845673749999997 0.8454087031249999 0.3064653734375 0.85427829375 0.3077458609375 0.8589248250000001 0.3151224625 0.8636353828125 0.3417830828125 0.8641032296875 0.3586856203125 0.8616511734375001 0.36496603437499997 0.858211021875 0.340533734375 0.8443682078125001 0.3146318359375 0.843970940625
1 0.3456366984375 0.7618402640624999 0.326484321875 0.763579990625 0.3225064046875 0.7667312796875 0.3203307421875 0.77910505 0.32472510625 0.7825321015625 0.327707340625 0.783815609375 0.3554163015625 0.778847465625 0.3601529421875 0.77576675625 0.3588461265625 0.771620821875 0.3456366984375 0.7618402640624999
1 0.31580245625000003 0.7057421109375001 0.3400026046875 0.709502403125 0.35549301093749996 0.7049068015625 0.3468095953125 0.696050309375 0.3303283171875 0.6904928124999999 0.3204385890625 0.69007589375 0.3096058359375 0.6930925765625 0.31580245625000003 0.7057421109375001
1 0.31961531249999997 0.647743425 0.3269655828125 0.6529545796875 0.366445509375 0.656124046875 0.37199352812500003 0.6521127203125 0.36503818906249996 0.6393926078125001 0.3271020375 0.6358637 0.3155105609375 0.6388098062500001 0.31961531249999997 0.647743425
1 0.3065782890625 0.5911956015625 0.337865425 0.6051730203125001 0.3577765234375 0.603503875 0.350062459375 0.5907131828125001 0.30736815 0.5761776890625 0.3027368265625 0.5772560109375 0.300171040625 0.5825508453125 0.3065782890625 0.5911956015625
1 0.2027456328125 0.6373749859375 0.20567521093750002 0.6396596875 0.2238845640625 0.6413535625 0.2402390078125 0.63482615 0.2329150640625 0.629114396875 0.21784591875 0.6257004453125 0.20246082968749998 0.6282936593749999 0.2027456328125 0.6373749859375
1 0.09628745 0.63199941875 0.1160142484375 0.6338344499999999 0.12310604375 0.6294636828125 0.121119490625 0.6237453796875 0.1159664015625 0.62024775 0.084156025 0.617405721875 0.0771959953125 0.6314591828125 0.09628745 0.63199941875
1 0.091311575 0.5671466281249999 0.12312528593750001 0.5711121046875001 0.1516982828125 0.564212153125 0.118683071875 0.554098353125 0.0997149953125 0.5523339 0.0866850609375 0.5536370578125 0.1016963484375 0.5598919687499999 0.091311575 0.5671466281249999
1 0.0911201859375 0.5127998296875 0.12220150156250001 0.516194128125 0.1317537671875 0.5085309171875 0.13196439531249998 0.504526140625 0.11461908125 0.500900453125 0.091752075 0.5007854984375 0.0870154375 0.5038662078125 0.0911201859375 0.5127998296875
1 0.1372635609375 0.46175710312499996 0.1141380765625 0.45206022343749996 0.0783201234375 0.45174663125 0.0795479515625 0.45739435625 0.0980684390625 0.4676689609375 0.13325931562499999 0.46540898750000004 0.1372635609375 0.46175710312499996
1 0.13364235 0.41463694687499997 0.112608734375 0.40865598125 0.0959168265625 0.4071032609375 0.08736024375 0.41033167812500004 0.0913860078125 0.42076709062499995 0.11181887187499999 0.42367389375000003 0.13364235 0.41463694687499997
1 0.0967426390625 0.3624089625 0.1233242734375 0.3643786015625 0.1264118234375 0.36365971875 0.1291092515625 0.3558619 0.117232971875 0.349726678125 0.0952036734375 0.348180509375 0.0931333234375 0.3585518921875 0.0967426390625 0.3624089625
1 0.0868769625 0.2890525734375 0.0821139921875 0.29263388125 0.0877361890625 0.30170865625 0.12258479062500001 0.3059564453125 0.1317947828125 0.3048009953125 0.1381278546875 0.30035965 0.1337861453125 0.2959314046875 0.1060556671875 0.28681225 0.0868769625 0.2890525734375
1 0.0906108328125 0.232555678125 0.10175472031249999 0.238119725 0.1352701765625 0.23872217812500002 0.11387277031250001 0.22516167812500001 0.09014172499999999 0.22697853124999998 0.0906108328125 0.232555678125
1 0.10221673906249999 0.185845890625 0.10726451249999999 0.191345909375 0.1132816390625 0.192911728125 0.13525827968749998 0.1954590921875 0.1392361953125 0.192307803125 0.13641193125 0.1880207140625 0.1267328328125 0.18359901875 0.10627364218749999 0.1811928109375 0.10221673906249999 0.185845890625
1 0.0905439984375 0.11785491249999999 0.0922146078125 0.12958038125 0.09744668281249999 0.13157621875 0.1284490140625 0.1364723125 0.14171590625 0.1306637828125 0.1411678125 0.1265884265625 0.11958610624999999 0.11653210624999999 0.099832978125 0.115197671875 0.0905439984375 0.11785491249999999
1 0.1455287625 0.07266509531250001 0.126850303125 0.0653940734375 0.0947733046875 0.0664345671875 0.1058294484375 0.07223481875 0.09782971562500001 0.080804178125 0.1411295875 0.0838259375 0.1455287625 0.07266509531250001
1 0.2639014546875 0.126938375 0.257884328125 0.1253725546875 0.22075955625 0.12091303125 0.22681734062499997 0.1275920625 0.2280608 0.1335197 0.2207020875 0.1365021171875 0.24427515937500002 0.137688846875 0.26117769687500003 0.135236790625 0.2660196515625 0.13015369062499998 0.2639014546875 0.126938375
1 0.22380887968750002 0.07743166093750001 0.22823699375 0.080886390625 0.23785985156249997 0.08520034374999999 0.22627779375 0.08856741875 0.223045346875 0.091948975 0.2640690484375 0.09475900312499999 0.273384353125 0.09160116406249999 0.267630515625 0.0850293734375 0.2557805625 0.0783935546875 0.22380887968750002 0.07743166093750001
1 0.3171318140625 0.0861127734375 0.3405469125 0.0903030859375 0.35438822812500004 0.0880693125 0.360747628125 0.0831273703125 0.35415607968749996 0.077986790625 0.31760573124999997 0.07710202656250001 0.3113779734375 0.07954098281250001 0.3171318140625 0.0861127734375
1 0.328546075 0.144521828125 0.35073334375 0.14306441406249998 0.3548429046875 0.137410140625 0.349742471875 0.1329113171875 0.33315588125 0.129356209375 0.3231871671875 0.13044108125 0.32268692187500003 0.1399524265625 0.328546075 0.144521828125
1 0.30869952968750003 0.1884528671875 0.311418478125 0.1947423453125 0.3196327875 0.198021690625 0.330960975 0.20008155625000001 0.3416884140625 0.1990672625 0.35330621875 0.19562056249999998 0.356604396875 0.1908969015625 0.34020210624999997 0.18383761406250002 0.30869952968750003 0.1884528671875
1 0.22607289375 0.1938459515625 0.2541719765625 0.195956746875 0.2597199953125 0.19194541874999999 0.25710636249999996 0.183653553125 0.2346606171875 0.1755290421875 0.223696221875 0.1810487109375 0.2210251203125 0.1883459328125 0.22607289375 0.1938459515625
1 0.1972796453125 0.2339264703125 0.1953409390625 0.2417948671875 0.199029240625 0.24415014531249998 0.2014633828125 0.2413582984375 0.20188464218750002 0.23334874375 0.1972796453125 0.2339264703125
1 0.2081123984375 0.2309097859375 0.20494586093749997 0.2331304609375 0.2059893921875 0.24228236406249998 0.207401521875 0.244425909375 0.22943081875 0.24597207812500002 0.24641234218750002 0.24201822968750003 0.24659664218750002 0.23851404999999998 0.2331765890625 0.23273826875 0.2081123984375 0.2309097859375
1 0.342248403125 0.246405703125 0.3371216453125 0.2424074765625 0.3175528171875 0.2375688625 0.3090752203125 0.2392954859375 0.309960778125 0.251450975 0.33881858125000003 0.253632346875 0.342248403125 0.246405703125
1 0.2286404453125 0.579921275 0.2459379125 0.5699602609375 0.2453898203125 0.56588490625 0.208760484375 0.56650193125 0.20357625625 0.57809279375 0.20566812343750002 0.5818087078125 0.2286404453125 0.579921275
1 0.1968986328125 0.516603028125 0.19660901875 0.5221095953125 0.20024465937499997 0.5254660671875 0.2077265765625 0.5281742375 0.235251234375 0.526710275 0.23943978124999998 0.5195542078125001 0.23815929531250002 0.5149076796875 0.2101128703125 0.511795690625 0.1968986328125 0.516603028125
1 0.20983768593750002 0.4735385765625 0.23278367656249999 0.47215174062500004 0.24843205625000003 0.46455255624999997 0.24942773749999997 0.460117759375 0.24505970000000002 0.4561901125 0.23527528593749997 0.453770803125 0.2107065328125 0.457018871875 0.20983768593750002 0.4735385765625
1 0.19894999687499998 0.40511757812500004 0.1993927765625 0.4111953234375 0.2052519296875 0.415764725 0.22947840937500003 0.41902442031250003 0.244705528125 0.419434790625 0.24708701249999998 0.41764413593749994 0.2376975296875 0.40771587187499997 0.20593647812500002 0.4027492 0.19894999687499998 0.40511757812500004
1 0.244645784375 0.362585003125 0.2336861984375 0.35351677656249997 0.205613446875 0.35090538437499996 0.2051921875 0.3589149390625 0.2088014984375 0.362772009375 0.2323219140625 0.36495993125 0.244645784375 0.362585003125
1 0.243958959375 0.3031616546875 0.23990686874999997 0.293226840625 0.2301487828125 0.2903069359375 0.208746565625 0.29133433124999997 0.20730329531249997 0.3042792765625 0.241551146875 0.30545290625 0.243958959375 0.3031616546875
1 0.306858796875 0.2959335375 0.2952146640625 0.2998808375 0.30091584375 0.307453821875 0.3053891984375 0.3093790828125 0.32142769531250004 0.308858834375 0.33385688125 0.3044815171875 0.3333087875 0.30040616249999996 0.322870965625 0.2959138890625 0.306858796875 0.2959335375
1 0.300843946875 0.3668065921875 0.331951590625 0.369700296875 0.3324255078125 0.3606895484375 0.32272008125 0.3567684515625 0.2954060515625 0.3542276375 0.29134915 0.35888071718750003 0.2941207546875 0.3641690015625 0.300843946875 0.3668065921875
1 0.3433443328125 0.41402205625 0.323933478125 0.406179859375 0.3084167453125 0.41127605625 0.3095392609375 0.41892616875 0.314771334375 0.4209220078125 0.35105839843750003 0.4268127453125 0.3433443328125 0.41402205625
1 0.3100273515625 0.52561738125 0.304531990625 0.5286275140625001 0.305132740625 0.5317016734375 0.3112551828125 0.53126510625 0.3100273515625 0.52561738125
1 0.356177815625 0.532425634375 0.342810415625 0.5256486578125 0.32300463125 0.5253154203125 0.3167242171875 0.5287555703125 0.3187107703125 0.5344738734375001 0.34529240625 0.5364435125 0.356177815625 0.532425634375
1 0.31371337499999996 0.4555337875 0.310230896875 0.46376162499999996 0.31355059218750003 0.4731252640625 0.3285934109375 0.4770398125 0.34392584375 0.4754477921875 0.35478492500000003 0.4719305125 0.3559649078125 0.4639915390625 0.34788224218749997 0.45820920625 0.31371337499999996 0.4555337875
1 0.44583573125 0.9442089234375001 0.494157046875 0.9532312984375 0.50598548125 0.9457798203125 0.48079445937500004 0.9318664296874999 0.46190536875 0.9286001859375 0.4457088984375 0.9321240140624999 0.44290615468750005 0.9419242234375 0.44583573125 0.9442089234375001
1 0.4288304140625 0.8616366015624999 0.47626617343750005 0.858503490625 0.4801387734375 0.8573545890625001 0.48034940312499996 0.8533498140625 0.46991158125 0.8488575390624999 0.42669069843749996 0.8443339875 0.42299758593750003 0.8565666015625 0.4288304140625 0.8616366015624999
1 0.41444353593749994 0.7727682515625001 0.412689134375 0.7771324703125 0.4168465390625 0.7850648953125 0.4379064828125 0.7905452625 0.46551012968750005 0.7875795078125 0.46640049531249994 0.7851471015625 0.44408639218749996 0.7745196046875 0.42061863749999995 0.7713304875 0.41444353593749994 0.7727682515625001
1 0.425058571875 0.7159053656250001 0.4605869125 0.721725525 0.47204674375 0.7212824062500001 0.4761299765625 0.716128728125 0.453815871875 0.7055012328125 0.42514236875 0.6998156796874999 0.4191994171875 0.7113359640625 0.425058571875 0.7159053656250001
1 0.4314156953125 0.63852455 0.40980285 0.64355671875 0.41314887499999997 0.6524197625 0.4205781328125 0.656129125 0.42821802187499997 0.6558337140625 0.46497900000000003 0.652713703125 0.4667070765625 0.64885008125 0.45035744375000003 0.6407896 0.4314156953125 0.63852455
1 0.40144980781250006 0.58492938125 0.4283689046875 0.5949791515625 0.44244718125000004 0.588240003125 0.4426578109375 0.5842352281250001 0.42858434531249995 0.5763864796875 0.40132297499999997 0.572844471875 0.3963757046875 0.579929959375 0.40144980781250006 0.58492938125
1 0.45463231875 0.53051708125 0.444220828125 0.525524209375 0.41238078749999996 0.5220593296875 0.410415753125 0.5304283234375 0.41551618437500004 0.5349271484375 0.45672418593749997 0.53423299375 0.45463231875 0.53051708125
1 0.47398342812500005 0.48150949218749994 0.462133475 0.4748736734375 0.4386130625 0.47268575 0.42997749062499996 0.47741595937500003 0.437928515625 0.485701275 0.4697948828125 0.48866555937499995 0.47398342812500005 0.48150949218749994
1 0.44307451562500005 0.43134792656250004 0.47114726874999996 0.4339593171875 0.473112303125 0.42559032343750003 0.46272713750000005 0.4200968546875 0.4400707625 0.415977121875 0.43541310937500005 0.41755604062499996 0.43357971875 0.42342205 0.44307451562500005 0.43134792656250004
1 0.474328234375 0.3879749625 0.47399077187499994 0.3798948296875 0.46661417031249997 0.3751842703125 0.43930014218749996 0.3726434578125 0.4380938296875 0.38108303125 0.44233022499999997 0.3875136640625 0.474328234375 0.3879749625
1 0.44587979375 0.33452095000000004 0.4533353796875 0.3377297171875 0.478425896875 0.339057603125 0.49998608750000006 0.33502662656250004 0.47610188124999997 0.3252591671875 0.4533401890625 0.3231418234375 0.44250743750000004 0.32615850625 0.44587979375 0.33452095000000004
1 0.4418732703125 0.26573396250000003 0.47614745156250005 0.26640699375 0.48467770625 0.2636791734375 0.4856470578125 0.259744975 0.4731963546875 0.2500349953125 0.44190440937500003 0.2506454703125 0.439338625 0.2559403046875 0.4418732703125 0.26573396250000003
1 0.45989123593750003 0.21308103906250003 0.4787803234375 0.2163472828125 0.4943760453125 0.2097492921875 0.46978577499999996 0.1989100640625 0.4515500921875 0.197716784375 0.4467871234375 0.2012980921875 0.44940075625000003 0.2095899578125 0.45989123593750003 0.21308103906250003
1 0.463651434375 0.15608354687499998 0.48408429843749995 0.15899035156250002 0.499522046875 0.15539594375000002 0.48272963593749996 0.1412577171875 0.4546832125 0.1381457296875 0.4508106109375 0.1392946296875 0.4497622703125 0.14473061874999998 0.463651434375 0.15608354687499998
1 0.45817531406249995 0.1007421015625 0.4748935484375 0.10179422499999999 0.48567364375000005 0.0997787359375 0.486958940625 0.089837371875 0.4787709609375 0.08605743125000001 0.455171559375 0.08537129843749999 0.4519260375 0.08909376249999999 0.45817531406249995 0.1007421015625
1 0.6226435312499999 0.0903859546875 0.5989124875 0.0922028078125 0.594802928125 0.09785708125 0.5991183078125 0.1027859265625 0.6080650109375 0.10663644531250001 0.6202572375 0.10676450156249999 0.630410253125 0.10217544999999999 0.6322173156249999 0.09681003906249999 0.6293667234375 0.0930235453125 0.6226435312499999 0.0903859546875
1 0.5969282125 0.1589233796875 0.6150849078125 0.16161845 0.6273824484375 0.15974411718749998 0.6338208359374999 0.1533003828125 0.6327246484375 0.14514967343750002 0.593113078125 0.14448319062499998 0.58832378125 0.1485650953125 0.5969282125 0.1589233796875
1 0.5921460015625 0.22085626249999998 0.600465628125 0.2221332203125 0.612789496875 0.2197582921875 0.6229425109375 0.21516923906250002 0.6232057984375 0.2101632671875 0.6136056875 0.20423978125 0.5875458171875 0.20684609531249998 0.5921460015625 0.22085626249999998
1 0.5882326421874999 0.26626944375 0.598775778125 0.2687593296875 0.621642784375 0.2688742859375 0.631953771875 0.2612816515625 0.6231123828125 0.255428740625 0.5949606453125 0.254319140625 0.5854873656249999 0.2604805625 0.5882326421874999 0.26626944375
1 0.5855997687500001 0.3163291546875 0.595410509375 0.31824786562499996 0.619141553125 0.31643101093750003 0.6238255359375 0.31435149375 0.6256852562499999 0.3079848890625 0.5877754328125 0.30395538437499997 0.5829861359375 0.30803728750000003 0.5855997687500001 0.3163291546875
1 0.596097334375 0.3776712140625 0.62568753125 0.3804237625 0.6353451125 0.3707581609375 0.62870090625 0.366618778125 0.5968608671875 0.3631538984375 0.5920979 0.36673520625 0.5916503109375 0.37524535625 0.596097334375 0.3776712140625
1 0.5793909968750001 0.41988217656250004 0.58108793125 0.43110704687499996 0.5907407015625 0.4360293390625 0.6013891546875 0.4365168375 0.6131649312499999 0.430066553125 0.6097925765625 0.42170410937499997 0.5986223609375 0.41664066093749996 0.5818251375 0.417090328125 0.5793909968750001 0.41988217656250004
1 0.6097948515625 0.4941429828125 0.6054794734375 0.489214140625 0.57902948125 0.4847415171875 0.5751305515625 0.4863910140625 0.5759634515625 0.49954769531250004 0.605711621875 0.4992966609375 0.6097948515625 0.4941429828125
1 0.572234390625 0.5414566953125 0.57422094375 0.5471749984375001 0.5831939765625 0.550524921875 0.6110824265625 0.5566404921875 0.6180162499999999 0.5552733062499999 0.6236169265625 0.5502607859374999 0.6073462796875 0.5406985125 0.5762912921875001 0.536803615625 0.572234390625 0.5414566953125
1 0.58495546875 0.6040116828125 0.5947662109375 0.6059303921875 0.6131598640625 0.6041200890625 0.616826646875 0.5923880703125 0.6086123359375 0.5891087265625 0.5872101187500001 0.5901361203125 0.5828636 0.6002957703125 0.58495546875 0.6040116828125
1 0.5790555546875 0.643706559375 0.5816428578124999 0.652499025 0.615079328125 0.6546032687500001 0.6172023359375001 0.6432306921875 0.5845772453125 0.6401958328124999 0.5790555546875 0.643706559375
1 0.5624975671875 0.712089728125 0.5658962515625 0.7199515765625 0.5801540171874999 0.7242961453125 0.6164674078125 0.7296862859375 0.6258090421875 0.7260278484375 0.6156871671874999 0.7155284078124999 0.5946008953125 0.7105486390625 0.5665018125 0.70843784375 0.5624975671875 0.712089728125
1 0.611500896875 0.7951233484375 0.6139613671874999 0.7918309046875 0.5942130515625 0.775908575 0.5704293500000001 0.7787266234375 0.5688281078124999 0.7946751515625 0.597606925 0.798358315625 0.611500896875 0.7951233484375
1 0.5869655609375 0.8557218000000001 0.5857329203125 0.8646619687499999 0.5891842609375 0.8715226218750001 0.6018982515625 0.8762266296875 0.6319097109375 0.8709696234375001 0.6351289046875 0.8677477578125 0.6322783125 0.863961265625 0.618020546875 0.859616696875 0.5869655609375 0.8557218000000001
1 0.5856777296875 0.9526899296875 0.60223799375 0.9567456359375001 0.6452530578125 0.9506860703125 0.6374336796875 0.9398977671875001 0.6078961374999999 0.9361440265625 0.5824896765625 0.9408233046875001 0.5805509703125 0.948691703125 0.5856777296875 0.9526899296875
1 0.715598859375 0.9758425093750001 0.7196772828125 0.9852767265625 0.762950821875 0.9887990859375 0.7575129281249999 0.976220128125 0.7261994640625 0.9627433078125 0.715598859375 0.9758425093750001
1 0.7364770359375 0.897800290625 0.7606771875 0.9015605828125001 0.77111981875 0.8914649625 0.769970975 0.8843154453125001 0.729969284375 0.8765700265625 0.7240000046875 0.8885909062499999 0.7296748578125001 0.896664490625 0.7364770359375 0.897800290625
1 0.74747510625 0.7901653625 0.745768546875 0.80811628125 0.7658591375 0.817530846875 0.8049752734375 0.8131207796875 0.7759906359375 0.7988544984375 0.74747510625 0.7901653625
1 0.7383370125 0.7319680421875 0.734280109375 0.7366211218750001 0.7454503234375001 0.741684571875 0.7740974984375 0.747870721875 0.8046833781249999 0.746188471875 0.79293874375 0.737550265625 0.769133521875 0.7262810171875 0.7469989109374999 0.7267372359375 0.7383370125 0.7319680421875
1 0.731865209375 0.6810613937500001 0.7723408187499999 0.679796065625 0.7698324999999999 0.669501809375 0.7558643515625 0.6596506734375 0.743071375 0.6564484578124999 0.7308264906249999 0.6573215953125 0.7212742265625 0.6649848078125 0.731865209375 0.6810613937500001
1 0.7297710640624999 0.6049066046875 0.7612951578125 0.61437865 0.7727598 0.5993476359375001 0.7495553328125 0.59115255 0.7299338468750001 0.587315128125 0.725718971875 0.5949717921875 0.7260827640625 0.6025513265625 0.7297710640624999 0.6049066046875
1 0.724584559375 0.5440585921875 0.724110640625 0.553069340625 0.72771995625 0.5569264109375001 0.7581215343750001 0.55874834375 0.77578279375 0.5563668640625 0.775208371875 0.55279210625 0.7618673031250001 0.545514534375 0.7322771046875001 0.5427619859374999 0.724584559375 0.5440585921875
1 0.734251759375 0.505217203125 0.7576405296875001 0.5099081109375 0.7680041765625 0.5013142828125 0.758377734375 0.49589139375 0.735721359375 0.491771659375 0.73106370625 0.4933505796875 0.7306161171875 0.5018607312500001 0.734251759375 0.505217203125
1 0.73717425 0.449650925 0.7778293484375001 0.4594693125 0.78228118125 0.447307275 0.7705628734375 0.4381684703125 0.7410253328125 0.434414728125 0.73560895625 0.43592306875000003 0.7305037140625 0.4460121390625 0.73717425 0.449650925
1 0.7356808546875 0.3765702984375 0.7382944874999999 0.38486216406249996 0.748052571875 0.38778206875 0.77162564375 0.3889687984375 0.7794761625 0.3846686078125 0.778274659375 0.3785202859375 0.7587848203124999 0.37217988125 0.7404438234375 0.3729889890625 0.7356808546875 0.3765702984375
1 0.7440723796875 0.318494484375 0.7408531843749999 0.32171635 0.743545803125 0.3285064265625 0.7784733921875 0.331252425 0.7830783875 0.3306746984375 0.784806465625 0.326811078125 0.7760440609375 0.319456378125 0.7670183703125 0.3171076484375 0.7440723796875 0.318494484375
1 0.7483328234375 0.251985646875 0.7397235828125 0.256215259375 0.7387805578125 0.25964885937500004 0.7413678609375001 0.268441321875 0.74646829375 0.272940146875 0.7585815328125001 0.2745699953125 0.7770015171875 0.27225909375 0.7782604859375 0.26281832656250004 0.7611784578125 0.25418667031250003 0.7483328234375 0.251985646875
1 0.779481228125 0.210615071875 0.7582633125 0.2081382859375 0.7442903515625 0.21287504531249998 0.7478206796875 0.21823390625 0.75747345 0.22315619999999997 0.7848138078125 0.225196415625 0.79245369375 0.224901003125 0.795646559375 0.2221797328125 0.792822296875 0.21789264375 0.779481228125 0.210615071875
1 0.7535459140625 0.1528674203125 0.747892578125 0.1588811359375 0.7529666828125 0.16388055625 0.7535459140625 0.1528674203125
1 0.7635672859375 0.15078135312500002 0.7596156984375 0.15343204531250001 0.7620186999999999 0.1657286890625 0.77261449375 0.1672173796875 0.7872408609375 0.1645535890625 0.79587643125 0.159823378125 0.7953283375 0.155748025 0.7887367890625 0.150607446875 0.7635672859375 0.15078135312500002
1 0.7630814703125 0.1165290171875 0.7828345984375 0.1178634515625 0.78943095625 0.108416134375 0.7812956328125 0.103634996875 0.7555780375000001 0.0997335484375 0.7515211328125 0.10438662968750001 0.7541874234375 0.1116773015625 0.7630814703125 0.1165290171875
1 0.8814518859374999 0.09836341875 0.8767679015625 0.1004429375 0.87480286875 0.10881193125 0.8798506421875001 0.11431195000000001 0.888117609375 0.1165901 0.9132081281250001 0.117917984375 0.924067209375 0.11440070625000001 0.9241988531249999 0.1118977203125 0.9131339531249999 0.10483188125000001 0.8814518859374999 0.09836341875
1 0.8941729625000001 0.1609184078125 0.8878925484375 0.1643585609375 0.888256340625 0.17193809531249998 0.893356771875 0.17643691875 0.900917675 0.177643296875 0.9168508578125 0.1791254390625 0.9301967390625 0.1718151171875 0.9311397625 0.16838151562499998 0.918478428125 0.1626763125 0.8941729625000001 0.1609184078125
1 0.8922940015625 0.22563659062500002 0.9097446328125001 0.22725988749999998 0.9182748875 0.22453206875 0.9246869437499999 0.2185889328125 0.9039166156249999 0.20760199375 0.8882945687499999 0.2147005828125 0.8865401625 0.2190648015625 0.8922940015625 0.22563659062500002
1 0.8529839453125 0.2627266265625 0.8518302906249999 0.27016500625 0.8560666859375001 0.2765956390625 0.8749821046875 0.2793612875 0.8917793250000001 0.27891161875 0.8937706890625 0.270042028125 0.8848766421875001 0.2651903125 0.8576152703125001 0.26164830625 0.8529839453125 0.2627266265625
1 0.8700252140625 0.3156225640625 0.8539867156250001 0.3161428109375 0.8493553890625 0.3172211328125 0.848201734375 0.3246595109375 0.85544669375 0.33187305624999996 0.8963387515625 0.3371860671875 0.900264009375 0.335035971875 0.9007379265625 0.32602522500000003 0.88585308125 0.31910709375 0.8700252140625 0.3156225640625
1 0.8736894625 0.3909173140625 0.882767809375 0.39226485 0.8966354546874999 0.3895304796875 0.9039642078125001 0.3806543375 0.8660017265625 0.3776260265625 0.8611861015625 0.3822085296875 0.8661548890624999 0.3892103375 0.8736894625 0.3909173140625
1 0.8986075765624999 0.43901246406250005 0.89272209375 0.4349436578125 0.8638906171875 0.43226168906250007 0.8559347859375 0.43856426718749997 0.859907890625 0.45000087187500004 0.8959101484374999 0.44681028281249996 0.8986075765624999 0.43901246406250005
1 0.9105172734375 0.50249806875 0.895843059375 0.49157516093750003 0.8723226453124999 0.4893872375 0.8680024546875 0.4990462875 0.8738879374999999 0.50311509375 0.9072980812500001 0.5057199359375 0.9105172734375 0.50249806875
1 0.8871044515625 0.57074663125 0.8946916828125 0.5714524125 0.8939377687500001 0.556793940625 0.8889163234374999 0.5507933234375 0.865527553125 0.546102415625 0.853804434375 0.5515515062499999 0.8572821046874999 0.5579115625 0.8871044515625 0.57074663125
1 0.8609055937500001 0.677470590625 0.86200178125 0.685621303125 0.8657164093749999 0.6874759828125 0.9037052187500001 0.6900036968750001 0.9138319062500001 0.6859152421875 0.9064289765625 0.6817052796875 0.884610309375 0.6761543359375 0.86640095625 0.6744604578125 0.8609055937500001 0.677470590625
1 0.876034484375 0.737734328125 0.8750651312500001 0.7416685281250001 0.8822311031250001 0.7503838640625 0.9117949734374999 0.7536370078125 0.91872879375 0.7522698234375 0.9109357453125 0.7409809234375 0.9020680265625 0.7356286140625 0.8868409078124999 0.73521824375 0.876034484375 0.737734328125
1 0.8750147515625001 0.8151085953124999 0.8702517828125 0.818689903125 0.8726284578125 0.8314871437500001 0.8784876109375 0.8360565453125 0.889763140625 0.83911760625 0.9049112734375001 0.8410297671875 0.9204543375 0.835432971875 0.9191211906250001 0.8317876359374999 0.9022234656249999 0.8196517968749999 0.8750147515625001 0.8151085953124999
1 0.9162465484375 0.9009406140625 0.8946385125 0.8913848906249999 0.8726092156249999 0.8898387218750001 0.8653594468750001 0.8972130703125 0.8700649484375 0.9092208515625 0.90949221875 0.9133915125 0.9162465484375 0.9009406140625
1 0.9146458187500001 0.597957859375 0.9111418203125 0.5920984 0.904624446875 0.6000439265625 0.9059312640625 0.6041898578125 0.9146458187500001 0.597957859375
1 0.86605640625 0.6085293484375 0.864823765625 0.6174695171875 0.8704459609375 0.62654429375 0.8931549953125 0.6296628328125 0.9339728765625 0.621889740625 0.9333984546874999 0.6183149828125 0.90715909375 0.609837584375 0.8707140578124999 0.606950428125 0.86605640625 0.6085293484375
1 0.8997981390625001 1 0.90475785625 0.988911096875 0.8973022687500001 0.9857023312500001 0.8478273 0.9841183328125 0.8412309406249999 0.9935656484375001 0.8423681875 1 0.8997981390625001 1