1 0.9206448671875 0.019847271875 0.921602859375 0.0112672109375 0.9163943890624999 0.006924624999999999 0.85737109375 0.0009440265625 0.8520339359375001 0.002136071875 0.857837728125 0.013496201562499999 0.8682312703124999 0.023187674999999998 0.912224478125 0.0231580546875 0.9206448671875 0.019847271875
1 0.9007532984375001 0.0924343609375 0.9104544390625 0.0898749453125 0.9049358515625 0.083234403125 0.9035861828125 0.074739765625 0.906499921875 0.0736321171875 0.8671081640624999 0.071489928125 0.8554875531249999 0.08195093125 0.860672625 0.08729981718749999 0.875726109375 0.09230373750000001 0.9007532984375001 0.0924343609375
1 0.918700175 0.16872615156249998 0.92190039375 0.1615759328125 0.9099769375 0.1524406796875 0.900914428125 0.15074651249999999 0.8848093609375001 0.1583478390625 0.8808968265624999 0.1635120015625 0.883080559375 0.1674575828125 0.9026886984375 0.172302290625 0.918700175 0.16872615156249998
1 0.9214882734375 0.2445423609375 0.9291261578125001 0.2422644109375 0.9314970765625 0.23815961562500002 0.9286478234375 0.23021538125 0.9234042578125001 0.22738224062499998 0.9029434203125 0.2265892578125 0.8785817484375 0.23045728593749998 0.8708736703125 0.2357541265625 0.885097853125 0.243803475 0.9214882734375 0.2445423609375
1 0.80246295 0.17681128906250002 0.807893703125 0.171594053125 0.80657436875 0.1630936 0.7854363156249999 0.1588051125 0.752572359375 0.169505965625 0.7463941984375 0.1742465859375 0.7644958171875 0.178641215625 0.7963666828125 0.17802986875 0.80246295 0.17681128906250002
1 0.8045621374999999 0.2496351390625 0.8017947781249999 0.23816886718750002 0.77759689375 0.23499281875000003 0.7654628531250001 0.234914240625 0.7569605703125 0.2417470609375 0.7575090953125 0.2507771984375 0.76195845625 0.25514632187499997 0.7938293234375 0.254534975 0.8045621374999999 0.2496351390625
1 0.76309724375 0.10830657031249999 0.7927375796875 0.1057622375 0.7982034296875 0.0990355578125 0.7976666015625 0.089502271875 0.7849372375 0.08240615 0.7796234796875 0.0825919 0.7466425328125 0.098324234375 0.746548940625 0.1023494234375 0.7547821453125 0.10708901875000001 0.76309724375 0.10830657031249999
1 0.775176771875 0.01286654375 0.7478605578125 0.013318678125 0.740117384375 0.0201249640625 0.7398951031250001 0.029684785937500003 0.7481634046875001 0.0329149328125 0.7777686453125 0.031880043749999996 0.780256553125 0.022743764062499998 0.775176771875 0.01286654375
1 0.629836040625 0.0330293 0.6381160421875001 0.0357562984375 0.6692745953125 0.0331588921875 0.670337878125 0.020050496875 0.6582623328125 0.017456176562500002 0.6347533624999999 0.01727248125 0.629836040625 0.0330293
1 0.68954559375 0.1073584859375 0.6956652578125 0.10513360624999998 0.697394059375 0.0960238625 0.6959811328125001 0.091548596875 0.6884836375 0.087788765625 0.6618680375 0.09073010468750001 0.645074053125 0.0953390765625 0.6389075921875 0.09957655 0.6636891031250001 0.11027329062499999 0.68954559375 0.1073584859375
1 0.6609996546875 0.1933193265625 0.6800592671875 0.1891338953125 0.6839367015625 0.1854791765625 0.6857473953125 0.17284739531249999 0.6812629390625 0.1699877171875 0.6782499 0.1690875625 0.6507465031249999 0.177590071875 0.64610995625 0.181271325 0.64753458125 0.1852434421875 0.6609996546875 0.1933193265625
1 0.6924012328125 0.2455120328125 0.668144853125 0.244851728125 0.6528222890625 0.251420221875 0.6617444078125 0.25915217031250004 0.6783512093749999 0.262593575 0.6882313203125 0.2617454640625 0.698952434375 0.2573487765625 0.6924012328125 0.2455120328125
1 0.6902850375 0.30390379218749997 0.6827992421875 0.2996408140625 0.643313890625 0.3015238140625 0.6378948390625 0.3062378984375 0.64520515 0.31804810625 0.683160584375 0.3167213265625 0.6946408078124999 0.312298103125 0.6902850375 0.30390379218749997
1 0.7049394296875 0.358692878125 0.6733142421875 0.3487381078125 0.653495521875 0.352950071875 0.6615649421875001 0.3647337453125 0.7045884578125 0.3737873328125 0.70917820625 0.372118675 0.711584221875 0.366504434375 0.7049394296875 0.358692878125
1 0.807199478125 0.2993141625 0.8042098390625 0.297407709375 0.7859912296875 0.2980445640625 0.7698627625000001 0.30665218906249997 0.777336859375 0.31141831875000003 0.7924722375 0.31290019999999996 0.807748003125 0.3083443 0.807199478125 0.2993141625
1 0.9135799875 0.291070840625 0.893843159375 0.291760765625 0.8868941921875001 0.297031071875 0.8890428281249999 0.3024861 0.894286396875 0.305319240625 0.926109534375 0.304089846875 0.932645175 0.28916945 0.9135799875 0.291070840625
1 0.9204327078125001 0.3551819546875 0.8885735406249999 0.35529015468749997 0.8602642375 0.3658317921875 0.893501234375 0.3717083046875 0.9124789515625 0.3710449140625 0.92544229375 0.3680780671875 0.9102819484375001 0.3637524515625 0.9204327078125001 0.3551819546875
1 0.9222056484375001 0.4094158484375 0.8910938906249999 0.4100006625 0.881785703125 0.41887261249999996 0.8816921109375 0.42289780156249995 0.8991048156250001 0.4243000765625 0.921924871875 0.4214914125 0.9265614171875001 0.4178101609375 0.9222056484375001 0.4094158484375
1 0.8776495593750001 0.4662747125 0.9010064453125001 0.47299933593750004 0.9367547484375001 0.46873327343750004 0.9353652203125 0.463251709375 0.916586384375 0.4553615765625 0.881538696875 0.46211684531249997 0.8776495593750001 0.4662747125
1 0.8826344203125001 0.5128552375 0.903795871875 0.516137428125 0.9204962640625001 0.51555364375 0.9289400531249999 0.511236565625 0.9246193796875 0.5013328078125 0.9041468421875001 0.5010429734375 0.8826344203125001 0.5128552375
1 0.9209732671875 0.5602807875 0.894392765625 0.5617126828125001 0.8913329328125 0.5628251234375 0.888868421875 0.5709551046875 0.9008971703125 0.5755620203125 0.9229230218750001 0.5742893390625 0.92468691875 0.56367015 0.9209732671875 0.5602807875
1 0.9329525656250001 0.632256528125 0.9376008109375 0.628072128125 0.9317268249999999 0.6197308890625 0.8968312234375 0.619945228125 0.887675121875 0.6222762515625 0.8814852625 0.6275200187500001 0.8859463218749999 0.63138599375 0.91388125625 0.6369451078125 0.9329525656250001 0.632256528125
1 0.93087146875 0.68913884375 0.9195901281250001 0.6850085406249999 0.886130853125 0.6886918515625 0.9078759249999999 0.699494734375 0.9315018875 0.694646940625 0.93087146875 0.68913884375
1 0.9206507578125 0.737256378125 0.9154539875 0.732410640625 0.9094045140624999 0.7316166296875 0.8874020609375 0.7318830125 0.8835246265625001 0.73553773125 0.8864674671874999 0.7394567765625 0.8962539875 0.742633853125 0.916738221875 0.742420540625 0.9206507578125 0.737256378125
1 0.9342769609375001 0.8036444125 0.9322687140625 0.7921516046875 0.92699005 0.790827909375 0.8959133874999999 0.789903275 0.8828447546874999 0.7973984578125 0.8835102718750001 0.8013971109375 0.9053372390625001 0.808677953125 0.9250857640625 0.8074848796874999 0.9342769609375001 0.8036444125
1 0.880728559375 0.8557902171875 0.8995775874999999 0.8606614609375001 0.9315537453125 0.8555217781250001 0.92035308125 0.8511444375 0.9280857734374999 0.8415662984375001 0.8847931796875 0.8440851265625 0.880728559375 0.8557902171875
1 0.761036390625 0.816738609375 0.7670858625 0.8175326234375 0.8042587921875001 0.8172386749999999 0.7980199109375 0.81134496875 0.7966066421875 0.8055859453125 0.8038623515625 0.8016676078125 0.780306584375 0.8034965078124999 0.7635126 0.808105478125 0.758829259375 0.8137993265624999 0.761036390625 0.816738609375
1 0.8024818687499999 0.8610391281249999 0.7979629312500001 0.85815613125 0.7882356640625 0.8550794328125001 0.7996942359375 0.8502371296875 0.802821140625 0.8464478218749999 0.761805871875 0.8488870421874999 0.7526029750000001 0.85323065625 0.75853545625 0.8590561546875 0.7705525062499999 0.8641662171875 0.8024818687499999 0.8610391281249999
1 0.7091114968750001 0.8643030078124999 0.6856259234375 0.8631130171875 0.6718800734375 0.867112696875 0.665678515625 0.8728596156249999 0.6724052031250001 0.8771491328125001 0.708900915625 0.8733596796875001 0.7150439796875 0.8701285046875 0.7091114968750001 0.8643030078124999
1 0.6960221203125 0.80744825625 0.673926075 0.8117398296875 0.6699901421875001 0.8179102874999999 0.6752103125 0.8217497265624999 0.6918639078125 0.8231785374999999 0.7017791171875001 0.8208209796875 0.7020013984375 0.811261159375 0.6960221203125 0.80744825625
1 0.71454623125 0.7610514265625 0.711650184375 0.7551197859375 0.703358484375 0.752895934375 0.6919952515625 0.7522876734375 0.6813209328125 0.754671765625 0.6698290124999999 0.759598134375 0.6666755875 0.7647357640625 0.683247290625 0.7696866140624999 0.71454623125 0.7610514265625
1 0.7968341453125001 0.7451037203124999 0.7687354234375 0.7465886859374999 0.763316371875 0.751302771875 0.7661656234375 0.7592470046875001 0.7887984953125 0.7644887203125 0.7995781046875 0.7575762890625 0.8020309171875001 0.74994945625 0.7968341453125001 0.7451037203124999
1 0.8243973671875 0.701407353125 0.82610276875 0.6933039062499999 0.8223540203124999 0.6914239906249999 0.8200065000000001 0.6945224859375 0.8198193171874999 0.7025728625000001 0.8243973671875 0.701407353125
1 0.8136762531249999 0.7058040390625 0.8167711828125 0.703182153125 0.8154635484374999 0.6941785515625 0.8139921265625001 0.6922190296874999 0.7919662749999999 0.6934917109375001 0.77513719375 0.699610128125 0.7750553015625 0.7031321671875 0.7886139671875 0.7071828625000001 0.8136762531249999 0.7058040390625
1 0.6793842078125001 0.70748195 0.6846160734375 0.710818240625 0.70428270625 0.7131472046875 0.712691396875 0.710339571875 0.71145395625 0.6983170796875 0.6825961265625 0.69982858125 0.6793842078125001 0.70748195
1 0.7830340328125 0.3599849 0.7660645640625 0.3721410984375 0.7667300796875 0.3761397515625 0.803260890625 0.370840853125 0.8080963171875 0.3586060765625 0.8059008859375 0.35516364375 0.7830340328125 0.3599849
1 0.81654915 0.41914208124999996 0.8166778390625 0.41360744687500006 0.812952490625 0.4107212359375 0.8054081984374999 0.408973996875 0.77798669375 0.413954465625 0.774015665625 0.421634371875 0.775428590625 0.4261096359375 0.8035039140625001 0.42563096875 0.81654915 0.41914208124999996
1 0.8048921140624999 0.46379064531249997 0.7820369609375 0.468108753125 0.766644203125 0.4776961375 0.7657798046875001 0.4822510109375 0.7702525640625 0.48561383593749996 0.7800858796875 0.48677831875 0.804506046875 0.48039454531250003 0.8048921140624999 0.46379064531249997
1 0.8177475125000001 0.530708365625 0.8171287906250001 0.52469711875 0.8111495140624999 0.520884215625 0.7868814328125 0.5207270609375 0.7716758625 0.52226406875 0.7693517390625 0.52435626875 0.77900956875 0.533067978125 0.8108453390625 0.5339660765625001 0.8177475125000001 0.530708365625
1 0.7733903062499999 0.5790137046875 0.784589753125 0.586666046875 0.8126767750000001 0.585684228125 0.812863959375 0.5776338515624999 0.8091503093749999 0.574244490625 0.7856179390625 0.5750670953125 0.7733903062499999 0.5790137046875
1 0.775805365625 0.6382525484375 0.7801377359375 0.64765315625 0.789959353125 0.6493207875 0.8112845921874999 0.6455588984375 0.812347875 0.6324505031250001 0.7781411890625 0.6356572 0.775805365625 0.6382525484375
1 0.7132542765625 0.653510328125 0.7247578984375 0.6480808078125 0.718848815625 0.6412490156249999 0.714329259375 0.6398987843749999 0.6983411828125 0.642468625 0.686066753125 0.648427828125 0.6867322687499999 0.65242648125 0.6972778984375 0.6555770203125 0.7132542765625 0.653510328125
1 0.7171928640624999 0.5819836359375 0.6860694078125 0.5830715953125 0.6858588250000001 0.59212826875 0.6956570453124999 0.594802196875 0.7229849578125 0.593846915625 0.7268974921875 0.588682753125 0.723978046875 0.5837574109375 0.7171928640624999 0.5819836359375
1 0.67341156875 0.5402784656249999 0.6930080046875 0.545626321875 0.7083422671874999 0.5385546812500001 0.706999534375 0.531060525 0.701720871875 0.5297368296875 0.6653421484375001 0.5284947953125 0.67341156875 0.5402784656249999
1 0.7034068578125 0.42460533125 0.7088025109375 0.42089754218750003 0.7081135953125 0.4179051875 0.7020173296875 0.41912376875 0.7034068578125 0.42460533125
1 0.6571597203125 0.4237082609375 0.6706949875 0.428765253125 0.6904669125 0.42656588125 0.6966333734375 0.42232840937500005 0.6944847375000001 0.4168733828125 0.6679042328125 0.4183052765625 0.6571597203125 0.4237082609375
1 0.7017689953125 0.4950461203125 0.7050043109375 0.4863864515625 0.7014193515625 0.47746245781249996 0.6862956703124999 0.47547742812499993 0.6710433046875 0.4790270296875 0.6603104906249999 0.483926865625 0.6593641984375 0.49200377656249994 0.667597403125 0.49674336874999997 0.7017689953125 0.4950461203125
1 0.555712465625 0.024057371875 0.5072348 0.021227315625 0.4956492859375 0.030178875 0.521189903125 0.040849078125 0.5401325234375001 0.0416951328125 0.556190796875 0.0361064015625 0.558702103125 0.025963825000000003 0.555712465625 0.024057371875
1 0.575083965625 0.1043212828125 0.5278437406250001 0.11351371562499998 0.5240131015625 0.11515584062499999 0.523919509375 0.119181028125 0.5344651375 0.1223315703125 0.5777226343749999 0.1213221890625 0.5810515453125 0.108637334375 0.575083965625 0.1043212828125
1 0.5920260546875 0.1912057296875 0.5936495609375 0.186624321875 0.5892703953125 0.1792363078125 0.5680972453125 0.1764572640625 0.54064064375 0.18294717968750002 0.5398230390625 0.18548945781249998 0.56239741875 0.1932469140625 0.5859063890625 0.19343060781250002 0.5920260546875 0.1912057296875
1 0.5830895796875 0.24933315937499997 0.547469965625 0.2480645921875 0.5360482375 0.2499720703125 0.5321240046875 0.2556393828125 0.554698384375 0.2633968375 0.58347431875 0.2654073765625 0.5890688578125001 0.2531460640625 0.5830895796875 0.24933315937499997
1 0.5789989062500001 0.32740078281249996 0.600417734375 0.31961370625 0.5968210765624999 0.311192859375 0.589300184375 0.3084393265625 0.5816856968749999 0.309710978125 0.54509639375 0.31752561875 0.5434845828125 0.321603878125 0.5600328859375 0.327561025 0.5789989062500001 0.32740078281249996
1 0.6104589796875 0.37707774843749997 0.5833065515625 0.370485803125 0.5694554093749999 0.3790138203125 0.5693618171875 0.383039009375 0.583632796875 0.3890757609375 0.6109373109375 0.3891267765625 0.61566745 0.3814203375 0.6104589796875 0.37707774843749997
1 0.5589773203124999 0.4382006203125 0.5695112499999999 0.44185430937500003 0.601382115625 0.44124296249999995 0.6030992187499999 0.4326363671875 0.5978790484375 0.428796928125 0.5567818890625 0.43475818750000006 0.5589773203124999 0.4382006203125
1 0.541095328125 0.48960240156249996 0.553112378125 0.49471246406249997 0.576644746875 0.49388986093750004 0.5851236328125 0.48806333437499994 0.5769489203125 0.480808 0.5450663578125 0.48192249531250003 0.541095328125 0.48960240156249996
1 0.5733964031250001 0.5357307921875 0.5453093796874999 0.536712609375 0.54359228125 0.545319203125 0.5541145109375 0.5494760421875 0.576840975 0.5506925687499999 0.581442425 0.548520759375 0.5831010296875 0.5424299078125 0.5733964031250001 0.5357307921875
1 0.5434739625 0.5830288046875001 0.5440458859375 0.59105264375 0.5515433828125 0.5948124765625 0.5788712953124999 0.5938571953125 0.5798292875 0.585277134375 0.5754150234375001 0.5793985687500001 0.5434739625 0.5830288046875001
1 0.5734158171875 0.6327588421875 0.5658832265625 0.6305084562500001 0.5408092421874999 0.632390428125 0.519413809375 0.63917120625 0.5435298015625001 0.6458692953125 0.5663030640625 0.6450732265625 0.5770241781250001 0.640676540625 0.5734158171875 0.6327588421875
1 0.5794158390625 0.7009216796875 0.5451974515625 0.704631525 0.5367653640625 0.70844545625 0.5359126609375 0.7124971796875 0.5486186265625 0.720599596875 0.5798239765625001 0.7159895984375 0.5822299906249999 0.7103753578124999 0.5794158390625 0.7009216796875
1 0.5629701703125 0.755792428125 0.5440275484375 0.754946371875 0.5286581921875 0.7635274609375 0.5535098953124999 0.771205309375 0.571740203125 0.7700653078124999 0.5763884484374999 0.7658809062499999 0.573539196875 0.757936671875 0.5629701703125 0.755792428125
1 0.560877371875 0.8131778921875 0.5404048359375 0.8128880546874999 0.5251056734375 0.8184502531250001 0.542272696875 0.8304186453125 0.5703480203125 0.8299399765625 0.5741786609374999 0.828297853125 0.575066459375 0.8227366843749999 0.560877371875 0.8131778921875
1 0.5679523765625001 0.867729184375 0.5512402843750001 0.8688161171875001 0.5405425703125 0.8722065062500001 0.5395494796875 0.8822960109375 0.54782948125 0.8850230109374999 0.5713969484375 0.8826909609375001 0.5745269765625001 0.8785596312499999 0.5679523765625001 0.867729184375
1 0.4041473546875 0.8990949125000001 0.42777331875 0.8942471187500001 0.4317092484375 0.8880766625 0.4272598890625 0.8837075375 0.41822077812499997 0.881007075 0.406051640625 0.8824379406249999 0.3960545390625 0.8883175359375001 0.39440763125 0.8939052406249999 0.3973621734375 0.8973211375 0.4041473546875 0.8990949125000001
1 0.4278110703125 0.82738144375 0.409615859375 0.8270120000000001 0.397399925 0.8304554609375 0.39116326875 0.8377118250000001 0.3924943015625 0.8457091296874999 0.4320381484375 0.8413103859375 0.43669809375 0.8366228375 0.4278110703125 0.82738144375
1 0.4307799671875 0.764937959375 0.42244146718750003 0.764726703125 0.4102138375 0.7686733125 0.400216734375 0.7745529078125 0.40009974374999996 0.77958439375 0.40985116718750003 0.784270915625 0.435777853125 0.7783372203125001 0.4307799671875 0.764937959375
1 0.4333627921875 0.7190983765625 0.4227703671875 0.7179604296875 0.3999503109375 0.7207690921875 0.389883015625 0.729667578125 0.39887532812500004 0.7343806374999999 0.4269974484375 0.7318893734375 0.4362705390625 0.7245268671875 0.4333627921875 0.7190983765625
1 0.43453269531250005 0.6687835296875 0.4246876796875 0.66812219375 0.40106171875 0.672969984375 0.39644857031249997 0.6756449421874999 0.39477826562499996 0.6822389421875 0.43272200312500003 0.6814153109375 0.43738194531249996 0.6767277625 0.43453269531250005 0.6687835296875
1 0.42227262187500003 0.6088833515625 0.39266738125 0.609918240625 0.3833123984375 0.620802784375 0.3900624828125 0.6240860031250001 0.42193335000000004 0.62347465625 0.42658159375000004 0.61929025625 0.42678047656249996 0.61073673125 0.42227262187500003 0.6088833515625
1 0.4377135015625 0.56460525625 0.43569355468750004 0.5536155968750001 0.425918734375 0.549935371875 0.4152795125 0.55081001875 0.40371739531250006 0.5587552796875 0.40732575468750004 0.5666729765625 0.4186187921875 0.57030013125 0.4353659828125 0.567703753125 0.4377135015625 0.56460525625
1 0.4052148703125 0.4943522734375 0.40966422968750005 0.4987213953125 0.436186240625 0.49980524375 0.4400285796875 0.497659971875 0.43881453593749997 0.48463118125 0.40913910312499996 0.4886849625 0.4052148703125 0.4943522734375
1 0.44131547187500003 0.44231363906250004 0.4391668328125 0.4368586125 0.43011602499999996 0.434661296875 0.402110896875 0.4321210765625 0.395232121875 0.43437248906250003 0.3897896703125 0.440092871875 0.406302878125 0.44755946562500004 0.4374029390625 0.44747780156249994 0.44131547187500003 0.44231363906250004
1 0.42680146875 0.381486771875 0.4169564546875 0.38082543750000003 0.398655953125 0.38498433125 0.395338740625 0.3971660390625 0.4036304421875 0.39938988750000004 0.4249556796875 0.395628 0.428996903125 0.384929203125 0.42680146875 0.381486771875
1 0.431532934375 0.341102215625 0.4286953828125 0.33265483125 0.3952712015625 0.334828696875 0.39348390625 0.34645418125 0.42612558125 0.34531315 0.431532934375 0.341102215625
1 0.44606394531250004 0.2707134703125 0.4424438890625 0.2632989203125 0.4280910171875 0.2607842046875 0.3917005953125 0.2600453203125 0.382486 0.264892084375 0.39289124062499997 0.2740804078125 0.41407608749999997 0.2763563 0.4421748109375 0.274871334375 0.44606394531250004 0.2707134703125
1 0.394751384375 0.1940797984375 0.392392165625 0.19768144375000002 0.41256052812500005 0.21105314062499997 0.4362098859375 0.2051990515625 0.43734336406249996 0.189071765625 0.40852063125000004 0.189073821875 0.394751384375 0.1940797984375
1 0.4174688046875 0.1304432390625 0.418438496875 0.1213600328125 0.41479504062499994 0.1149517796875 0.4019720859375 0.111880846875 0.3721796609375 0.12096611093750001 0.3690613328125 0.124594290625 0.372015875 0.12801019062500002 0.3863687484375 0.130524903125 0.4174688046875 0.1304432390625
1 0.41593117187499995 0.0334682609375 0.399289275 0.0315363015625 0.356545209375 0.043085265625 0.36466142343749997 0.05285634375 0.394243265625 0.052827751562500004 0.4194576375 0.044908 0.42116304062500004 0.036804551562499996 0.41593117187499995 0.0334682609375
1 0.2856218546875 0.026963118749999997 0.281277784375 0.018065659375 0.2379968890625 0.0200813359375 0.24378898124999998 0.0319446171875 0.27542586875 0.0413962390625 0.2856218546875 0.026963118749999997
1 0.26706131875 0.10754750937499999 0.24280493593750002 0.10688720468749999 0.23267914531249997 0.118301434375 0.23403357656249998 0.1252924421875 0.2741727453125 0.12791124062499998 0.27977898125 0.11514678125 0.273881596875 0.1078118390625 0.26706131875 0.10754750937499999
1 0.25922056875 0.21641333281250003 0.26040084218750004 0.1982734515625 0.24008039218750002 0.191442684375 0.2011786640625 0.2008463765625 0.23051482656250002 0.21138390468749998 0.25922056875 0.21641333281250003
1 0.27003262031249997 0.2733476890625 0.27394515468749997 0.268183528125 0.262652115625 0.2645563734375 0.233887878125 0.26204268750000004 0.20341823906249998 0.2676324484375 0.2153884921875 0.27475510625 0.2394693890625 0.2829626390625 0.2615420375 0.2796773640625 0.27003262031249997 0.2733476890625
1 0.2779720234375 0.32334411093750004 0.23762227187499999 0.329781984375 0.2404247265625 0.3397388109375 0.2546489078125 0.3477881578125 0.267506959375 0.34934964687500003 0.2796994953125 0.3469124828125 0.2890076828125 0.3380405328125 0.2779720234375 0.32334411093750004
1 0.2822783390625 0.3991072484375 0.25054786406249996 0.3936808140625 0.2395459734375 0.41015306406249996 0.2629379515625 0.415368240625 0.28262798437500003 0.41669090937500003 0.2866107109375 0.40850785624999997 0.2860270875 0.400987165625 0.2822783390625 0.3991072484375
1 0.2892246546875 0.45919317499999995 0.2894352359375 0.45013650156249996 0.2857215859375 0.446747140625 0.2553338390625 0.4488148625 0.237780746875 0.45345036875 0.23845796406250003 0.456945871875 0.25198153125 0.4625060140625 0.2815867703125 0.4614711265625 0.2892246546875 0.45919317499999995
1 0.28070934375 0.49920726093749995 0.2572354703125 0.4975141234375 0.24714477499999998 0.5074189062500001 0.256907896875 0.511602278125 0.2796343609375 0.5128188046875 0.2842358109375 0.510646996875 0.28443469375 0.5020934734375 0.28070934375 0.49920726093749995
1 0.27941075312499997 0.5550567421875 0.23855927187499998 0.5504518843749999 0.23447125156249998 0.5631632718749999 0.246429809375 0.5707890796874999 0.27601165 0.5707604890625 0.2813722046875 0.5685621453125 0.2861725375 0.5578368125 0.27941075312499997 0.5550567421875
1 0.28302815625 0.6278275234375 0.2801789046875 0.6198832921874999 0.2703572875 0.6182156609375 0.24680152031249997 0.6200445593749999 0.23909344375 0.6253414 0.2404712734375 0.6313261109375 0.2601028078125 0.6351645218749999 0.2783799125 0.632011925 0.28302815625 0.6278275234375
1 0.27634560937499997 0.6868816453125001 0.2794639390625 0.6832534640625 0.2765795890625 0.6768186765624999 0.241648890625 0.6785424609375 0.237070840625 0.6797079734375 0.23545903125 0.6837862328125001 0.2444162484375 0.690008734375 0.25349045625 0.691199753125 0.27634560937499997 0.6868816453125001
1 0.27403053125 0.7538269296875 0.2824977171875 0.748503553125 0.28333871875 0.744954978125 0.28050116875 0.736507596875 0.2752809984375 0.732668159375 0.263146959375 0.7325895796874999 0.24483475625 0.737251621875 0.2438533671875 0.7468379796875 0.26114908125 0.7532717390625 0.27403053125 0.7538269296875
1 0.2441548875 0.7991123499999999 0.2653982328125 0.7988725 0.2792025765625 0.792357078125 0.2755240234375 0.7874582718750001 0.2657492015625 0.783778046875 0.23840959062499997 0.7852364781250001 0.23079510625 0.7865081296875001 0.22768847656250002 0.7896331640625001 0.23063132031250003 0.7935522078125 0.2441548875 0.7991123499999999
1 0.27171412500000003 0.8534503296875 0.2771799734375 0.8467236515625001 0.27197150312499996 0.8423810640625 0.27171412500000003 0.8534503296875
1 0.2617755171875 0.8568141828125 0.26564125625 0.853662615625 0.262885596875 0.84169319375 0.252269775 0.8415615437499999 0.23775311875 0.8460909078125001 0.229274234375 0.8519174328125001 0.2299397484375 0.855916084375 0.2366664359375 0.8602056015624999 0.2617755171875 0.8568141828125
1 0.2632573109375 0.8909486734375 0.24350878593749997 0.8921417484375 0.2372019359375 0.902417003125 0.245458540625 0.9061503 0.2712331375 0.9067575343750001 0.275145671875 0.9015933703125001 0.27227302343750004 0.8946554359375 0.2632573109375 0.8909486734375
1 0.145676028125 0.92421776875 0.15028917656250002 0.9215428140625 0.15200627656250001 0.91293621875 0.1468095046875 0.9080904828125 0.1384944078125 0.9068729281250001 0.11342042187500001 0.9087548999999999 0.1026876078125 0.9136547359374999 0.1026291140625 0.916170478125 0.11387535625 0.921810225 0.145676028125 0.92421776875
1 0.1311620265625 0.8633909015624999 0.13732848749999998 0.8591534296875001 0.1367448640625 0.8516327374999999 0.1315246953125 0.8477932984375001 0.12394530625 0.84755550625 0.10800402499999999 0.8481127546874999 0.0949002921875 0.8571173828124999 0.0940592921875 0.8606659578125001 0.1068588484375 0.864743190625 0.1311620265625 0.8633909015624999
1 0.13115298125 0.7985378187500001 0.11369348125 0.7991481375 0.1052613921875 0.80296206875 0.0990364359375 0.8097152828124999 0.1200808984375 0.8180289593750001 0.1354619546875 0.8089447234374999 0.1370854640625 0.8043633140625 0.13115298125 0.7985378187500001
1 0.169296928125 0.7564825468749999 0.1702315234375 0.7489087828125001 0.165817259375 0.7430302156249999 0.14686293749999998 0.742687309375 0.1301157515625 0.7452836859375 0.1283869515625 0.7543934296875 0.13740266406249999 0.758100190625 0.164707178125 0.75815120625 0.169296928125 0.7564825468749999
1 0.1507534015625 0.705851325 0.16674148125 0.7032814843749999 0.17133123125 0.7016128265625 0.172265825 0.6940390625 0.164826825 0.6877634890625 0.12387005312499999 0.6876869671875 0.1200160125 0.6903353875 0.11980543125000001 0.6993920578124999 0.13485891562500002 0.7043959796875 0.1507534015625 0.705851325
1 0.1449054703125 0.6311475578125 0.1358078640625 0.6309628359375 0.12205031562499999 0.6354656656250001 0.11499605625 0.6452643078125 0.152963190625 0.643434378125 0.15763483125 0.63824368125 0.152473159375 0.6318885 0.1449054703125 0.6311475578125
1 0.118642165625 0.586316328125 0.12463314375000001 0.5896260828125001 0.1534792734375 0.58861773125 0.16123414687499998 0.5813082953125 0.156936875 0.570398240625 0.121106678125 0.5781863453125 0.118642165625 0.586316328125
1 0.104910671875 0.524456628125 0.11987056250000001 0.5334857375000001 0.143402934375 0.5326631328125 0.1474324578125 0.5224674859375 0.14144148125 0.51915773125 0.108029 0.5208284453124999 0.104910671875 0.524456628125
1 0.12628535937500002 0.45332591562499996 0.118694275 0.453591271875 0.1198732203125 0.46812950468750003 0.125058290625 0.47347839062499997 0.1485321671875 0.475171528125 0.160070884375 0.46823256406249997 0.156415728125 0.46232745937499997 0.12628535937500002 0.45332591562499996
1 0.1493199828125 0.3434262328125 0.14798895 0.33542892812499997 0.144228503125 0.3340521609375 0.10624966875 0.3363852359375 0.096264265625 0.341761684375 0.10377346093749999 0.34501836875 0.12570571875 0.34777087500000003 0.1439243296875 0.3471340203125 0.1493199828125 0.3434262328125
1 0.132470159375 0.2851947140625 0.1333228609375 0.281142990625 0.12591895625 0.27335797031250003 0.0963254171875 0.273889709375 0.08944664218750001 0.276141125 0.0975511578125 0.2864153515625 0.10655517187500001 0.2906252609375 0.12176074374999998 0.2890882515625 0.132470159375 0.2851947140625
1 0.1312353734375 0.20781598906249998 0.13588361875 0.20363158750000002 0.13313965781249998 0.19115901875000002 0.1271603828125 0.18734611406249999 0.1158205484375 0.18573155624999999 0.10065007031249999 0.18575911875 0.0853041125 0.193333909375 0.0867404359375 0.196802878125 0.10395425625000002 0.206758678125 0.1312353734375 0.20781598906249998
1 0.087595790625 0.12739492187499998 0.10943445781250001 0.1341726171875 0.1314603109375 0.132899934375 0.1384794734375 0.124610740625 0.1334347890625 0.11322407500000001 0.09397283437500001 0.11410077656249999 0.087595790625 0.12739492187499998
1 0.09801248125 0.4296799921875 0.1016793375 0.435081946875 0.10795108906249999 0.4263161375 0.10652646406249999 0.42234402187500003 0.09801248125 0.4296799921875
1 0.1461873 0.41291379531250005 0.1471569921875 0.4038305859375 0.14128300625 0.395489346875 0.1185331421875 0.3952791171875 0.07803130312499999 0.4082579203125 0.0787085203125 0.411753425 0.105136934375 0.4168624578125 0.1415858515625 0.4150856015625 0.1461873 0.41291379531250005
1 0.10403108750000001 0.040349206250000005 0.153443346875 0.0356055015625 0.1597501984375 0.025330246875 0.15838406875 0.0188423875 0.15235799218749999 0.017042078125 0.13040233750000002 0.01529586875 0.11057191875000001 0.0200109828125 0.10213982968749999 0.0238249140625 0.0964984953125 0.03809881875 0.10403108750000001 0.040349206250000005