1 0.16019530625 0.0039291171875 0.16149791875 0.0018791984375 0.0938685578125 0.001092259375 0.093936284375 0.006310846875 0.1023904078125 0.010304345312500001 0.1483398625 0.0132762703125 0.16019530625 0.0039291171875
1 0.0973619890625 0.0795528421875 0.1072313578125 0.08285341874999999 0.13338663125 0.08439130624999999 0.1496263578125 0.0802128078125 0.15559372656249998 0.0750171 0.1445339125 0.06340079062500001 0.1031669640625 0.06298686718749999 0.1060962953125 0.06432938437499999 0.10381087343749999 0.0730410515625 0.0973619890625 0.0795528421875
1 0.096976846875 0.1654809203125 0.1179576609375 0.161771903125 0.12064536562499999 0.1578296 0.1170909125 0.1522170640625 0.1010521375 0.14326405312499998 0.09141138125 0.1444136125 0.07801521875 0.153082140625 0.08062090937500001 0.160704953125 0.096976846875 0.1654809203125
1 0.062150146875 0.2362061734375 0.069893378125 0.2390771640625 0.107980665625 0.24074449062499997 0.1236680796875 0.23335496249999998 0.1161627203125 0.2273511921875 0.0911147890625 0.221714509375 0.06966095624999999 0.2211682359375 0.063891815625 0.223753290625 0.060096764062499995 0.231794390625 0.062150146875 0.2362061734375
1 0.2074436515625 0.1785239984375 0.2406709125 0.18128823593750001 0.2600317171875 0.17794485625 0.254067075 0.1726197078125 0.2208425390625 0.1593346171875 0.1983210078125 0.162365009375 0.19606667656250001 0.1710847328125 0.2012014921875 0.1768537640625 0.2074436515625 0.1785239984375
1 0.20220774531250002 0.25796606718750004 0.23543500781249999 0.26073030468749997 0.240532903125 0.2565006109375 0.24203669843750003 0.2471805109375 0.23386009375 0.2395321 0.221177546875 0.2388022828125 0.19557458125 0.24047542656249998 0.1915020140625 0.25217143750000004 0.20220774531250002 0.25796606718750004
1 0.218683846875 0.1038849484375 0.24938198281249999 0.10850296718750001 0.2581929140625 0.1077972921875 0.2672813609375 0.103436703125 0.267598521875 0.099259659375 0.2347704390625 0.0807532625 0.2292391703125 0.080205534375 0.21521140781249998 0.08670729687499999 0.213667965625 0.0965495265625 0.218683846875 0.1038849484375
1 0.2727524140625 0.031382706249999996 0.2817219265625 0.028588509374999998 0.2824751859375 0.0186680328125 0.2750887625 0.01109786875 0.24660258906250002 0.0088031125 0.2402784140625 0.0186979921875 0.24193534218749999 0.0283310796875 0.2727524140625 0.031382706249999996
1 0.387407996875 0.0416842390625 0.3963378640625 0.039412171875 0.3928257828125 0.02275665 0.3682508703125 0.02137525625 0.355370096875 0.0232560890625 0.3551295 0.0369097265625 0.387407996875 0.0416842390625
1 0.32014421875 0.10972350156249999 0.32630709062499996 0.11243799843749999 0.35301467343750004 0.11718691249999999 0.3800025 0.107760059375 0.3739982109375 0.10295704218749999 0.356931384375 0.0970585671875 0.32943361875 0.09223140468749999 0.32121464375 0.09562598125 0.319277471875 0.10016866093750001 0.32014421875 0.10972350156249999
1 0.3277863609375 0.1978055921875 0.34726337812499997 0.2034166765625 0.3621606125 0.195948903125 0.3640581375 0.19192835156250002 0.3595945671875 0.187803959375 0.33174271875 0.17715511718750002 0.32850270312499996 0.177886390625 0.323523740625 0.1805496921875 0.324112971875 0.1937594453125 0.3277863609375 0.1978055921875
1 0.3219981453125 0.27403663125 0.339699296875 0.27158102031250003 0.3498157984375 0.2641658953125 0.334487915625 0.2563353921875 0.3090831765625 0.255397884375 0.3010200578125 0.2672247921875 0.311765434375 0.272497290625 0.3219981453125 0.27403663125
1 0.35090406875 0.3337130828125 0.35975736875000003 0.3219644203125 0.3545829078125 0.31671751875 0.3135331234375 0.3121265546875 0.30527450156249997 0.3160432578125 0.2998594453125 0.32444999375 0.3113950015625 0.329800740625 0.35090406875 0.3337130828125
1 0.2831303515625 0.38749833125 0.3290032375 0.3809936640625 0.3386467203125 0.36932324843750003 0.3183795234375 0.3636339171875 0.2843197109375 0.37183441875 0.276573753125 0.37948428437500004 0.278508196875 0.3854624578125 0.2831303515625 0.38749833125
1 0.2135710953125 0.318009609375 0.22186936406250002 0.31357077499999997 0.2059098796875 0.3035735046875 0.186945528125 0.3016955796875 0.183626221875 0.303471115625 0.182122425 0.3127912140625 0.19760888906250001 0.31853319375 0.2135710953125 0.318009609375
1 0.0920417515625 0.30387107343749997 0.0978108921875 0.30128602031249996 0.1006175359375 0.295777325 0.0939023578125 0.2898518 0.0733576421875 0.2878173828125 0.053639356250000006 0.2845725828125 0.058928054687499995 0.30046962499999996 0.0920417515625 0.30387107343749997
1 0.0662638546875 0.37075786875 0.0860183890625 0.372714040625 0.121341403125 0.3688470765625 0.0928579546875 0.356031465625 0.059591046875 0.3537893578125 0.0693104234375 0.363348509375 0.05302900000000001 0.366817021875 0.0662638546875 0.37075786875
1 0.0747439984375 0.4268335109375 0.09307675 0.4265446671875 0.0933939140625 0.42236762499999997 0.0845857078125 0.4125524453125 0.052148628125 0.4098664546875 0.0467335703125 0.418273190625 0.051197140625000005 0.42239758437499997 0.0747439984375 0.4268335109375
1 0.067737678125 0.47716717500000005 0.09282798125 0.4717608703125 0.0891942359375 0.46719259218750003 0.0532819921875 0.4578498046875 0.032853489062500005 0.46476984843749997 0.030837028125 0.4703567890625 0.067737678125 0.47716717500000005
1 0.060377274999999994 0.5216791546875 0.0828195140625 0.5196930234375 0.061566634375 0.506015240625 0.0401524484375 0.5049468375 0.0346184515625 0.5149199656250001 0.042993284375 0.5199577234375 0.060377274999999994 0.5216791546875
1 0.057279490625 0.583447034375 0.0703188453125 0.5794776796875001 0.0685826265625 0.570888853125 0.0655011921875 0.5695316046875 0.037884490625 0.5662708359375 0.033656065624999995 0.5695345140625 0.034403876562500005 0.5806557453125001 0.057279490625 0.583447034375
1 0.0373896703125 0.6461823843750001 0.0671417703125 0.6422898234375001 0.0722000203125 0.6385822609375 0.0662750234375 0.6327349812499999 0.056951428125 0.6297074984375 0.020523796875 0.6271524046875 0.013528375 0.63540264375 0.017952301562500002 0.6400491703125 0.0373896703125 0.6461823843750001
1 0.037214740625 0.711396034375 0.061041842187499994 0.7016561953125 0.0264720890625 0.6956026828125 0.014262560937499998 0.699128153125 0.0130362828125 0.7047933390625001 0.037214740625 0.711396034375
1 0.0235328859375 0.755282040625 0.044907428124999996 0.7568725749999999 0.055457301562500005 0.7542348718749999 0.058935190625 0.750370815625 0.055261801562500004 0.74632466875 0.032306896875000005 0.7445776421875 0.0259061546875 0.7449959265625 0.0199784328125 0.749669503125 0.0235328859375 0.755282040625
1 0.0403905859375 0.8058745859374999 0.009364784375 0.8048076125 0.00956860625 0.8223240625000001 0.028611707812499998 0.8246983328124999 0.0521612921875 0.8186134031250001 0.053268635937499996 0.814514609375 0.0403905859375 0.8058745859374999
1 0.0099872171875 0.8582993765625 0.010177034375000001 0.8746122390625001 0.0292693296875 0.8789472453125 0.049459959375 0.8751599828125001 0.0464208953125 0.8627597484375 0.0099872171875 0.8582993765625
1 0.1721075484375 0.8431163015625 0.1785082890625 0.842698015625 0.18111670625 0.8397999734375 0.1768117171875 0.8335870578125 0.159744890625 0.8276885843749999 0.1353285578125 0.824218671875 0.142503503125 0.828763834375 0.1404336421875 0.8346366859375 0.1333093734375 0.8403264671875 0.1721075484375 0.8431163015625
1 0.1356677875 0.8831448984374999 0.1306504125 0.8858300578125 0.163679446875 0.8912049484375 0.1767584453125 0.8867134625 0.18355564062500002 0.8810738734375001 0.17439062656249998 0.8759578687499999 0.131800125 0.870688278125 0.13467568125 0.8748237046874999 0.1461454265625 0.8806072437499999 0.1356677875 0.8831448984374999
1 0.264859578125 0.91121926875 0.2723280171875 0.9072243171875 0.26644266562499996 0.9008549078125 0.25249691875 0.8957915515625 0.22784271562499997 0.895454421875 0.2210455203125 0.9010940109375 0.22712910000000003 0.90485276875 0.264859578125 0.91121926875
1 0.25009762812499997 0.853995521875 0.2676402 0.8536284328124999 0.27348863125 0.8499991171874999 0.27001346875 0.8433423156250001 0.24737572812500003 0.8374182453125 0.24073711250000002 0.8409693140625001 0.23998385312499998 0.8508897921875 0.25009762812499997 0.853995521875
1 0.26461203437499997 0.7991447765624999 0.2824321234375 0.7951227734375 0.2796678515625 0.7895884843750001 0.26817193906250003 0.78371560625 0.25726798125 0.780531628125 0.24533597031249998 0.7804021875 0.2364457484375 0.7821521234375 0.2328092796875 0.7881047015625 0.26461203437499997 0.7991447765624999
1 0.15489576562500001 0.786702075 0.1790769484375 0.7827839156249999 0.18287199999999998 0.7747428171874999 0.1776975375 0.7694959156250001 0.1485004734375 0.7660786515625 0.14257275 0.7707522265625 0.144348615625 0.7788189234375 0.15489576562500001 0.786702075
1 0.1295101015625 0.71211858125 0.127377428125 0.7087510609375001 0.12326794062499999 0.7104483484374999 0.1242139765625 0.7189589265625 0.1288757765625 0.72047266875 0.1295101015625 0.71211858125
1 0.1609956953125 0.7273357046875 0.1755757640625 0.7240449734375 0.17585328125 0.720390059375 0.1589053921875 0.7129251953125 0.136029778125 0.7101339062500001 0.134290834375 0.712065934375 0.13199685625 0.7213077859375 0.1349593546875 0.7242314265625 0.1609956953125 0.7273357046875
1 0.2692505375 0.738055521875 0.2750593234375 0.7349483343750001 0.272493278125 0.7268033921875 0.24250603124999998 0.72330788125 0.2399741828125 0.7356825171875 0.2484679484375 0.7391538843750001 0.2692505375 0.738055521875
1 0.219086015625 0.3816824671875 0.20261386875 0.3679520375 0.1792255921875 0.36142758750000004 0.17657753125 0.3648477609375 0.18036713124999998 0.377848371875 0.2179786734375 0.3857812640625 0.219086015625 0.3816824671875
1 0.1744654296875 0.43460409218749996 0.203741784375 0.43697709375000005 0.20567895468750003 0.43243441406249994 0.20232272812500002 0.42421122499999997 0.1741933625 0.4172172953125 0.166132965625 0.418523346875 0.16194418906250002 0.421264896875 0.161508090625 0.42700833125 0.1744654296875 0.43460409218749996
1 0.20301454375 0.4989797171875 0.20803314843749998 0.49579428437499995 0.207599775 0.49101686562499997 0.1925097640625 0.48005357968749995 0.169081840625 0.4740512609375 0.1677735453125 0.49128156718750005 0.19262325 0.49952889999999994 0.20301454375 0.4989797171875
1 0.155629684375 0.54636705 0.18897588125 0.547564896875 0.199961853125 0.5391837578125 0.1977498921875 0.5368604968749999 0.18202555468749998 0.5342512984375001 0.15666046250000001 0.5327916609375001 0.1500218484375 0.536342728125 0.148755925 0.542530046875 0.155629684375 0.54636705
1 0.1776222 0.602728628125 0.1901092453125 0.5955482437499999 0.1777438609375 0.59064138125 0.153248240625 0.588215728125 0.1490198171875 0.591479409375 0.148385490625 0.5998334937500001 0.1776222 0.602728628125
1 0.17598584374999998 0.6662193937499999 0.1814801921875 0.656768396875 0.179307875 0.6539230046875 0.143908296875 0.6483133750000001 0.1436677 0.6619670140625 0.1655549046875 0.66729070625 0.17598584374999998 0.6662193937499999
1 0.26171915625 0.679969603125 0.2730592125 0.677410146875 0.27416655625 0.6733113515625 0.261959753125 0.6663159671875001 0.24552452656249998 0.6625842609375 0.24066450156250002 0.663681171875 0.23378801718750003 0.670365021875 0.24524428281250002 0.676760028125 0.26171915625 0.679969603125
1 0.24123043593750002 0.6142879265625 0.26967696406249997 0.6171048125 0.28018719375 0.6149892390625 0.28090080781250004 0.6055908921875 0.2485033734375 0.6023827703125 0.24123315937499998 0.6037670703125 0.23767598125 0.6086753875 0.24123043593750002 0.6142879265625
1 0.27751311093750003 0.5663272671875 0.2985335703125 0.5620961203125 0.308177053125 0.5504257078125 0.2700501203125 0.5492805093750001 0.264399915625 0.550299171875 0.2622248734375 0.5579746359375 0.27751311093750003 0.5663272671875
1 0.281142634375 0.4346465609375 0.2749004734375 0.4329763265625 0.2738724203125 0.4360308609375 0.279126175 0.44023350156249996 0.281142634375 0.4346465609375
1 0.31286610000000004 0.4467308984375 0.3275254609375 0.44239590624999997 0.31685937656249996 0.43607914687499993 0.2892426734375 0.432818378125 0.28643603125 0.43832707031249996 0.2924403203125 0.44313008906249995 0.31286610000000004 0.4467308984375
1 0.3090943453125 0.517374996875 0.3181827921875 0.5130144078125001 0.3180269359375 0.504582075 0.30732120625000003 0.49878744687500004 0.29175545 0.4940897265625 0.275753596875 0.49513544062500003 0.271089075 0.5041425546875 0.27357583124999996 0.513331759375 0.3090943453125 0.517374996875
1 0.489143165625 0.054388734375000004 0.5090166328125 0.054778514062500006 0.5367946421875 0.04542990625 0.5256158921874999 0.0353799875 0.474687478125 0.035071362499999995 0.471368171875 0.036846896875 0.47294580937499997 0.047524245312500005 0.489143165625 0.054388734375000004
1 0.48675082031250005 0.13832083281250002 0.4980908765625 0.13576137500000002 0.49840804062500005 0.13158433125 0.4945760671875 0.12962670625 0.44617950625 0.116943446875 0.43950124687500003 0.121016646875 0.44167084062499995 0.1343828921875 0.48675082031250005 0.13832083281250002
1 0.42568955781250006 0.2085524625 0.45026446875000004 0.209933853125 0.47464387812500003 0.203405040625 0.47405192500000004 0.20071614375000002 0.44604149531250004 0.192155821875 0.4236389 0.193619821875 0.4183031328125 0.20098229843749998 0.4195266859375 0.205837965625 0.42568955781250006 0.2085524625
1 0.45107522187500004 0.28313595468749997 0.47545463125 0.2766071421875 0.4719398234375 0.2704724734375 0.46020603906249996 0.2677323796875 0.422869290625 0.26666543125 0.4162306765625 0.2702164984375 0.4208104578125 0.28329535625 0.45107522187500004 0.28313595468749997
1 0.4388889890625 0.349264425 0.45678836718750004 0.344198159375 0.4555251671875 0.339864621875 0.4181118515625 0.329321078125 0.4102893296875 0.32749435 0.40214964531249997 0.3298446625 0.397524765625 0.338329646875 0.41909480937500004 0.3478303828125 0.4388889890625 0.349264425
1 0.4078969859375 0.41142645 0.4234258203125 0.40612544375 0.4237429828125 0.40194840000000004 0.41015404375 0.39218587031249996 0.3811128359375 0.3972009390625 0.375224759375 0.4013523859375 0.3793711671875 0.4096538234375 0.4078969859375 0.41142645
1 0.4172069546875 0.4670582078125 0.4285866578125 0.46397662031250003 0.43123471718750006 0.46055644687499997 0.388921734375 0.45163194375 0.383073303125 0.455261259375 0.3839796953125 0.46429396875 0.4172069546875 0.4670582078125
1 0.42888746875 0.5229247046875 0.4419664703125 0.5184332203124999 0.43861024375 0.5102100296875001 0.4054226265625 0.5069236640625 0.3961359515625 0.5138949046875 0.40439184843750003 0.520499053125 0.42888746875 0.5229247046875
1 0.398331565625 0.5793432953125001 0.4221955859375 0.5796021796875 0.43361493281249996 0.5759984609375 0.4327085421875 0.5669657499999999 0.40347183124999997 0.5640706171875001 0.3926444390625 0.570363234375 0.39374905937500004 0.57678529375 0.398331565625 0.5793432953125001
1 0.42842684843749995 0.6233558359375 0.429851353125 0.6150799953125 0.396861965625 0.609182975 0.3916451328125 0.6149790578125 0.39176134375 0.623933521875 0.4202078703125 0.6267504078125 0.42842684843749995 0.6233558359375
1 0.4233153265625 0.6801898000000001 0.4491958078125 0.67486174375 0.42754647500000004 0.6664052671875 0.4015497828125 0.6627788609375 0.39344974062500004 0.6646070453124999 0.3888645109375 0.672569896875 0.3996098859375 0.6778423953125 0.4233153265625 0.6801898000000001
1 0.4102965421875 0.7572830109375001 0.42440359687500007 0.7497369890625001 0.4239305765625 0.7454816984375 0.4155160984375 0.7409660703125 0.380156165625 0.7348343109375 0.37624218125 0.7444418015625 0.378176625 0.7504199765624999 0.4102965421875 0.7572830109375001
1 0.3810462078125 0.8069921515624999 0.399970915625 0.8093922046875001 0.4267208703125 0.803098134375 0.41155156875000004 0.7931791109375 0.3916780984375 0.7927893328125 0.3804173328125 0.7943045265625 0.3766222828125 0.8023456265625001 0.3810462078125 0.8069921515624999
1 0.376328415625 0.86912566875 0.40560477031250003 0.871498671875 0.4247700734375 0.8602450890625001 0.4093629015625 0.85345885 0.38794871406250003 0.8523904453125001 0.3721423625 0.8613463625 0.37249644531250004 0.8671680437499999 0.376328415625 0.86912566875
1 0.39417179999999996 0.9277066640625 0.40310166562500005 0.9254345984375 0.4031043921875 0.9149137421875 0.39227972499999997 0.9106855046875 0.3749353796875 0.9084419421875 0.36695155 0.919224590625 0.369795115625 0.9237146218750001 0.39417179999999996 0.9277066640625
1 0.5186239968749999 0.9452909703125 0.5428024578125 0.9518936640625 0.550072671875 0.9505093656250001 0.5535109140625 0.9471674406249999 0.55236665 0.9412675125 0.5425303890625 0.9345068671875 0.529966778125 0.9322106578125 0.52024673125 0.9344044765625 0.5151488343749999 0.9386341703125 0.5186239968749999 0.9452909703125
1 0.5604775875 0.897355909375 0.5626922750000001 0.8891583171875 0.5569258593749999 0.881222515625 0.5445208296875 0.876837784375 0.5254771875 0.8760041203125001 0.51524175 0.8849856359375 0.51962603125 0.8901542890625 0.5604775875 0.897355909375
1 0.559349675 0.8283308500000001 0.559746128125 0.823109546875 0.5499098671875 0.816348903125 0.5375444828125 0.8114420421874999 0.5288128421875 0.8111034546875 0.52221115 0.8246532484375001 0.5486808640625 0.832534946875 0.559349675 0.8283308500000001
1 0.5652882953125 0.78157385625 0.575166925 0.7772915125 0.5655685390625 0.7673980890625 0.5420216796874999 0.7629621609374999 0.5308402046875 0.7634330968749999 0.52724338125 0.76886354375 0.536170521875 0.7771123296875 0.5652882953125 0.78157385625
1 0.574942678125 0.7278200203125 0.5738777046875 0.7208758328125 0.56933484375 0.7177956984375 0.545156384375 0.711193003125 0.5348047359375 0.71122005625 0.5310096859375 0.7192611531249999 0.535393965625 0.724429809375 0.574942678125 0.7278200203125
1 0.5526357234375 0.6651146328124999 0.5858629843750001 0.6678788671875 0.593252134375 0.6649281765625 0.584602509375 0.6530244781250001 0.5537854375 0.6499728515625 0.5488857687500001 0.6515918921875 0.5482118 0.66046810625 0.5526357234375 0.6651146328124999
1 0.54435380625 0.6064283390625 0.5615792140625 0.6102382890625 0.5737490968750001 0.6072349499999999 0.5783343296875 0.5992720968749999 0.5670762890625001 0.5902664390625 0.5560533953125 0.588648853125 0.545463875 0.5918086875 0.5422211359375 0.6030608156249999 0.54435380625 0.6064283390625
1 0.578311034375 0.5366690968750001 0.5834089296875 0.53243940625 0.5798941203125 0.5263047375000001 0.5493149203125001 0.520120328125 0.5467037796875001 0.5335392234375 0.5504961046875 0.5360189796875 0.578311034375 0.5366690968750001
1 0.5546192171875 0.4817174171875 0.58709594375 0.483881278125 0.6051142578125 0.4772486234375 0.6000190875 0.4709574609375 0.5930660359375 0.4681647171875 0.5635518078125 0.468924496875 0.5538714062500001 0.47059618593749997 0.5510647640624999 0.47610488125000006 0.5546192171875 0.4817174171875
1 0.5948527984374999 0.43414799375 0.6037430203125 0.4323980578125 0.601533784375 0.4195539390625 0.5828469484375 0.41402110312499996 0.5724953 0.414048153125 0.5698472406249999 0.4174683265625 0.57296559375 0.42882429999999994 0.5948527984374999 0.43414799375
1 0.6109079234375 0.379975875 0.610239403125 0.36781038125 0.575550715625 0.36332325781249997 0.5717160203125 0.3718864875 0.576930125 0.376611259375 0.6109079234375 0.379975875
1 0.567427378125 0.30254844375 0.59662444375 0.30596570624999997 0.6189873921875 0.30502383593750004 0.63080319375 0.2961988140625 0.6216778234375 0.29056067812499997 0.5835905375 0.28889335 0.568339221875 0.2905394453125 0.563793634375 0.29798016562499996 0.567427378125 0.30254844375
1 0.627384025 0.2258947546875 0.6252909984375 0.22200510156250003 0.6114245406250001 0.21589748281249999 0.581318359375 0.213968365625 0.580839890625 0.2307547859375 0.604939059375 0.2384017421875 0.627384025 0.2258947546875
1 0.640598309375 0.15671174999999998 0.6558496265625 0.15506565625 0.65928786875 0.15172373125 0.6564046609374999 0.14775583125 0.6262219140624999 0.13635011875 0.6125113140625 0.13867483281249998 0.60804501875 0.14507129531250001 0.608121584375 0.1545478890625 0.640598309375 0.15671174999999998
1 0.6403822375 0.07567769375 0.6712786015625001 0.077685059375 0.6807635015625 0.06810316562499999 0.637306253125 0.053278734375000004 0.6197240359375 0.0541679546875 0.61391525 0.057275140625 0.6148612875 0.06578572031249999 0.6403822375 0.07567769375
1 0.7996898796874999 0.06409803281250001 0.8069628171875 0.052192878124999995 0.7619621265625 0.0472106765625 0.7565074234375 0.05613954375 0.7656697125 0.07177640625000001 0.7996898796874999 0.06409803281250001
1 0.7580605375 0.16150458750000002 0.800257309375 0.1614746265625 0.80239270625 0.1543212953125 0.792992546875 0.1418172171875 0.7675878078125 0.140879709375 0.7604365296875 0.14069761875 0.7535204 0.1479036 0.7580605375 0.16150458750000002
1 0.8267872390625 0.241958046875 0.787122315625 0.2296133703125 0.7651927390625 0.2353326609375 0.7645556890625 0.25420760468750003 0.7950583234375 0.25091541875 0.8267872390625 0.241958046875
1 0.7556094734375 0.31960480156250004 0.77832650625 0.32448461093750003 0.804325925 0.31759016406249996 0.8175635046874999 0.31101015625 0.7863130593750001 0.303181109375 0.7560086515625 0.303862640625 0.7438387671875 0.3068659828125 0.747393221875 0.3124785203125 0.7556094734375 0.31960480156250004
1 0.7421969625 0.391398459375 0.7557886265625 0.390640134375 0.771476040625 0.38325060624999996 0.775429671875 0.37312098437499996 0.733946515625 0.36375259843749996 0.7209044359375001 0.3782428078125 0.7297126406250001 0.3880579890625 0.7421969625 0.391398459375
1 0.7194608546875 0.4601646328125 0.7401641515625 0.4601105296875 0.765135515625 0.456270615625 0.7553416281249999 0.4384669875 0.721638621875 0.4419683140625 0.7175291328125 0.4436656015625 0.7161442734375 0.4514193125 0.7194608546875 0.4601646328125
1 0.7159324203125 0.5066342390624999 0.74674949375 0.5096858656250001 0.7614485 0.50482874375 0.7625162000000001 0.5012520781250001 0.7446591921875 0.4952753578125 0.713131228125 0.491101221875 0.7089028046875 0.4943649 0.7081891890625001 0.5037632484375 0.7159324203125 0.5066342390624999
1 0.7126787796875 0.5599697859375 0.7365428015625 0.560228671875 0.747171965625 0.55654670625 0.7376528703125 0.5456090203125 0.7129590218749999 0.54579401875 0.7087702453125 0.5485355671875001 0.7080962734375 0.5574117843749999 0.7126787796875 0.5599697859375
1 0.7104901140625 0.6202495234375001 0.741386478125 0.6222568890625 0.7546637046875 0.6151547515625 0.751703928125 0.6017102578125 0.7085583921875 0.60375049375 0.701208890625 0.606179053125 0.705117425 0.617613275 0.7104901140625 0.6202495234375001
1 0.701702478125 0.6835581984375 0.7204686046875 0.6880467734375 0.7413701265625 0.6853820171875 0.7434262328125001 0.6792729468750001 0.7359208734375 0.6732691749999999 0.7115045421875 0.6697992640625 0.701073603125 0.6708705734375 0.697278553125 0.6789116734375 0.701702478125 0.6835581984375
1 0.72159924375 0.7465509765625 0.73120035625 0.7459235468750001 0.741197921875 0.7400748140625 0.7399347203125 0.735741278125 0.7352729234375001 0.7342275359375 0.698964228125 0.7301060515625 0.6952881125 0.736580759375 0.6981713218750001 0.740548659375 0.72159924375 0.7465509765625
1 0.6853931328125 0.8039882296875 0.693688675 0.8100702500000001 0.7072010484375 0.810356184375 0.7259302546875 0.8048460374999999 0.7258933328125 0.7948473125 0.7072461437500001 0.7887923453125001 0.6945635984375 0.7880625265625001 0.688715165625 0.791691840625 0.6848804703125 0.8002550703125 0.6853931328125 0.8039882296875
1 0.6980620562500001 0.8573223249999999 0.720226778125 0.8589911046875001 0.7349257859375 0.8541339828125001 0.738403675 0.8502699281250001 0.7354808203125 0.8468241578125 0.7276582984375 0.844997428125 0.699251415625 0.8416584125 0.6886618953125 0.844818246875 0.6843145359375 0.8496483156249999 0.6980620562500001 0.8573223249999999
1 0.6808230234375 0.9061166453125 0.6858389015624999 0.9134520687500001 0.6867111 0.9019652 0.6808230234375 0.9061166453125
1 0.721751146875 0.9227948593749999 0.7292195859375 0.91879990625 0.7303269296875 0.9147011109375001 0.7220710343750001 0.908096959375 0.7073747515625 0.9024332265625 0.6962725671875 0.901859903125 0.6921603546874999 0.9140780453125 0.6958733875 0.917602059375 0.721751146875 0.9227948593749999
1 0.6808463203125 0.9687196437500001 0.7078314203125 0.969813646875 0.716840578125 0.9664973187499999 0.7113120328125 0.955428734375 0.6908069640625001 0.9528721875 0.681007625 0.9561102703125 0.677291865625 0.9631071078125 0.6808463203125 0.9687196437500001
1 0.8056525999999999 0.9921256312500001 0.8101954609375 0.995205765625 0.8436605953124999 0.9948372187500001 0.8559890578125 0.9897453593750001 0.856187284375 0.9871347046875 0.8454815546875001 0.981340075 0.8194848609375001 0.9777136703125 0.8106739296875001 0.9784193453125001 0.8047462078125 0.9830929203125001 0.8056525999999999 0.9921256312500001
1 0.8256217078124999 0.9283460203124999 0.8316259968749999 0.9331490406249999 0.8568721546875 0.9361750703125 0.8706620453125 0.9328060921875 0.8701493812500001 0.92907293125 0.85739026875 0.91886651875 0.8407964609375 0.9172233343749999 0.8328550031249999 0.9169629968749999 0.8270065703125 0.9205923125 0.8256217078124999 0.9283460203124999
1 0.847876621875 0.8868871234375 0.8707153140624999 0.8796796859375 0.8649092546875 0.8722660187500001 0.856494775 0.8677503874999999 0.8383206062499999 0.865950709375 0.8315234125 0.8715903015625001 0.8327469671875001 0.87644596875 0.847876621875 0.8868871234375
1 0.8074351421875001 0.8218599265625001 0.8359609625 0.8236325499999999 0.8457603015625 0.8203944703125 0.8448935531249999 0.8108396296875 0.8276681453125001 0.807029678125 0.8078343203125 0.8061177671875001 0.8026174890625001 0.81191385 0.8028129906249999 0.8198240515625 0.8074351421875001 0.8218599265625001
1 0.8109663015624999 0.764869465625 0.8274015265625 0.7686011703125 0.8441539171875 0.7681558328125 0.8603936421875 0.7639773359375 0.861107259375 0.7545789859375 0.857354578125 0.7515771 0.8145658499999999 0.7489181640625 0.8061486468749999 0.7549233890625 0.8063441484375 0.7628335921875 0.8109663015624999 0.764869465625
1 0.831527365625 0.7037787546875001 0.8709967875 0.708213225 0.8646384156250001 0.6975885265625 0.8507323140624999 0.6920030390624999 0.84121049375 0.6915862078125 0.8332293875 0.691848 0.82718273125 0.69808796875 0.831527365625 0.7037787546875001
1 0.8666657765625001 0.649918165625 0.8732647437500001 0.6468892296875 0.8715285265625001 0.6383004015625 0.8349053921875 0.627835103125 0.8292921078125 0.6388524906249999 0.836638884375 0.6469447859375 0.8666657765625001 0.649918165625
1 0.877427503125 0.5920655359375 0.8939843906249999 0.5837099953125 0.8911011828125 0.57974209375 0.8563728484375 0.575777103125 0.8497738796875 0.578806040625 0.85293188125 0.589639884375 0.877427503125 0.5920655359375
1 0.853500540625 0.5297257828124999 0.8781943890624999 0.5295407828124999 0.8841617546875 0.5243450765625 0.88689183125 0.5093597890625 0.87899001875 0.508577321875 0.8465898578125 0.5158900546875 0.842163209375 0.5217643859375001 0.853500540625 0.5297257828124999
1 0.8715119078125 0.397365 0.890476259375 0.3992429234375 0.9136690375000001 0.3978571703125 0.9218483671875 0.394984725 0.9119724625 0.3887462109375 0.8725426859375001 0.3837896078125 0.86847284375 0.38496476562500004 0.8662581546875 0.3931623578125 0.8715119078125 0.397365
1 0.90064603125 0.33870139374999997 0.9163703671875 0.34131059218750004 0.9262093515625001 0.33755038125 0.9357338984375 0.32744635624999996 0.9287808468750001 0.3246536125 0.8979241281249999 0.3221241171875 0.889387990625 0.3296957359375 0.8898610093749999 0.333951025 0.90064603125 0.33870139374999997
1 0.8947031875 0.24920940625000002 0.8991271140625001 0.2538559296875 0.9277322234375 0.25458429531250004 0.94673894375 0.2454192328125 0.9485968250000001 0.2419208140625 0.9333482328124999 0.23304605312499999 0.9175049609375 0.2320032453125 0.905493659375 0.2329180640625 0.8988550453125 0.2364691328125 0.8947031875 0.24920940625000002
1 0.929490240625 0.1790062828125 0.9530001796875001 0.17344348437499998 0.9477095062500001 0.1592421203125 0.9065804328124999 0.1556954140625 0.9001373203125 0.167156684375 0.906614628125 0.17621499375 0.929490240625 0.1790062828125
1 0.9028225687500001 0.47779576874999996 0.90092504375 0.48181631874999997 0.9065725265625 0.4913185109375 0.9109595296874999 0.485966309375 0.9028225687500001 0.47779576874999996
1 0.866949971875 0.46793085 0.9048390312500001 0.472208828125 0.9329711203125 0.46868190312499997 0.9340388203125001 0.4651052375 0.89307105 0.44894915625 0.8692863203125001 0.4476460109375 0.8622908984375 0.455896253125 0.862367465625 0.46537284687499997 0.866949971875 0.46793085
1 0.8936818140625 0.0739315390625 0.9448057296875 0.082150365625 0.9529057671875 0.0803221828125 0.9484845671875 0.06515480312500001 0.9400700890625 0.060639175000000003 0.9198425374999999 0.0544277140625 0.8967290531250001 0.05476920625 0.8902490203125 0.05623175312499999 0.88815326875 0.06286295625 0.8936818140625 0.0739315390625