1 0.8644895921875 0.0758021375 0.874174578125 0.0723875328125 0.8677474953125 0.0660985078125 0.865396896875 0.05757531406250001 0.8682673703124999 0.056205159375 0.8275204703125001 0.057326546874999995 0.816757409375 0.068935221875 0.822695159375 0.073938990625 0.8387408859375001 0.077765509375 0.8644895921875 0.0758021375
1 0.8915904546875 0.1518625203125 0.8940706078125 0.1443250734375 0.8807750343749999 0.1360362 0.8712645968749999 0.1350728296875 0.8555663203125 0.14414975624999998 0.8521286328125001 0.1497277 0.8548212375 0.1535561515625 0.87553218125 0.156839325 0.8915904546875 0.1518625203125
1 0.903050584375 0.22870902499999998 0.910645953125 0.2257533875 0.9126185687499999 0.22138159062499999 0.90878843125 0.213543571875 0.903075678125 0.2111023828125 0.8819471921875 0.2120098921875 0.8573360187500001 0.21798282812499997 0.8500106453124999 0.22401356093749997 0.8655488312499999 0.23100573125 0.903050584375 0.22870902499999998
1 0.7729873484375 0.1698179625 0.7779801109375 0.1640589046875 0.7756600484375 0.1555272546875 0.7534390296875 0.1529377125 0.7208599437500001 0.1665694859375 0.715044646875 0.1719065875 0.73415551875 0.174858359375 0.76685705625 0.17156745625 0.7729873484375 0.1698179625
1 0.7833999484375 0.24367993124999998 0.7792548140625 0.2322543046875 0.7540136484375 0.23105202500000002 0.7415280640625 0.23198842968750003 0.7335601515625 0.23964726718749998 0.7351476796874999 0.248781990625 0.74021789375 0.25285128437500004 0.77291943125 0.24956037968749997 0.7833999484375 0.24367993124999998
1 0.7247454531249999 0.1034684109375 0.754934384375 0.0983991171875 0.759792146875 0.0911025125 0.758159621875 0.08145527500000001 0.7442665078124999 0.07530701875 0.7388237515625 0.0759409234375 0.7066946625 0.094697853125 0.70705465625 0.09879797812499999 0.716057553125 0.1029269984375 0.7247454531249999 0.1034684109375
1 0.726348540625 0.0054257203125 0.6983122234375 0.0081732796875 0.69112185 0.0157415578125 0.6919768390625001 0.0254793546875 0.7008447390625 0.028070828125000002 0.7311686640625 0.02453908125 0.732691284375 0.015042128125000002 0.726348540625 0.0054257203125
1 0.5791890328125 0.03809769375 0.58801193125 0.040176653125 0.619755934375 0.03492624375 0.6193634859375 0.0215102828125 0.606652903125 0.019884110937499998 0.58245926875 0.021666365625 0.5791890328125 0.03809769375
1 0.6490094078124999 0.1086648921875 0.655049703125 0.10589036874999999 0.6557947875 0.09648397343750001 0.65383471875 0.09205245 0.6456993578125 0.0888579015625 0.6186655734375 0.09407747968749999 0.6019197640625 0.100169871875 0.596059465625 0.10499445781250001 0.6227531609375 0.11379391406249999 0.6490094078124999 0.1086648921875
1 0.6294005281249999 0.1984495390625 0.6485239468749999 0.192597990625 0.6520966328125 0.18855759375 0.6525267218749999 0.1755635890625 0.6475915062500001 0.17303184062500002 0.6443913609374999 0.1723690390625 0.6170750359375 0.1833168484375 0.6127248109375001 0.187447803125 0.6146398796875 0.1913668125 0.6294005281249999 0.1984495390625
1 0.667604540625 0.24888221093750001 0.6425883703124999 0.250242509375 0.62757763125 0.2582038484375 0.6376280609375 0.26531740625 0.6550938609375 0.2674252625 0.6651568390625 0.2657354984375 0.6756823546875 0.2603675671875 0.667604540625 0.24888221093750001
1 0.6720469359375 0.308424575 0.663866575 0.3047175125 0.623479671875 0.3099390234375 0.6184419109375 0.3151855671875 0.6272972625000001 0.32658036562500004 0.6661740921875 0.3220524828125 0.6774771453125 0.31659399375 0.6720469359375 0.308424575
1 0.6933251406250001 0.3628995765625 0.6596786156250001 0.35542765625 0.6397776609375 0.3613697640625 0.64941055 0.37267400156249997 0.694675121875 0.3782750453125 0.69920534375 0.37619415312500004 0.7010429609375 0.3702848078125 0.6933251406250001 0.3628995765625
1 0.7917425734375 0.293966184375 0.7884524296875 0.292278353125 0.76979155 0.29445173593749996 0.7541832734375 0.3045536953125 0.7624086328125 0.30877327499999996 0.7781393640625 0.309012184375 0.7933300984375 0.3031009078125 0.7917425734375 0.293966184375
1 0.900192703125 0.2766754765625 0.87997675 0.279029975 0.873428915625 0.28497015000000003 0.87625651875 0.2903361484375 0.881969271875 0.29277733906250003 0.9145516796875001 0.28886208281250003 0.9195807374999999 0.273145571875 0.900192703125 0.2766754765625
1 0.9145055296875 0.3412813359375 0.8817589937499999 0.3440597234375 0.8538451296874999 0.357148153125 0.8886867296875 0.360338834375 0.908125146875 0.35807489375 0.9211182718750001 0.3539728359375 0.90503955 0.35084488125 0.9145055296875 0.3412813359375
1 0.9224756125000001 0.3962707875 0.8905516125 0.3994711328125 0.8819861640625 0.4092705890625 0.8823461609375001 0.4133707125 0.9004094984375 0.41333795156250003 0.9235556 0.408571159375 0.9279058234375 0.40444020468749997 0.9224756125000001 0.3962707875
1 0.8831059640625 0.45780928281250005 0.9078845890625 0.4626897296875 0.9441588109374999 0.455358428125 0.942108746875 0.449901871875 0.921905340625 0.4434530484375 0.8866336515625 0.4532563703125 0.8831059640625 0.45780928281250005
1 0.8935112015625 0.5047487687500001 0.9156422234375 0.50631328125 0.9327480265625001 0.5043210140625 0.9409409359375 0.49922475312500003 0.9353757265624999 0.4895177890625 0.9142922390624999 0.4909378125 0.8935112015625 0.5047487687500001
1 0.9383080484375 0.5497537828125 0.9111392671875 0.5534358140625 0.90811911875 0.5548230765625 0.9065064984375001 0.563295 0.9193970796875 0.5669712328125 0.941900640625 0.5638325453124999 0.9425107265625 0.552888603125 0.9383080484375 0.5497537828125
1 0.9587836218750001 0.6219259890625 0.963088846875 0.6172825171875 0.9561035656250001 0.6092942140625001 0.92024688125 0.612434834375 0.911096440625 0.6155715875000001 0.9053261421875 0.6214212031249999 0.91035135625 0.6249779828124999 0.939705203125 0.628290053125 0.9587836218750001 0.6219259890625
1 0.9630910203124999 0.679930803125 0.9510229765625 0.676676528125 0.9170363625 0.6832236421875 0.9406199109375001 0.6923853281250001 0.9643635500000001 0.6854779171875001 0.9630910203124999 0.679930803125
1 0.9580355265625 0.7297064734375 0.9521427750000001 0.725215221875 0.9458324843750001 0.7249146515625 0.9232389218750001 0.7270283078124999 0.9196662343750001 0.7310687046875 0.9231363765625 0.7348065984375001 0.9335593484375 0.7372169578125 0.9545978359375 0.73528441875 0.9580355265625 0.7297064734375
1 0.92711623125 0.7980271296875 0.950384784375 0.80360120625 0.9705557375 0.8007341921875 0.9722719828124999 0.7998443578125001 0.9728254046875 0.7839964140625 0.9706258296874999 0.7836400625 0.93856683125 0.7853028640625 0.9259786999999999 0.7940175625 0.92711623125 0.7980271296875
1 0.9704501125 0.8520158984374999 0.9706766312499999 0.845529228125 0.97063795625 0.8455179218750001 0.97067920625 0.8454555218750001 0.9710079671875 0.8360410375 0.9332737921875 0.8413192781250001 0.9304210953125001 0.8535599265625 0.9503545046875 0.8569336546875 0.9704501125 0.8520158984374999
1 0.8029228265624999 0.8238822499999999 0.8092331171874999 0.8241828203124999 0.8474224124999999 0.8207705265625 0.8403393421875001 0.8153011171875001 0.8382334171875 0.8095644625 0.8452498937499999 0.8049731 0.8212362578124999 0.8088054187499999 0.8044904468749999 0.8148978109374999 0.8003202203124999 0.821078828125 0.8029228265624999 0.8238822499999999
1 0.8505598234375 0.8654499375 0.8455865109375 0.8628973703125 0.8352358437499999 0.8605841 0.8464691359375 0.85470135625 0.849254840625 0.8505869859375 0.8073578609375 0.8565021296875001 0.79838741875 0.861688946875 0.8051477046875 0.867114671875 0.818083284375 0.8713034203125 0.8505598234375 0.8654499375
1 0.7549228203125 0.8765885265625 0.7306391890625 0.8773457515624999 0.716958525 0.882563396875 0.7112332265625 0.8889255281249999 0.7186360515625 0.8927231515624999 0.755732809375 0.8858138062500001 0.7616831078125 0.8820142515624999 0.7549228203125 0.8765885265625
1 0.7350196921875 0.8198823484375 0.7127861265625001 0.8260961265625 0.7094384375 0.8326991015624999 0.7152411875 0.8361653234374999 0.732526990625 0.8362231171875001 0.7424549687499999 0.8329958046874999 0.74159998125 0.8232580109375001 0.7350196921875 0.8198823484375
1 0.7488080859374999 0.7711606046874999 0.745157946875 0.76537265 0.7363800484375 0.7638062046874999 0.724627 0.7641395375 0.7139214859375 0.7674574078124999 0.70266343125 0.7734284109375 0.700003278125 0.778915796875 0.717604078125 0.7825612015625001 0.7488080859374999 0.7711606046874999
1 0.8316120546875 0.7480549765625 0.8028881999999999 0.7519181234375 0.7978504390625 0.75716466875 0.8016805765624999 0.7650026859375 0.8255466671875 0.76843614375 0.8358471875 0.7605056359375 0.8375048062499999 0.752546228125 0.8316120546875 0.7480549765625
1 0.8550008874999999 0.7013216375 0.8558359687499999 0.6929402734375001 0.8517682890625 0.691342996875 0.849705675 0.6946897640625 0.850425665625 0.7028900124999999 0.8550008874999999 0.7013216375
1 0.8444753687500001 0.7066895671875 0.8473605187500001 0.703764759375 0.84499545625 0.6947205953125 0.843260384375 0.692851646875 0.8207568234375 0.6959903359374999 0.8041460109375 0.7036202734375 0.8044610078125001 0.70720788125 0.8188616609375 0.710190484375 0.8444753687500001 0.7066895671875
1 0.70658139375 0.7196431750000001 0.712339146875 0.7225968796875 0.7328250953125 0.7233174765625 0.741153 0.7197587640625 0.7385179421875 0.7076395046874999 0.7090165500000001 0.7115932125 0.70658139375 0.7196431750000001
1 0.7737714046875 0.357672265625 0.7577005875 0.37145239218750004 0.7588381203125001 0.37546195937500004 0.7957998796875 0.3670150671875 0.7993851140625 0.35417134843750003 0.796737509375 0.35085541249999996 0.7737714046875 0.357672265625
1 0.8149380171875 0.4150084828125 0.8144430249999999 0.4093708125 0.810285346875 0.40674850625000003 0.8023299828124999 0.4056040203125 0.774698659375 0.41296421875 0.7714859671875 0.42110474218749994 0.7734460359375 0.425536265625 0.8022598890625 0.42269815 0.8149380171875 0.4150084828125
1 0.8080124546875 0.46137765937499997 0.785001353125 0.4676819984375 0.770260609375 0.4787184296875 0.76988806875 0.483421628125 0.7748682828125 0.48646589218749997 0.7851112578125 0.48682618906249997 0.8094974359375 0.47829067187499996 0.8080124546875 0.46137765937499997
1 0.828815571875 0.52833415 0.8274980421875 0.522274521875 0.8209177546875001 0.5188988578125 0.795946584375 0.5207716718750001 0.78048585 0.5236078531249999 0.7783332390625 0.525929590625 0.7892512046875 0.5339776203125 0.822087740625 0.5322242640625 0.828815571875 0.52833415
1 0.7886809312499999 0.5811598828125 0.8010639734374999 0.58800176875 0.8298328250000001 0.5846511375000001 0.8291128343749999 0.5764508859374999 0.82491015625 0.573316065625 0.800806521875 0.5761233515625 0.7886809312499999 0.5811598828125
1 0.7978785453125 0.64118393125 0.8033987546875 0.65037838125 0.813686728125 0.6512511937500001 0.8351877562500001 0.6456404890624999 0.8347953078125 0.6322245265624999 0.7999861593750001 0.6383496796875 0.7978785453125 0.64118393125
1 0.7352905296875 0.6619350609375 0.746503584375 0.65545154375 0.7396532984374999 0.6490007859375 0.7348530796875 0.648006584375 0.7187048109374999 0.65195835625 0.7067592203124999 0.65904495 0.7078967515625 0.6630545171875 0.7190972578125 0.66537431875 0.7352905296875 0.6619350609375
1 0.731233221875 0.588886178125 0.6993542234375 0.592599040625 0.7001642109375 0.601824321875 0.7105421828125 0.603722165625 0.7385335015625001 0.600462090625 0.7419711890625 0.5948841484375 0.7384110484375 0.5901212218749999 0.731233221875 0.588886178125
1 0.6814886125 0.550152740625 0.7022445578125 0.553948428125 0.717210296875 0.5454745734374999 0.7149802328125 0.5379679546875 0.709402478125 0.5370643125 0.671855725 0.5388485000000001 0.6814886125 0.550152740625
1 0.6992200625 0.43003911562499997 0.7043478249999999 0.42581760468749996 0.703300290625 0.42283306875 0.697169996875 0.4245825609375 0.6992200625 0.43003911562499997
1 0.6515653343750001 0.433000553125 0.6660559859374999 0.43700818750000003 0.686136940625 0.43311614218749994 0.6919972359375001 0.42829155781250006 0.6891696359374999 0.42292555781249996 0.662000853125 0.4266075921875 0.6515653343750001 0.433000553125
1 0.7055199828125 0.5017912953125 0.7078651375 0.4927163015625 0.703167465625 0.4839438078125 0.6873917375 0.48319238281250004 0.6721110015625 0.48807862812499997 0.6616304828125 0.4939590765625 0.6615729390625 0.5022498828125 0.670575834375 0.5063789062499999 0.7055199828125 0.5017912953125
1 0.501955459375 0.035184484375000005 0.45178812187500006 0.0363675328125 0.4408900625 0.0464386609375 0.46836129218749994 0.055147559375 0.48793470625 0.054421165625000004 0.5038129828125 0.0473943 0.5052456015625 0.0368723140625 0.501955459375 0.035184484375000005
1 0.530971390625 0.1151638765625 0.4834391125 0.1284661828125 0.47968642812500006 0.1304565171875 0.480046421875 0.13455664218750002 0.4912469296875 0.13687644375000002 0.5356115171875 0.132227175 0.5375966765625 0.11905205468749999 0.530971390625 0.1151638765625
1 0.558239703125 0.20207764374999998 0.5593897812499999 0.1972838890625 0.5540495703125 0.1901395 0.5319635500000001 0.18908750624999998 0.504467225 0.1979852515625 0.5039146859375 0.20063838750000001 0.528005775 0.2066344234375 0.5521994078125 0.20485216718750002 0.558239703125 0.20207764374999998
1 0.55563926875 0.26192251093749996 0.518870053125 0.263616140625 0.5073420015625 0.2665120515625 0.5039493125 0.2726025109375 0.5280403984375 0.2785985484375 0.5578567875 0.2782324515625 0.5622195578125 0.26529817499999997 0.55563926875 0.26192251093749996
1 0.56028156875 0.341634096875 0.5814226015624999 0.331923265625 0.5767699296875 0.3236632890625 0.5687245671875 0.3214937703125 0.5610391984375 0.323424378125 0.5243024359375 0.334433846875 0.5231073578125 0.3387150859375 0.5407981546875 0.34338552031249997 0.56028156875 0.341634096875
1 0.598260584375 0.3895041890625 0.569594275 0.3850765328125 0.5563186078125 0.3949068171875 0.5566786031250001 0.3990069421875 0.572036790625 0.40394905000000003 0.60011810625 0.40171400625000003 0.6041083359375 0.3934829265625 0.598260584375 0.3895041890625
1 0.5522530999999999 0.45595782968750004 0.5634986078125 0.4587901484375 0.59620014375 0.45549924218750004 0.5969902265625 0.4466053625 0.591187475 0.44313914218750006 0.54960549375 0.4526418953125 0.5522530999999999 0.45595782968750004
1 0.5396922359375 0.5097141703125 0.5526278140625001 0.51390291875 0.5767314484375 0.5110956328125 0.584789359375 0.504461828125 0.5755614640625 0.4977702296875 0.5429049265625 0.5015736484375 0.5396922359375 0.5097141703125
1 0.5781337890625 0.5539060984375 0.5493649375 0.5572567296875001 0.548574853125 0.566150609375 0.559865359375 0.5694954437499999 0.58337145625 0.5688287765625 0.587856678125 0.5662353687499999 0.5888717578125 0.5599040671875 0.5781337890625 0.5539060984375
1 0.552727346875 0.6044987203125001 0.554224875 0.6126084125 0.562360234375 0.6158029609375 0.5903515515625 0.6125428859375 0.5903640984375 0.6037395625 0.5851588859375 0.598132721875 0.552727346875 0.6044987203125001
1 0.5891512875 0.6525499296875 0.581150925 0.6508929265625001 0.5555822171875 0.654906359375 0.5343511859375 0.6635921609375 0.559907346875 0.6683820500000001 0.5832334453125 0.6656653218749999 0.5937589609375 0.660297390625 0.5891512875 0.6525499296875
1 0.603046575 0.7213464703125 0.568282425 0.7279841421875 0.5600445171875 0.732567884375 0.5596269765625 0.736758565625 0.5736100890625 0.7439318515625 0.60517409375 0.7366313796874999 0.6070117109375001 0.7307220359375 0.603046575 0.7213464703125
1 0.5923557796875001 0.778509303125 0.5727823640625 0.779235696875 0.5579516250000001 0.7892471 0.5843753234375 0.7949714609375 0.6029912015625001 0.7922855640625001 0.607296425 0.7876420937499999 0.6034662890625 0.779804075 0.5923557796875001 0.778509303125
1 0.596708178125 0.837026634375 0.5756246890625001 0.8384466609375 0.56052395 0.8453829687500001 0.5795322781250001 0.8561130328125 0.6083461328124999 0.853274915625 0.6120988171875 0.8512845812500001 0.6123813609375001 0.8455563515625 0.596708178125 0.837026634375
1 0.6101660156250001 0.8918946984374999 0.593105209375 0.8943994828124999 0.5824896921875 0.8987423828125 0.5826121453125 0.9090832515624999 0.59143504375 0.9111622109375 0.6154036796875 0.906817378125 0.6181538328125 0.9023550234375 0.6101660156250001 0.8918946984374999
1 0.4452906171875 0.9375028828125 0.46903425624999995 0.930595471875 0.47238194531250005 0.9239924953124999 0.46731173125 0.9199232015625001 0.45771129374999997 0.9179347999999999 0.44536070937499994 0.920408753125 0.435747725 0.9272236749999999 0.4346876453125 0.9330424609374999 0.4381127875 0.9362678390625 0.4452906171875 0.9375028828125
1 0.46149425937500005 0.8626120171875 0.44274338281250003 0.8637603687500001 0.43057279375 0.868284384375 0.42498249374999997 0.8761840624999999 0.4272575578125 0.8842031953125 0.4674194625 0.87641910625 0.4716796875 0.8712631203125 0.46149425937500005 0.8626120171875
1 0.45746940625 0.7988789703125 0.448871503125 0.7993625890625 0.43674591406249996 0.804399121875 0.42713293124999996 0.8112140421875 0.427582925 0.8163391953125 0.43814089687499996 0.820287103125 0.464127146875 0.8120829875 0.45746940625 0.7988789703125
1 0.4549295328125 0.7520589390625 0.44390902031249996 0.7517891999999999 0.4207629203125 0.756555990625 0.41141993593750004 0.7664460046875 0.42120036718750004 0.77048446875 0.44983422500000003 0.7655962890625 0.458534671875 0.7573343796875001 0.4549295328125 0.7520589390625
1 0.45042959062500004 0.70080738125 0.440231615625 0.7009596015625 0.416487975 0.7078670109375 0.4120477546875 0.7109729359375 0.4110776734375 0.7178167531249999 0.4499995015625 0.7138013875 0.454259728125 0.7086454015625 0.45042959062500004 0.70080738125
1 0.4310340015625 0.6409355515625 0.400710075 0.6444673 0.392324621875 0.6563168187499999 0.3996374484375 0.6590894078125 0.43233898593750003 0.655798503125 0.436644209375 0.6511550328125 0.43587921874999996 0.64244226875 0.4310340015625 0.6409355515625
1 0.44189224843749997 0.5946261015625 0.43856965 0.5836224328124999 0.428101678125 0.5806995578125 0.4172611671875 0.5824798796875 0.40627310781250003 0.591525978125 0.4108807828125 0.599273440625 0.42290382812500005 0.6020152000000001 0.439829634375 0.59797286875 0.44189224843749997 0.5946261015625
1 0.40051318281250003 0.525923984375 0.4055833984375 0.52999328125 0.4329771765625 0.528873825 0.43668486250000005 0.5263709750000001 0.43395980312500004 0.5132266859375 0.403905871875 0.519833525 0.40051318281250003 0.525923984375
1 0.4317349265625 0.46999426250000004 0.42890732187499997 0.4646282640625 0.41935188749999996 0.4631523765625 0.3902680375 0.4629154015625 0.3834502046875 0.46578048125000004 0.3785024421875 0.47205205625 0.3963282375 0.4782600375 0.4282972375 0.47557220625 0.4317349265625 0.46999426250000004
1 0.4099167296875 0.40936907343750006 0.3997187546875 0.40952129218750005 0.38137287343750004 0.4152822828125 0.3793427109375 0.4279448890625 0.388120609375 0.4295113328125 0.4096216390625 0.4239006234375 0.412564334375 0.4126850109375 0.4099167296875 0.40936907343750006
1 0.4102044578125 0.36791504062499997 0.4063293234375 0.35956450625 0.3722077109375 0.3645740734375 0.3716876234375 0.376543046875 0.4051216984375 0.37264906875000003 0.4102044578125 0.36791504062499997
1 0.4171676625 0.295135896875 0.41260498749999996 0.2879009515625 0.397561796875 0.2865464546875 0.36006004062499997 0.28884315625 0.35113459687500004 0.2945424890625 0.3628750984375 0.303012478125 0.3849161203125 0.3035519578125 0.413639975 0.2996888109375 0.4171676625 0.295135896875
1 0.355720190625 0.22152250312500002 0.35370257656250004 0.22538178593749997 0.3759560484375 0.2372871640625 0.3996096890625 0.22935472343750002 0.39894724375 0.2128636671875 0.3693108546875 0.2152798265625 0.355720190625 0.22152250312500002
1 0.3718662890625 0.1549224421875 0.3718338359375 0.14560660625 0.3673611609375 0.13939669062499999 0.3538280421875 0.1373485625 0.32422410468749996 0.149080559375 0.32142895625 0.1530303984375 0.3248540984375 0.156255778125 0.3398972890625 0.157610275 0.3718662890625 0.1549224421875
1 0.35929371875 0.0564597265625 0.34196291562500003 0.05588941562500001 0.29932085625 0.07121095625 0.3087737453125 0.08046513281249999 0.339187671875 0.07795841718749999 0.3642163875 0.0677947984375 0.36505147031249996 0.0594134328125 0.35929371875 0.0564597265625
1 0.22456743750000002 0.060760296874999994 0.2190922265625 0.052078362499999996 0.174817640625 0.0577526609375 0.18211791875 0.0693285765625 0.21571944375 0.07628798125 0.22456743750000002 0.060760296874999994
1 0.21461653749999998 0.144242540625 0.1896003671875 0.1456028375 0.1804823796875 0.158055428125 0.1826674453125 0.16504953125 0.2242368796875 0.16435010156250002 0.22855465000000003 0.15090330937500002 0.2216593671875 0.1439400375 0.21461653749999998 0.144242540625
1 0.21889365624999998 0.2555798046875 0.2180512140625 0.23703868749999998 0.19638273281250002 0.231796009375 0.1574483578125 0.24461469687499998 0.188807271875 0.25287080781250004 0.21889365624999998 0.2555798046875
1 0.236464175 0.3125576578125 0.2399018640625 0.3069797140625 0.22787881875 0.304237953125 0.198017434375 0.3040915359375 0.1673209625 0.3123264796875 0.180436540625 0.3185652921875 0.2061277 0.324892728125 0.2284512640625 0.319703978125 0.236464175 0.3125576578125
1 0.25029455624999997 0.362722521875 0.20953510937500003 0.3726472328125 0.21354524375 0.38253531406249996 0.22908343125 0.3895274828125 0.24248155 0.390038065625 0.2547421390625 0.38653908124999997 0.2633075875 0.3767396265625 0.25029455624999997 0.362722521875
1 0.263309759375 0.4393879125 0.23006823125000003 0.43652862968750006 0.22062269843750001 0.4541969359375 0.245266328125 0.4575398359375 0.26566227656249997 0.45723539999999996 0.26882996718749996 0.4485823625 0.267377440625 0.4409851859375 0.263309759375 0.4393879125
1 0.27726259375 0.4998936453125 0.276452603125 0.49066836562500005 0.2722499234375 0.48753354531250004 0.24123845937500002 0.49218088125000004 0.2237151125 0.49836383125 0.2248076453125 0.5018608828125 0.239343296875 0.5063810328125 0.2696672234375 0.502849284375 0.27726259375 0.4998936453125
1 0.2730421796875 0.541287953125 0.2487135484375 0.5415326609375 0.2394605625 0.55244770625 0.24997353281249998 0.5558830968749999 0.273479628125 0.5552164296875 0.27796485 0.552623021875 0.27719985937499997 0.5439102578125 0.2730421796875 0.541287953125
1 0.278037115625 0.5981771796875 0.235510146875 0.5969171046875 0.2327474484375 0.6101827828124999 0.245908025 0.616934109375 0.2763219515625 0.6144273953125 0.281584709375 0.611743428125 0.285304940625 0.6004372546875001 0.278037115625 0.5981771796875
1 0.2900047859375 0.6718580328125 0.28617465000000003 0.6640200171874999 0.2758866765625 0.6631472031250001 0.251873040625 0.66697951875 0.24454766874999997 0.6730102515625 0.2466427359375 0.6789793234375 0.26726368125 0.681237465625 0.28569956093750004 0.6765015046875 0.2900047859375 0.6718580328125
1 0.2898269625 0.7324562593749999 0.29262211250000003 0.72850641875 0.288926975 0.7222059468750001 0.2532052890625 0.7268841125 0.2486300703125 0.7284524890624999 0.24743499062500002 0.7327337296875001 0.25735042343750003 0.7383097421875 0.2668158609375 0.738760596875 0.2898269625 0.7324562593749999
1 0.2950343484375 0.8007113875 0.30313725625 0.7945900953125 0.30359979843749996 0.7909119296875 0.2997246609375 0.782561396875 0.29392190937499996 0.7790951765624999 0.2814363234375 0.78003158125 0.26313544218749996 0.7863050874999999 0.26321289375 0.796133440625 0.28172622812500003 0.8012258343750001 0.2950343484375 0.8007113875
1 0.26944790625000004 0.8492539453125 0.29126393125 0.8472308484375001 0.30471959531250004 0.8394506234374999 0.30038191875 0.8347782578125 0.2899139484375 0.8318553812499999 0.2619676296875 0.8356279703125 0.25428226249999997 0.8375585781250001 0.2514421109375 0.8409959015625 0.254912253125 0.844733796875 0.26944790625000004 0.8492539453125
1 0.30394423125 0.90218946875 0.308801996875 0.8948928609375001 0.30295424375 0.8909141265624999 0.30394423125 0.90218946875
1 0.294106253125 0.9064418109375 0.29772394062499996 0.9029139296875 0.2935338078125 0.8909757859375 0.2826032953125 0.8917310781250001 0.2681900953125 0.897551796875 0.2601321859375 0.904185603125 0.26126971875 0.9081951671875 0.2686725421875 0.911992790625 0.294106253125 0.9064418109375
1 0.2994988234375 0.941021196875 0.27932787187499997 0.9438882109375 0.2740075671875 0.9548629828124999 0.282920465625 0.9579669734375 0.3094917078125 0.9564255609375 0.31292939531249997 0.950847615625 0.3091892578125 0.9440346281249999 0.2994988234375 0.941021196875
1 0.18236815312500002 0.984692975 0.186808375 0.9815870500000001 0.1875984578125 0.9726931703125 0.181705709375 0.96820191875 0.1730178078125 0.96766050625 0.1474490984375 0.9716739390625 0.13696858125 0.9775543843750001 0.137193578125 0.9801169640625 0.1493966203125 0.9849087859375001 0.18236815312500002 0.984692975
1 0.1605499546875 0.9240677843749999 0.166410253125 0.9192432 0.164957725 0.9116460234374999 0.1591549734375 0.9081798031250001 0.151334609375 0.9085728625 0.13500633906249998 0.9104745734374999 0.122553209375 0.9207268171875 0.12209066718749999 0.9244049828125 0.13571378437499998 0.9274781453125 0.1605499546875 0.9240677843749999
1 0.15318995625 0.8581343921875 0.135306615625 0.8602172171875001 0.127068709375 0.8648009609375 0.121433409375 0.8721881234375 0.144014425 0.878877790625 0.158800165625 0.8683538734375 0.15995024375 0.86356011875 0.15318995625 0.8581343921875
1 0.1876442984375 0.8121833078125 0.18774684375 0.8044050171875 0.18254163125 0.798798175 0.1630132171875 0.8000370859375 0.146087409375 0.804079415625 0.14534232656249998 0.8134858109374999 0.1550327609375 0.8164992453125001 0.1831140765625 0.8142642 0.1876442984375 0.8121833078125
1 0.16283840624999998 0.7622612203125 0.178986678125 0.7583094453125 0.1835169 0.7562285531249999 0.18361944531250002 0.7484502625 0.1752590859375 0.7426931359375 0.1331371125 0.7460457015624999 0.129474425 0.7490610671875 0.13028441562499998 0.7582863484375 0.1463301390625 0.7621128671874999 0.16283840624999998 0.7622612203125
1 0.148358128125 0.6868019750000001 0.1389826875 0.6873761515625 0.12534702656250002 0.6931063140625 0.119204184375 0.703659128125 0.158036015625 0.6986187312500001 0.16225124062500001 0.6929502296875001 0.1562234921875 0.6869214312499999 0.148358128125 0.6868019750000001
1 0.11627186249999999 0.643423134375 0.1228071515625 0.64628628125 0.15235354375000001 0.6428450906250001 0.15949891562500002 0.634764296875 0.153843709375 0.6240323 0.1178844828125 0.6349512125000001 0.11627186249999999 0.643423134375
1 0.09514120468750001 0.5816823546875 0.111546925 0.589609 0.13565055937499998 0.5868017125 0.1386382546875 0.5760986124999999 0.1321029640625 0.5732354640625 0.0979363546875 0.5777325156249999 0.09514120468750001 0.5816823546875
1 0.1090572375 0.507575678125 0.1012818703125 0.5084812546874999 0.10414192656250001 0.5231630921875 0.11007967656249999 0.5281668578125001 0.13440830937499998 0.52792215 0.145486365625 0.519901084375 0.14105868906250002 0.5142036828125 0.1090572375 0.507575678125
1 0.1202858515625 0.39391474375 0.1180107875 0.3858956109375 0.11398810625 0.38481085312499996 0.075201275 0.3903637640625 0.06554329375 0.3966661703125 0.07363365468750001 0.3993482015625 0.0964972125 0.4003096390625 0.115158090625 0.3981362578125 0.1202858515625 0.39391474375
1 0.0963600421875 0.3361238078125 0.0967775828125 0.331933125 0.0882822265625 0.3246384515625 0.0579133 0.327657684375 0.05109546875 0.33052276406250003 0.060593357812500005 0.34028945781250003 0.0703287921875 0.34381540625 0.085789525 0.34097922187499996 0.0963600421875 0.3361238078125
1 0.086319984375 0.2575586390625 0.090625209375 0.2529151703125 0.086390078125 0.24046451093750001 0.0798097890625 0.237088846875 0.06796674375 0.23639714843749998 0.0523710125 0.23769578593750001 0.037450271875 0.24668215781249997 0.039320340625 0.25008865 0.0581486703125 0.258768653125 0.086319984375 0.2575586390625
1 0.032332884374999996 0.1794520609375 0.0555564375 0.184513621875 0.07805999999999999 0.1813749359375 0.0843378390625 0.1723596671875 0.0778600953125 0.1612057140625 0.03738319375 0.1654021953125 0.032332884374999996 0.1794520609375
1 0.077305875 0.48590360625000006 0.08168855 0.49108848906249997 0.0871438546875 0.48165126249999995 0.0852287859375 0.4777322546875 0.077305875 0.48590360625000006
1 0.1249406984375 0.46482300781249997 0.1249082453125 0.45550716874999997 0.11792296093750002 0.44751886562500004 0.094506865625 0.44921056562499995 0.0543324109375 0.4657979765625 0.055424945312499994 0.4692950265625 0.08317871875 0.47227569843749995 0.1204554765625 0.46741641562499997 0.1249406984375 0.46482300781249997
1 0.03936618125 0.0895787875 0.08963606406249999 0.08061744843749999 0.0949563671875 0.0696426765625 0.09281630156250001 0.0631610890625 0.0864160109375 0.061835487499999994 0.063642453125 0.06189908125 0.043786496875000004 0.0683537046875 0.035548589062500004 0.0729374484375 0.0313658171875 0.0879217875 0.03936618125 0.0895787875