1 0.1966291859375 0.041516454687499996 0.20576720312500002 0.0459787453125 0.2307521859375 0.050948249999999994 0.2468120703125 0.049151721875 0.2531032390625 0.0450104609375 0.24370635156249998 0.0324798921875 0.2039753359375 0.02653975 0.20664894218750002 0.0282093109375 0.20352352499999998 0.0361880953125 0.1966291859375 0.041516454687499996
1 0.18710607968749998 0.1231865359375 0.2076746015625 0.12247219218750001 0.21067880312499998 0.119083240625 0.20785895937499999 0.113268865625 0.19339101875 0.10260364531249999 0.1839988 0.1024043 0.1701947921875 0.10885232656249999 0.17188825624999998 0.1164513609375 0.18710607968749998 0.1231865359375
1 0.1460861171875 0.18578007968750002 0.1532255734375 0.189548740625 0.189669621875 0.1962411921875 0.2055404796875 0.1913167671875 0.198963434375 0.1846005734375 0.1754797765625 0.1758813921875 0.154909696875 0.172485328125 0.14908720625 0.1741703140625 0.1445816796875 0.1813089421875 0.1460861171875 0.18578007968750002
1 0.2919327015625 0.150402521875 0.3235869046875 0.15748655625000002 0.3425588140625 0.15690273906250002 0.3373909140625 0.15103852812500002 0.306859978125 0.133949021875 0.2848823109375 0.1338113828125 0.28178593125 0.141801996875 0.286108653125 0.1479771 0.2919327015625 0.150402521875
1 0.2784363609375 0.2252537078125 0.3100905671875 0.2323377421875 0.3154428234375 0.2289986265625 0.31788150000000004 0.22033639374999997 0.310834221875 0.2119660703125 0.298717453125 0.20957150000000002 0.273921496875 0.20772989375 0.2687598234375 0.21830731406249998 0.2784363609375 0.2252537078125
1 0.3106906765625 0.08092429062499999 0.3397156203125 0.08943225625 0.3482626640625 0.08994249374999999 0.3574658546875 0.08701394375 0.3582157375 0.08308390156249999 0.32862215625 0.061081840624999995 0.3233620765625 0.0598192921875 0.3091815703125 0.0641219359375 0.3066491578125 0.0732754234375 0.3106906765625 0.08092429062499999
1 0.342863559375 0 0.34052810624999996 0.0028028109374999997 0.3410951875 0.0121865015625 0.3704013390625 0.0192206984375 0.3793233234375 0.0177659140625 0.38110429687499997 0.0084320625 0.3748084578125 0.0002421015625 0.3737134640625 0 0.342863559375 0
1 0.4795475734375 0.044390973437499995 0.48837582343749997 0.0434274453125 0.48677298125 0.027116342187499996 0.463290878125 0.0225075671875 0.45070543125 0.0225692765625 0.44901975156249996 0.035522279687500005 0.4795475734375 0.044390973437499995
1 0.4076248484375 0.10008084531250001 0.41326142343749994 0.10348877812499999 0.438435434375 0.1115861765625 0.46538885781249995 0.10623931718749999 0.4601272234375 0.10086636093750001 0.444345434375 0.0929683078125 0.41841998281250004 0.0846905453125 0.41015570312499994 0.0868169484375 0.40780920624999994 0.09087751875 0.4076248484375 0.10008084531250001
1 0.4055906875 0.18487579375000002 0.42372053281250005 0.1928236828125 0.4388399515625 0.1877188953125 0.44109271406249995 0.184149578125 0.43724022187499995 0.17962860625 0.411594421875 0.1657666703125 0.4084011921875 0.16602772500000001 0.40333014218749996 0.167893071875 0.4024896375 0.1805351875 0.4055906875 0.18487579375000002
1 0.39190532031249997 0.2565990828125 0.409186878125 0.25663705000000003 0.41970392187499994 0.25094133125 0.40579995156250004 0.241438984375 0.3814726734375 0.237141103125 0.372460065625 0.24730795625000002 0.38223033906250004 0.25376309531249996 0.39190532031249997 0.2565990828125
1 0.41334236718749995 0.31722995468750004 0.42310641406249994 0.3072434671875 0.4186899546875 0.3015596203125 0.3797088234375 0.291689434375 0.37135080625 0.29430709374999997 0.36524866718750004 0.3015762515625 0.37577038125 0.3082117546875 0.41334236718749995 0.31722995468750004
1 0.3424476171875 0.3592952046875 0.38724812656249996 0.35925959218750003 0.39776361250000003 0.349453465625 0.3788823265625 0.34132521250000003 0.345259678125 0.34455754375000003 0.33699695625000003 0.3507943546875 0.3382201859375 0.356739253125 0.3424476171875 0.3592952046875
1 0.2829667921875 0.28388159375 0.29141854375 0.280772678125 0.277138075 0.2691249484375 0.259103521875 0.2647962109375 0.255722821875 0.2660397765625 0.2532841453125 0.274702009375 0.26756305625 0.2822393328125 0.2829667921875 0.28388159375
1 0.1676200125 0.254140509375 0.17344250156250002 0.25245552656250003 0.1767279125 0.247592809375 0.1709023078125 0.2410569796875 0.1513648765625 0.2363675125 0.13275099375 0.23063772500000002 0.136142875 0.246465684375 0.1676200125 0.254140509375
1 0.1357095078125 0.3142967578125 0.1544955 0.318805859375 0.188871146875 0.3198643015625 0.1628488484375 0.30385697968750003 0.1311009078125 0.2972642015625 0.1394280609375 0.3076585859375 0.123403709375 0.30877429218749997 0.1357095078125 0.3142967578125
1 0.137890328125 0.3687644 0.1555483828125 0.37094775156250004 0.156298265625 0.3670177078125 0.148874490625 0.3565019984375 0.11797172656249999 0.349598328125 0.1118695859375 0.3568674859375 0.1157220765625 0.3613884578125 0.137890328125 0.3687644
1 0.125792234375 0.41569471875 0.1504928984375 0.413917171875 0.14748558437499998 0.409085309375 0.11395044375 0.395384753125 0.0935709484375 0.399226996875 0.09103697968749999 0.404270078125 0.125792234375 0.41569471875
1 0.11397379218749999 0.4570408625 0.1357639890625 0.4581610125 0.1167858546875 0.4423032015625 0.0963095109375 0.4384158828125 0.08992616406250001 0.44715880625000004 0.0974421203125 0.4530728546875 0.11397379218749999 0.4570408625
1 0.104415896875 0.5153697296875001 0.117376284375 0.513343 0.11662173281249999 0.5049418203125 0.11380344375 0.5032378546875 0.087596790625 0.4964338578125 0.08318344062500001 0.49897082499999995 0.0827178796875 0.5096479171875 0.104415896875 0.5153697296875001
1 0.0786090875 0.5723672265624999 0.10763091875 0.5726543765625001 0.1128894390625 0.5698065171875 0.10781527500000002 0.5634510500000001 0.099172940625 0.5593216609375 0.0644192421875 0.5520074265625 0.056814221875 0.55891585625 0.060572976562500006 0.563928084375 0.0786090875 0.5723672265624999
1 0.0714945390625 0.63436508125 0.095442203125 0.6282967640625 0.06284753125 0.61790446875 0.050732318750000005 0.619620309375 0.0489497875 0.624843753125 0.0714945390625 0.63436508125
1 0.053664578124999994 0.6742683125 0.07404718593750001 0.6786468875 0.08447204999999999 0.6775528296875 0.0882276921875 0.6743442453124999 0.0851266421875 0.6700036359375 0.0632411546875 0.665264334375 0.057042165624999995 0.6648039328124999 0.0508447328125 0.6684539390625 0.053664578124999994 0.6742683125
1 0.06448462031249999 0.72464453125 0.041977478125 0.720725478125 0.043030374999999996 0.738802996875 0.0511539578125 0.740967503125 0.0744454765625 0.7383379734375 0.07594680000000001 0.7345882953125 0.06448462031249999 0.72464453125
1 0.0461661296875 0.7926418484375 0.065824934375 0.7917542859375 0.06422365 0.7795535921875001 0.04510979375 0.774505253125 0.0461661296875 0.7926418484375
1 0.187166109375 0.7777238 0.1933650984375 0.7781842015625 0.1961818296875 0.7757777609375001 0.19270427968749998 0.7692917687499999 0.17692248906250002 0.7613937156249999 0.15381532656250002 0.7548199203125 0.16023003593750001 0.7601046046875 0.15761426875 0.7654124390625 0.15015809062500002 0.7698684734375 0.187166109375 0.7777238
1 0.14786486875 0.8109070734375001 0.1427545515625 0.8127880578125 0.173940078125 0.8223283671875 0.18699420312499998 0.819810384375 0.194130546875 0.81535823125 0.18586315312499999 0.8092638187500001 0.14547287656250002 0.79854165 0.1477972875 0.80286019375 0.15820961875 0.80989848125 0.14786486875 0.8109070734375001
1 0.26909483437500004 0.8549291796875 0.2767014109375 0.852131159375 0.27172098125 0.8452844359375 0.2588512140625 0.8385990953125001 0.23518163906249998 0.834972834375 0.22804529843750002 0.8394249874999999 0.233494403125 0.8438154296875 0.26909483437500004 0.8549291796875
1 0.2609962328125 0.7985273703125 0.277902846875 0.800530359375 0.28391280937499996 0.7978628624999999 0.281280434375 0.7910659796874999 0.2601448296875 0.7823966343750001 0.2533834296875 0.7848837640624999 0.25160245625 0.7942176187500001 0.2609962328125 0.7985273703125
1 0.28079463437499996 0.748307775 0.2983573984375 0.746871975 0.29628899375 0.7412379640625 0.285861015625 0.7341112062499999 0.2757158015625 0.7296210875 0.264256734375 0.7278981375 0.2555222203125 0.7283704109375 0.2513916359375 0.7335440203125 0.28079463437499996 0.748307775
1 0.1766257171875 0.721763409375 0.20029373437500003 0.721279265625 0.20479925937500001 0.714140634375 0.2003828 0.7084567890625 0.17267326249999998 0.7012920640625 0.16647583125 0.70494206875 0.1673241203125 0.71285199375 0.1766257171875 0.721763409375
1 0.1601613140625 0.647427221875 0.15846940625 0.643938596875 0.15433726718750002 0.6450018 0.15434038125 0.6532226125 0.1586615484375 0.6552873078125 0.1601613140625 0.647427221875
1 0.1888144296875 0.666121021875 0.203183965625 0.6649462749999999 0.2038401125 0.6615074875 0.1883395265625 0.65213566875 0.166641509375 0.6464138578124999 0.1647636890625 0.6480181515625001 0.16157357187500002 0.6565000203125 0.1641106546875 0.6596777515625 0.1888144296875 0.666121021875
1 0.2917616765625 0.6908308953125 0.297677903125 0.688654653125 0.2960781734375 0.6805643671875 0.2676171984375 0.673219278125 0.26386466875000003 0.68464868125 0.2716618296875 0.6890889609374999 0.2917616765625 0.6908308953125
1 0.2814872625 0.3451769734375 0.26711150156249996 0.3299100890625 0.2453181921875 0.32056912656250003 0.242407725 0.323466821875 0.24466671406249998 0.3363391359375 0.279985940625 0.34892665312500004 0.2814872625 0.3451769734375
1 0.23294667812499997 0.389525246875 0.2608436828125 0.39570746093750003 0.2631901828125 0.391646890625 0.2608390140625 0.3833762390625 0.234537065625 0.372953090625 0.22664772656249998 0.373114471875 0.22232811562500002 0.375160184375 0.2212970265625 0.38056399218750003 0.23294667812499997 0.389525246875
1 0.25354010625 0.45457741875 0.258704890625 0.45222081562499994 0.258797071875 0.44761915312499995 0.24545551406250002 0.43516927499999997 0.2235684671875 0.42631956718749997 0.2204752 0.44253099531249995 0.2434901828125 0.45370645156249995 0.25354010625 0.45457741875
1 0.20293111718749998 0.4932916828125 0.2348665265625 0.49890195000000004 0.24632248125 0.49240408437500005 0.244443103125 0.4898979703125 0.2296017796875 0.4853081796875 0.20536823750000002 0.4805190421875 0.19860683437499999 0.48300617187499995 0.19673057031250002 0.488720871875 0.20293111718749998 0.4932916828125
1 0.2180738828125 0.549843 0.23084524375 0.544688375 0.2194783578125 0.5383637640625001 0.19618372343749998 0.532772478125 0.191770378125 0.5353094453125 0.1902706109375 0.54316953125 0.2180738828125 0.549843
1 0.209737659375 0.6100063625 0.21602726875 0.60175469375 0.214241628125 0.5987573234375 0.18080178125 0.5886759203125 0.1791161 0.601628925 0.1995940015625 0.6096266515625001 0.209737659375 0.6100063625
1 0.2907072375 0.6345785953124999 0.3018835421875 0.633664903125 0.3033848640625 0.629915225 0.2923929171875 0.6216255890625 0.2769876234375 0.6158729234375 0.27219777968750003 0.6162645046875 0.2648739671875 0.62169916875 0.275208209375 0.629317184375 0.2907072375 0.6345785953124999
1 0.278003146875 0.5693650421875 0.3050549796875 0.575858146875 0.315386109375 0.5752553484375 0.317073346875 0.5664127484375 0.28626431406249997 0.5590178234375001 0.2791264171875 0.5593595703124999 0.275183303125 0.5635506671875 0.278003146875 0.5693650421875
1 0.317998246875 0.5286169375 0.33866050468750003 0.5274113375 0.349175990625 0.5176052125 0.31263820781249996 0.5114040140625 0.30709692187500004 0.511615234375 0.30418801093750003 0.5186233359375 0.317998246875 0.5286169375
1 0.3355143125 0.40386891875 0.3296902640625 0.40144349687499997 0.3283764125 0.40421066562499997 0.3329803421875 0.4089120015625 0.3355143125 0.40386891875
1 0.364729840625 0.4196151859375 0.37928684375 0.417457928125 0.3697040421875 0.4100202796875 0.3434973859375 0.403216284375 0.34021197812500004 0.408079 0.3454736125 0.41345195468749996 0.364729840625 0.4196151859375
1 0.353578440625 0.48629539218750006 0.36278163281250003 0.4833668453125 0.3635299578125 0.4753263921875 0.353853421875 0.4683799984375 0.3393870375 0.46182518593750005 0.323889565625 0.46067418125000004 0.3184451296875 0.46861495781249995 0.31985738750000003 0.47768775625000004 0.353578440625 0.48629539218750006
1 0.5760146234375 0.0701142078125 0.5950818234375 0.0731495421875 0.6227866890625 0.067983046875 0.6131085953125 0.05692624375000001 0.56417283125 0.04980424375 0.5607921328125001 0.051047809374999996 0.56117174375 0.0614140109375 0.5760146234375 0.0701142078125
1 0.564774159375 0.14961689375 0.5759504640625 0.1487032046875 0.5767003484375001 0.1447731578125 0.5732243546875 0.14239757343749998 0.5280411203125001 0.1238461734375 0.521185984375 0.1268245578125 0.5218483593750001 0.1398273984375 0.564774159375 0.14961689375
1 0.49858174687499995 0.20822344531249998 0.52206385 0.21283221874999997 0.5462005421875 0.2098917984375 0.5459177796875 0.2072551578125 0.5198970375 0.1953582421875 0.49820057812499996 0.1937468375 0.4922859078125 0.20003348281250002 0.4929451703125 0.2048155109375 0.49858174687499995 0.20822344531249998
1 0.5150461484375 0.28255963125 0.539182840625 0.27961921093750003 0.53645673125 0.27331358125 0.5254663421875 0.2691343546875 0.48967999687499997 0.263113521875 0.48291859531250003 0.26560065312500003 0.485929025 0.27865333125 0.5150461484375 0.28255963125
1 0.496285059375 0.34381704687500003 0.51403529375 0.34139873593750003 0.5132822984375001 0.3371079640625 0.47843175000000004 0.322064171875 0.47110482343750004 0.31927802031249997 0.4630280125 0.32042191249999996 0.45767731093749997 0.3278714328125 0.47740532968749994 0.339799203125 0.496285059375 0.34381704687500003
1 0.45986435937500003 0.3987807046875 0.475360275 0.39582130000000004 0.47611015781250005 0.3918912578125 0.4640840078125 0.3807846171875 0.4356261453125 0.3816603453125 0.42952245 0.3848190953125 0.43262505781250005 0.393270109375 0.45986435937500003 0.3987807046875
1 0.462890353125 0.4529374546875 0.47416039374999996 0.45153250937499995 0.4770708609375 0.44863481250000004 0.4373367328125 0.43447385625 0.43132677187499996 0.43714135 0.43123614843749997 0.44585342031249997 0.462890353125 0.4529374546875
1 0.46817066875 0.507635296875 0.48122479374999994 0.5051173140625 0.478873625 0.49684665937499994 0.4473131546875 0.48927137187499997 0.4376412890625 0.4946561984375 0.444876034375 0.5020440109375001 0.46817066875 0.507635296875
1 0.43278105624999996 0.5571951453125 0.45569919218750005 0.5606410453125 0.467062965625 0.558744840625 0.4671535875 0.550032771875 0.43935031718750006 0.543359303125 0.4282693046875 0.5478921453125001 0.4286473609375 0.5541479390624999 0.43278105624999996 0.5571951453125
1 0.457030165625 0.6030883546875 0.45928137187500007 0.595408634375 0.42818957968750004 0.585377065625 0.42255611562500006 0.590189946875 0.42171405625 0.5987216531249999 0.4487658859375 0.6052147578125 0.457030165625 0.6030883546875
1 0.4460615703125 0.65645483125 0.4715136703125 0.654857646875 0.45159818281249997 0.6439123921875 0.4269881421875 0.6369778671875 0.4190050671875 0.6376305046875 0.413748103125 0.64458876875 0.4235183765625 0.651043909375 0.4460615703125 0.65645483125
1 0.42533203750000004 0.728028609375 0.439700015625 0.72274345625 0.4396984578125 0.7186330484375001 0.43208876875 0.71321025625 0.3987426578125 0.702637596875 0.3939559265625 0.71124999375 0.39517915625 0.7171948968749999 0.42533203750000004 0.728028609375
1 0.39191242656249997 0.7713825015625 0.4098532453125 0.7762024921874999 0.43624425625 0.7738031640624999 0.4227152296875 0.762335796875 0.40364803125000004 0.7593004640625 0.392659196875 0.7592316421875 0.388153671875 0.7663702734375 0.39191242656249997 0.7713825015625
1 0.38075791406250004 0.82984189375 0.4086549203125 0.8360241078125 0.42828142031249994 0.8278910937499999 0.414189978125 0.8193712609375 0.393713634375 0.8154839421875 0.377561571875 0.8218821343749999 0.377281921875 0.8274663078125 0.38075791406250004 0.82984189375
1 0.39167480625 0.8879476687500001 0.4005030546875 0.886984140625 0.4016263234375 0.87697866875 0.3916685796875 0.871506040625 0.3752306390625 0.8670467765625001 0.36640550312500003 0.87623111875 0.3686613796875 0.88088261875 0.39167480625 0.8879476687500001
1 0.5094649312499999 0.921357740625 0.5320096796875 0.93087906875 0.5391475812500001 0.9305373234375001 0.5428094875 0.927819990625 0.542337696875 0.9220554546875 0.53360006875 0.9143069125000001 0.521764503125 0.9104385781250001 0.512184815625 0.9112217421875 0.5068325578125 0.9145608546874999 0.5094649312499999 0.921357740625
1 0.55481384375 0.8813809296875 0.5578164906249999 0.8738815703125 0.5531172671875 0.8655610828125001 0.54165664375 0.8597277265625 0.52343461875 0.8563815 0.51263636875 0.863550984375 0.516301390625 0.8690544687499999 0.55481384375 0.8813809296875
1 0.5610816625 0.815583559375 0.562019015625 0.81067100625 0.5532813890625 0.8029224640624999 0.5419145000000001 0.7965978515625001 0.5335549265624999 0.7951051015624999 0.5257639937499999 0.80710645 0.5503755906250001 0.8181513812500001 0.5610816625 0.815583559375
1 0.571772165625 0.771911665625 0.5817267984375001 0.7691634796875 0.57355158125 0.7584674062500001 0.55138333125 0.7510914625 0.54058196875 0.7500401328125 0.5365451218749999 0.7547224859375 0.5442501015625 0.7637644296875 0.571772165625 0.771911665625
1 0.586780725 0.7220836515625 0.58649640625 0.715336603125 0.5824564453125001 0.7117981421875 0.5599116953125 0.7022768140625 0.5499555093749999 0.7009145921875 0.545449984375 0.7080532234375 0.5491150015625 0.7135567046875 0.586780725 0.7220836515625
1 0.5720113437500001 0.6594569031249999 0.60366555 0.6665409359375001 0.6110846546875 0.6647254265625 0.6040358203125 0.6522446937499999 0.5747296703125 0.645210496875 0.5698460890625 0.6460933328125 0.5682525890625 0.6544446749999999 0.5720113437500001 0.6594569031249999
1 0.5702992015625 0.602532984375 0.586455934375 0.608466015625 0.5984774140625 0.6072414312500001 0.603734378125 0.600283165625 0.5938688125 0.590208875 0.5834423906249999 0.5871925234375001 0.5729237921875 0.5887778328125 0.56860729375 0.5990443609375 0.5702992015625 0.602532984375
1 0.6103802515625001 0.5407415890625 0.615732509375 0.537402475 0.6130064 0.53109684375 0.5842626609375 0.521115115625 0.5803226625 0.533527028125 0.58370491875 0.5363938703125 0.6103802515625001 0.5407415890625
1 0.5934534 0.4853033078125 0.6244499 0.491715721875 0.6424813406250001 0.48782364375 0.6382523515625 0.48115728593749996 0.6318643359375 0.4775689890625 0.6034049171875 0.4743343078125 0.5939189640625 0.474626215625 0.59063355625 0.47948893437500006 0.5934534 0.4853033078125
1 0.6372056953125 0.4454570234375 0.6459402109375 0.44498475 0.6451841015625 0.4324731640625 0.6278056953125 0.42470564062499994 0.6178495078124999 0.4233434171875 0.614939040625 0.4262411140625 0.616727796875 0.4374592984375 0.6372056953125 0.4454570234375
1 0.6584132453125 0.3960894109375 0.659066278125 0.3844298078125 0.6261904 0.37551128125 0.621591140625 0.383141165625 0.6261013359375001 0.38833375625 0.6584132453125 0.3960894109375
1 0.6248531984375 0.316622340625 0.652562734375 0.3237870640625 0.6741654593749999 0.325889725 0.6864665890625 0.31908096874999997 0.67829293125 0.3124953015625 0.64184888125 0.30580284999999996 0.6270091125 0.305323465625 0.621845884375 0.31179047656250003 0.6248531984375 0.316622340625
1 0.6906675578125 0.251759996875 0.6890693859375 0.24778011718749998 0.6763870890625 0.24011226406250002 0.6476449093750001 0.23424094375 0.6453968156250001 0.2501414796875 0.6677540953125 0.26064531875 0.6906675578125 0.251759996875
1 0.7107424984375 0.18773541093749999 0.7255822671875001 0.188214796875 0.7292441734375 0.185497465625 0.7268945625 0.1813372203125 0.699088178125 0.16644293593749998 0.6856575546875 0.1668155359375 0.6806817953125 0.1723000359375 0.6797459984375 0.1813229984375 0.7107424984375 0.18773541093749999
1 0.7191662328125 0.1106391671875 0.748659853125 0.1166908546875 0.758800396875 0.10884975 0.7185944796875 0.08892425781249999 0.7015941265625 0.08741252656250001 0.6956779015625 0.089588765625 0.6956810156250001 0.09780957812499999 0.7191662328125 0.1106391671875
1 0.8735769828125 0.12098632812500001 0.8818381499999999 0.1106391125 0.83909981875 0.09986710625 0.8329039437500001 0.10762751875000001 0.8400480703125 0.123727403125 0.8735769828125 0.12098632812500001
1 0.8231741421875001 0.20804296875 0.86375033125 0.21367221875000003 0.8665655062500001 0.20715537187500002 0.8588589687500001 0.1940030203125 0.8345316890625 0.1897051359375 0.827674996875 0.18857311875 0.82025745 0.194499034375 0.8231741421875001 0.20804296875
1 0.880686521875 0.29377294374999996 0.8438628640625 0.2767142921875 0.822167959375 0.2792132921875 0.8195449234375 0.29707885312500004 0.849224459375 0.29803762031250003 0.880686521875 0.29377294374999996
1 0.803977065625 0.3580752125 0.825300140625 0.36576204687499997 0.8510334500000001 0.36269109843749997 0.8644625171874999 0.3582080921875 0.835248546875 0.34657223125000003 0.8060376890625 0.3431571859375 0.7940162078124999 0.3443817703125 0.796836053125 0.35019614374999997 0.803977065625 0.3580752125
1 0.78343345 0.4245560734375 0.7965828671875 0.425657240625 0.812453721875 0.420732815625 0.817334190625 0.41162916406249994 0.7784452374999999 0.397157315625 0.7643615796875001 0.40918951718749996 0.7717853546875 0.4197052265625 0.78343345 0.4245560734375
1 0.7542474968749999 0.4869075453125 0.774159871875 0.48963198906249994 0.798579328125 0.48932820781249997 0.7910587046875001 0.4710829375 0.758279675 0.46989396875 0.7541475359375001 0.47095717031250006 0.751990065625 0.4781456390625 0.7542474968749999 0.4869075453125
1 0.745905046875 0.5306292765625 0.7752111984375001 0.5376634734375 0.7898619375 0.5350149609375 0.7912695234375 0.5317565359375 0.77473629375 0.523678121875 0.7448661765625 0.5154810484375 0.7404528265625 0.5180180156249999 0.738765590625 0.5268606124999999 0.745905046875 0.5306292765625
1 0.7370954765625 0.580917690625 0.7600136109375 0.5843635890625001 0.770625946875 0.5822870234375 0.7626382015625001 0.5706084390624999 0.73887489375 0.56747343125 0.7345552828125 0.56951914375 0.7329617796875 0.577870484375 0.7370954765625 0.580917690625
1 0.7285702265625 0.6379531546874999 0.7580638453125 0.644004840625 0.7715866484375 0.6390305796875 0.7701728343750001 0.6258473734375001 0.7284702640625 0.62200278125 0.72114489375 0.6233270375 0.7236850890625 0.634725584375 0.7285702265625 0.6379531546874999
1 0.713377309375 0.6969844921874999 0.7309431859375 0.70376950625 0.7513242375 0.704037671875 0.7539519421875001 0.6985033359374999 0.7473748984374999 0.6917871421874999 0.7242677375000001 0.6852133453125 0.7141240796874999 0.6848336359375 0.709618553125 0.6919722640625 0.713377309375 0.6969844921874999
1 0.7257986359374999 0.759561403125 0.73509711875 0.7602520078125 0.74533295625 0.7560300546875001 0.744579959375 0.7517392843749999 0.7402587921875 0.7496745875 0.7057863 0.7408865875 0.7015619796875 0.7465514515625 0.7039115921875 0.7507116968750001 0.7257986359374999 0.759561403125
1 0.684867740625 0.8093324703125001 0.6921962234375 0.816229028125 0.7051581703124999 0.8183127062500001 0.7237535796875 0.8155835046875 0.7247831125 0.8060692875000001 0.707498440625 0.7978105078125 0.695381671875 0.7954159375 0.689371709375 0.7980834328124999 0.6847724484375 0.80571331875 0.684867740625 0.8093324703125001
1 0.6913681703125001 0.8617544 0.7125022203125 0.8663133375 0.727152959375 0.8636648250000001 0.7309086015624999 0.8604562359375001 0.72846525625 0.8567872484375 0.7211383296875 0.854001096875 0.6941802328125 0.8470167359375 0.6836616328125 0.8486020484375001 0.6789670796875 0.8526127828125001 0.6913681703125001 0.8617544
1 0.6695950984375 0.9058487296875001 0.6736366171875 0.9134975984375 0.6756987953125 0.9026899796875 0.6695950984375 0.9058487296875001
1 0.70717175625 0.9271981546875001 0.71477833125 0.9244001296875 0.7162796546875 0.9206504515624999 0.70904490625 0.9132626359374999 0.695517434375 0.905905678125 0.6849035437500001 0.9038718359375 0.679648134375 0.9149405093749999 0.6828429203125 0.9187898625 0.70717175625 0.9271981546875001
1 0.662949225 0.96539030625 0.6887793828125 0.9700489171875001 0.6977951015625 0.968102878125 0.6936582921875 0.9568348578125001 0.67421459375 0.9516541374999999 0.664447434375 0.9534198125 0.66012938125 0.9595759328125 0.662949225 0.96539030625
1 0.8064539828124999 0.9464045421874999 0.8117156171875 0.951777496875 0.835667953125 0.9580404031249999 0.8492860468749999 0.9566852906250001 0.8491907546874999 0.953066140625 0.83800978125 0.9416486109375001 0.8222295453124999 0.9378609656249999 0.8146214125 0.93654858125 0.8086114515625 0.939216075 0.8064539828124999 0.9464045421874999
1 0.8322685734374999 0.90995908125 0.854996121875 0.9061666765625 0.8502031656250001 0.8983374421875 0.8425934749999999 0.8929146515624999 0.8253103625 0.8887662781250001 0.8181740187500001 0.89321843125 0.8188332796875001 0.8980004578124999 0.8322685734374999 0.90995908125
1 0.8003098124999999 0.8426927046875001 0.8275491140625 0.8482033 0.8373162734375 0.8464376234375001 0.83750063125 0.8372342984375001 0.8213438999999999 0.8313012671875001 0.8023704359374999 0.8277746796875001 0.7967369703125 0.8325875593750001 0.79608238125 0.8401367546875 0.8003098124999999 0.8426927046875001
1 0.80977553125 0.7889655015625 0.825180825 0.7947181671875 0.8413360015625001 0.796540790625 0.857395884375 0.7947442609375 0.8590831218750001 0.7859016640625 0.8557946 0.7825435671875 0.814935646875 0.774277675 0.8062026890625 0.7788603546874999 0.8055480984375001 0.78640955 0.80977553125 0.7889655015625
1 0.836052571875 0.7336221328125 0.8735308249999999 0.743131590625 0.8685488375 0.7321744625 0.8557728062500001 0.724997865625 0.8466617953125001 0.723324753125 0.8389599265625 0.722503621875 0.8324812875 0.7276273953125 0.836052571875 0.7336221328125
1 0.8755758796875 0.6871094906249999 0.882243546875 0.685113615625 0.8814889921875 0.6767124375 0.847389884375 0.6618490078125 0.8408190671875 0.6715744421875 0.8470211703125001 0.6802556578125001 0.8755758796875 0.6871094906249999
1 0.8920857625 0.6335317984375 0.9088955296875 0.627805228125 0.90654591875 0.623644984375 0.87357630625 0.615217709375 0.8669086406250001 0.617213584375 0.8687911312500001 0.6279405140625001 0.8920857625 0.6335317984375
1 0.8757197671875 0.5710355781249999 0.899483075 0.5741705859375 0.9057742421875 0.5700293249999999 0.90999545 0.5561436468750001 0.9024810499999999 0.55434000625 0.8705487546875 0.556950553125 0.8656667296875 0.561943796875 0.8757197671875 0.5710355781249999
1 0.9071366875000001 0.44756909062499994 0.9251712421875 0.4518978265625 0.9476191437500001 0.453689596875 0.9557896875 0.45205445 0.946958325 0.4447971625 0.9095738078125001 0.43479645 0.9055354031249999 0.43536839531249993 0.9025327593749999 0.4428677546875 0.9071366875000001 0.44756909062499994
1 0.9413983609375001 0.39568349375 0.9562396874999999 0.40027328593749995 0.9661005812499999 0.3980163546875 0.9763348625000001 0.38968399531250003 0.9699468453125 0.386095696875 0.940546959375 0.37955275624999996 0.9315327968749999 0.3856092015625 0.9315343531250001 0.389719609375 0.9413983609375001 0.39568349375
1 0.94521660625 0.30977550625 0.9489753625 0.31478773437499996 0.976402134375 0.3193158171875 0.9956536921874999 0.313147825 0.9978127203125 0.3100697671875 0.9840962203125001 0.2995849109375 0.9689736906249999 0.29646888437499996 0.957327153125 0.295728446875 0.95056575 0.2982155765625 0.94521660625 0.30977550625
1 1 0.230010990625 0.966597615625 0.22243171875 0.9591816234375001 0.23246804375000002 0.9644448140625 0.24195140781250002 0.9861428312499999 0.24767321875 1 0.2463959234375 1 0.230010990625
1 0.928675253125 0.52826074375 0.926422490625 0.5318300578125 0.9308405078125 0.5416243140625 0.9356287968749999 0.5371223234375 0.928675253125 0.52826074375
1 0.8952338515625 0.514068934375 0.9312092218749999 0.5232176609375 0.9586344390624999 0.5236353390625 0.9600420265625 0.520376915625 0.922371634375 0.4995187484375 0.8996409703125 0.4950903359375 0.8920359515625 0.5019987671874999 0.8911001531249999 0.511021728125 0.8952338515625 0.514068934375
1 1 0.13242490468749998 0.9901360953125 0.1278994609375 0.967875665625 0.1251251828125 0.9614892046874999 0.12564729218749998 0.958767765625 0.131672884375 0.9629045765625 0.1429409046875 1 0.1542130875 1 0.13242490468749998