1 0.8335186406249999 0.9239240359374999 0.811469775 0.9255854015624999 0.8082500171874999 0.9293569828124999 0.811273996875 0.935481284375 0.8267854531250001 0.9463110265625 0.836853746875 0.9461170250000001 0.8516500484374999 0.938589484375 0.849833165625 0.9304988296875001 0.8335186406249999 0.9239240359374999
1 0.8774785749999999 0.85489208125 0.8698244765625001 0.8511533796874999 0.83075590625 0.8455469593749999 0.8137436812500001 0.8515273953125 0.8207954796875001 0.8584573125 0.8459711999999999 0.8668044546875 0.8680225609375001 0.8695591640625 0.8742638046875 0.8674958109375 0.8790921953125 0.8596304015625 0.8774785749999999 0.85489208125
1 0.72114131875 0.89923936875 0.687207278125 0.8930040781249999 0.6668699234375 0.89445581875 0.6724109765625 0.9005316203125 0.7051429078125 0.917565409375 0.7287025140625001 0.916758159375 0.7320201625 0.9080386359375 0.7273850562499999 0.9015920875000001 0.72114131875 0.89923936875
1 0.7355940703125 0.8182341890625 0.7016600296875 0.8119989015625 0.6959231984375001 0.8158189828125 0.6933107296875 0.8252314984375 0.7008669359375 0.8339181421875 0.7138563328124999 0.8359642375 0.740437425 0.8368652203125 0.7459685031250001 0.825276728125 0.7355940703125 0.8182341890625
1 0.70104713125 0.9747006140625001 0.6699313140625 0.96682121875 0.66076896875 0.9666444734375 0.6509039359375 0.9701908124999999 0.650100865625 0.9744457593750001 0.6818289609375 0.9967982375 0.6874679031250001 0.9979260953125 0.7026682328125 0.9926871531250001 0.7053810859375 0.98274276875 0.70104713125 0.9747006140625001
1 0.5971319640625 0.9583318437499999 0.5910889921875 0.9549153859375 0.5641013765625 0.9473097359375 0.5352089640625 0.9542256640625 0.5408504015625 0.9597695984374999 0.5577697234375 0.96756925 0.5855629046875 0.975336025 0.5944216046874999 0.9726923015625 0.596936184375 0.968227728125 0.5971319640625 0.9583318437499999
1 0.5992955109375 0.867141415625 0.5798591156249999 0.8593902640625 0.5636524546875 0.8655318218750001 0.5612382593749999 0.8694645265625001 0.565368953125 0.8741543453125 0.5928634749999999 0.8879327984375 0.5962864953125 0.887513553125 0.6017221765625 0.885289075 0.6026206421875 0.8716701109375 0.5992955109375 0.867141415625
1 0.6139515249999999 0.7894885703125001 0.5954260640625 0.7901988203125 0.5841531671875 0.796775246875 0.5990598265625 0.806380128125 0.6251390031249999 0.8099404531250001 0.6347982796875 0.79862570625 0.6243234640625 0.7921150375 0.6139515249999999 0.7894885703125001
1 0.5909593015625 0.7252795843750001 0.5804944625 0.73643320625 0.5852299515625 0.7423478859375 0.6270188578125 0.751258140625 0.63597794375 0.7480825515625 0.6425178453125 0.7400075171875 0.6312374640625 0.7333357234375 0.5909593015625 0.7252795843750001
1 0.6669484828125001 0.6770044984375 0.618923321875 0.67898974375 0.6076529171875 0.6899822437500001 0.627894875 0.69789451875 0.663936971875 0.6929605624999999 0.67279318125 0.6859007671875 0.6714807125 0.6795668421875 0.6669484828125001 0.6770044984375
1 0.7307257734375 0.7554424296875 0.7216663062500001 0.759149890625 0.7369769953125 0.77104336875 0.7563105140624999 0.774910315625 0.7599343000000001 0.7734273328125 0.7625467703125001 0.7640148171875001 0.747238575 0.7565374109375 0.7307257734375 0.7554424296875
1 0.8543809828125 0.7823828171875 0.8481397359375 0.7844461703125 0.8446188265625001 0.7898133578125 0.8508650578125 0.7965821515625 0.8718097046875 0.8007713453124999 0.891764528125 0.8061183796875 0.888125328125 0.7892605359375 0.8543809828125 0.7823828171875
1 0.8885762671874999 0.71636533125 0.8684371875 0.712337259375 0.8315870328124999 0.7126940203125 0.8594855828125001 0.7287610703125 0.893520009375 0.734464490625 0.8845913921875 0.723658859375 0.9017689265625 0.7217637625 0.8885762671874999 0.71636533125
1 0.8862275390625 0.6579411421875 0.8672980499999999 0.6563627921874999 0.86649498125 0.66061774375 0.8744552171875 0.6715929875 0.90758369375 0.677667153125 0.9141235953125 0.6695921203124999 0.9099929031249999 0.664902303125 0.8862275390625 0.6579411421875
1 0.89918700625 0.6069943609374999 0.8727087906250001 0.6099775859375 0.8759335374999999 0.61503815 0.9118852265624999 0.62830035625 0.9337308312499999 0.62328665625 0.936446178125 0.617758346875 0.89918700625 0.6069943609374999
1 0.911847815625 0.562059259375 0.8884889749999999 0.5618027718749999 0.9088363078125001 0.5780153218749999 0.9307872828124999 0.5813018999999999 0.937628334375 0.5716312625 0.9295702078125 0.5656039609375 0.911847815625 0.562059259375
1 0.9220819609375001 0.498976496875 0.9081891125 0.5017172203125 0.9089996625 0.5107104890625 0.91202115 0.5124187171875 0.94011548125 0.5185898843750001 0.94484598125 0.5156724171875 0.9453429109375 0.504180928125 0.9220819609375001 0.498976496875
1 0.9497348515624999 0.43661796875 0.9186240234374999 0.43757071875 0.912987575 0.4408589328125 0.9184282453125 0.4474666015625 0.92769346875 0.45152755312500004 0.9649501468749999 0.4578754640625 0.973101175 0.45012267812499995 0.9690708640624999 0.4449009890625 0.9497348515624999 0.43661796875
1 0.957349046875 0.369699503125 0.9316788875 0.3772599234375 0.966621753125 0.3870086703125 0.9796086531249999 0.38463869375000004 0.9815184374999999 0.3789492609375 0.957349046875 0.369699503125
1 0.9764543625 0.32605338437500003 0.95460376875 0.32223493593749997 0.9434287625 0.32386342031250004 0.9394034390625 0.32747387968749997 0.9427285703124999 0.332002575 0.9661902890625 0.33614326875 0.9728355609375001 0.3363685140625 0.9794783406249999 0.33217768593749997 0.9764543625 0.32605338437500003
1 0.9648453953124999 0.27240039375 0.9970509625 0.2767149640625 0.9972641843750001 0.2583907046875 0.9791322984375 0.254283975 0.954164825 0.2581213140625 0.9525561921874999 0.26221514218749997 0.9648453953124999 0.27240039375
1 0.9977027453125 0.2207008734375 0.9979091421874999 0.2029631078125 0.984638434375 0.198534753125 0.9633951312500001 0.200357240625 0.965114125 0.21339583437499998 0.9977027453125 0.2207008734375
1 0.8333228546875 0.2207046734375 0.8266775796875001 0.220479428125 0.8236585890624999 0.223187271875 0.8273877484375 0.230004565625 0.8443070718750001 0.23780421718750003 0.8690787640625001 0.24386276406250001 0.862201275 0.238463778125 0.8650042546875 0.232647465625 0.8729962203125 0.22753595468749999 0.8333228546875 0.2207046734375
1 0.8754462625 0.18334522656250002 0.8809240359375 0.181102246875 0.8474919140624999 0.1722076125 0.83349868125 0.1754802046875 0.825849571875 0.18057364843749998 0.8347132609375001 0.186762071875 0.878012909375 0.196526440625 0.8755203265624999 0.19198769843750002 0.8643571203124999 0.184878409375 0.8754462625 0.18334522656250002
1 0.74548154375 0.1413172625 0.7373280203125 0.1446539765625 0.7426683046875 0.15179351562500001 0.7564657578125 0.15841680625000001 0.7818397546875 0.1612841390625 0.7894888640625 0.156190696875 0.783646659375 0.15171050156250002 0.74548154375 0.1413172625
1 0.7541743953125 0.20156230156250002 0.7360504671875 0.200145075 0.72960845625 0.203272165625 0.7324316671875 0.2104602046875 0.7550903171875001 0.218855846875 0.76233789375 0.21588988125 0.76424518125 0.205784375 0.7541743953125 0.20156230156250002
1 0.7329610203125 0.256377665625 0.7141344078125 0.2586835203125 0.716352825 0.2646466984375 0.7275328203125 0.2718503609375 0.738409171875 0.2762335546875 0.7506933890624999 0.277586659375 0.7600565015625 0.276699665625 0.764483359375 0.27096173281249997 0.7329610203125 0.256377665625
1 0.8446331624999999 0.2803693421875 0.8192616609375 0.28191808281249997 0.8144332703125 0.28978349375 0.819168759375 0.2956981734375 0.8488742171875 0.3021915859375 0.8555169953125 0.29800075625 0.8546060609374999 0.28953935625 0.8446331624999999 0.2803693421875
1 0.8622975703125 0.35951915625 0.8641119578125 0.3631937390625 0.8685413078125 0.361871878125 0.8685363203125 0.35303972968749997 0.8639037078125 0.35100925625 0.8622975703125 0.35951915625
1 0.8315783 0.3406801390625 0.8161747078125 0.342566746875 0.8154720234375 0.34628982812500003 0.8320901921875 0.3556850875 0.8553511453124999 0.3608895171875 0.8573638078125001 0.3590842890625 0.8607818390625 0.3498328953125 0.858061503125 0.34652906250000004 0.8315783 0.3406801390625
1 0.7212161328125 0.3186063140625 0.714874503125 0.3212015359375 0.716591003125 0.32982405937500003 0.747102021875 0.33647859375 0.75112235625 0.32403598906250003 0.74276308125 0.31960429375 0.7212161328125 0.3186063140625
1 0.7322994890625 0.689523578125 0.7477130578125 0.7053012609375 0.7710768859375 0.714389896875 0.7741962609375 0.711150184375 0.7717720890625 0.697418596875 0.733908121875 0.6854297500000001 0.7322994890625 0.689523578125
1 0.784325034375 0.6397671421875 0.7544188109375 0.63433746875 0.7519042296875 0.638802040625 0.7544262921875 0.6475856875 0.7826235015624999 0.6576410578125 0.79108066875 0.6571248125 0.795710784375 0.6547392140625 0.7968150046875 0.64888865625 0.784325034375 0.6397671421875
1 0.762236265625 0.5707713375 0.7567001999999999 0.5735276812500001 0.7566023109375 0.5784756234375 0.77090666875 0.5912717187500001 0.79437088125 0.5998284843749999 0.7976835421875 0.5822768140625 0.7730097390624999 0.5712703265625 0.762236265625 0.5707713375
1 0.816480225 0.52697808125 0.782245034375 0.5223383984375001 0.76996580625 0.529817440625 0.7719809609375 0.532428284375 0.787891459375 0.5367144781250001 0.8138702500000001 0.5408066687499999 0.821117825 0.537840703125 0.8231279921875 0.5316194000000001 0.816480225 0.52697808125
1 0.800236153125 0.46687854375000004 0.7865465656249999 0.47297160156249995 0.79873289375 0.47927264843749995 0.8237053546875 0.48426745625 0.8284358562499999 0.48134998749999997 0.8300419937499999 0.4728400875 0.800236153125 0.46687854375000004
1 0.8091603218750001 0.40187792812499995 0.8024196546875 0.4110166984375 0.8043344250000001 0.414159409375 0.8401832375 0.4235374140625 0.8419876484375 0.4095477015625 0.8200341812499999 0.40184505000000004 0.8091603218750001 0.40187792812499995
1 0.7223577640625 0.3789968546875 0.7103771937500001 0.3804642171875 0.7087685609375 0.3845580421875 0.720553353125 0.3929865671875 0.737068646875 0.3984976203125 0.742203175 0.39786875 0.7500530546874999 0.39171156875 0.7389734421874999 0.3839760390625 0.7223577640625 0.3789968546875
1 0.7359893671875 0.4485089078125 0.7069890890625 0.4427084859375 0.6959144640625 0.443805103125 0.694107559375 0.45337873906250004 0.7271356531250001 0.45998477656250003 0.73478725625 0.45930740625000005 0.739013346875 0.454633209375 0.7359893671875 0.4485089078125
1 0.693123675 0.4940260125 0.6709744265625 0.49621924531249995 0.659704021875 0.5072117453125 0.698872978125 0.5122862968749999 0.7048130703125 0.51181855 0.7079299531250001 0.5041627656250001 0.693123675 0.4940260125
1 0.6743718859375 0.6288140624999999 0.6806156234375 0.6311667828124999 0.6820234890625 0.6281366921875 0.67708723125 0.62328575 0.6743718859375 0.6288140624999999
1 0.6430503125 0.6131662578125 0.6274459546875 0.6161166031249999 0.637720003125 0.623691009375 0.665814334375 0.629862178125 0.6693352453125 0.6244949890625 0.66369380625 0.6189510578124999 0.6430503125 0.6131662578125
1 0.65499098125 0.541041725 0.645125946875 0.5445880625 0.644325371875 0.553259084375 0.6546998046875 0.5603016249999999 0.67020876875 0.5667152921875 0.6868219515625 0.5672784046875 0.6926566734375 0.5585103828125 0.6911409421875 0.548824121875 0.65499098125 0.541041725
1 0.42056763437500005 1 0.4166278109375 0.997845446875 0.3961875765625 0.9954129828125 0.3832754140625 0.9983498546874999 0.3915256203125 1 0.42056763437500005 1
1 0.428661378125 0.911940825 0.41668080625000004 0.9134081875 0.4158777359375 0.9176631390625 0.41960440156249995 0.920064359375 0.4680435703125 0.9380320046874999 0.47539152968750004 0.93453416875 0.47467886562499995 0.9205929562499999 0.428661378125 0.911940825
1 0.49960643437499996 0.8460984484375 0.47443320624999996 0.842167378125 0.4485597859375 0.8463754640625 0.4488634328125 0.8491959296875 0.476759490625 0.860846909375 0.500017946875 0.8616352656249999 0.5063570796875 0.8546239718749999 0.50564940625 0.8495149062499999 0.49960643437499996 0.8460984484375
1 0.48194202812500003 0.7669486359375 0.45606860937500004 0.77115671875 0.4589922046875 0.777812890625 0.4707745015625 0.7818253390625001 0.50913789375 0.7867387671875 0.5163854671875 0.7837727984375 0.513155734375 0.7698800890624999 0.48194202812500003 0.7669486359375
1 0.5020412046875 0.7003195343749999 0.483013825 0.7036891265625 0.4838218828125 0.7082663234375 0.5211839312500001 0.7229145140625 0.529038796875 0.7255894781250001 0.53769673125 0.7240094921875 0.5434310703125 0.7157733390625001 0.5222806703125 0.7038157359375 0.5020412046875 0.7003195343749999
1 0.5410723640625 0.6396848562499999 0.524461675 0.6435378187499999 0.5236586062499999 0.64779276875 0.53655260625 0.6592028812499999 0.5670586390625 0.65702526875 0.573601034375 0.6533663093750001 0.5702734109375001 0.644421540625 0.5410723640625 0.6396848562499999
1 0.5378176906250001 0.581631415625 0.5257367359375 0.583630646875 0.5226173578125 0.5868703609375 0.565214321875 0.6003578125 0.571656334375 0.5972307203125 0.5717517296875 0.5878667046875 0.5378176906250001 0.581631415625
1 0.532146325 0.5230946046875 0.518153090625 0.5263671984375 0.5206751546875 0.5351508421875 0.5545088109375 0.5419180015625 0.5648757609375 0.535712321875 0.557118784375 0.5280894125 0.532146325 0.5230946046875
1 0.5700732640624999 0.46831048593749997 0.5455048312499999 0.46560427656250003 0.5333234921875001 0.46813537656250004 0.5332280968750001 0.47749939062499996 0.5630339375 0.48346093593750006 0.5749116328125 0.4781093671875 0.5745051078125 0.471404696875 0.5700732640624999 0.46831048593749997
1 0.5440695328125 0.4200575625 0.54165783125 0.42840634062499994 0.57498956875 0.43783284218749996 0.5810275515625001 0.432417153125 0.5819285109375001 0.4232142609375 0.5529282328125 0.4174138390625 0.5440695328125 0.4200575625
1 0.5558169140625 0.3622449875 0.528533134375 0.36506708906249996 0.5498843015625 0.375960953125 0.5762671203124999 0.3823417421875 0.5848246734375 0.3812936265625 0.590458628125 0.3735893421875 0.5799838109375 0.3670786703125 0.5558169140625 0.3622449875
1 0.578024146875 0.2844466421875 0.5626230484375 0.2907493234375 0.5626255421875 0.2951653984375 0.5707840531249999 0.3006608296875 0.6065324828125 0.31057070000000003 0.6116620234375 0.3011096859375 0.6103495546875 0.294775759375 0.578024146875 0.2844466421875
1 0.6138405359375 0.23641569375000002 0.5946074015625 0.2320168765625 0.5663172921874999 0.23574159374999998 0.58082241875 0.24747395 0.60126265 0.249906415625 0.61304245625 0.24950278906249998 0.617870846875 0.24163738124999998 0.6138405359375 0.23641569375000002
1 0.625786190625 0.17312330625 0.5958799671875 0.1676936328125 0.5748424187500001 0.1772845265625 0.58994985 0.1858256703125 0.6119008234375001 0.18911224843750002 0.6292141984375 0.1815362078125 0.6295128562500001 0.1755245265625 0.625786190625 0.17312330625
1 0.614071853125 0.1111700390625 0.60460835625 0.112588903125 0.6034062453125 0.1233874 0.6140818296874999 0.1288343328125 0.6317038375 0.1329109046875 0.6411623468750001 0.12265989531249999 0.6387431640625 0.11776045312500001 0.614071853125 0.1111700390625
1 0.487796696875 0.080393946875 0.463627303125 0.0711441890625 0.4559756984375 0.071821559375 0.4520507625 0.07490015 0.45255766875000003 0.0810729515625 0.46192577031250004 0.0890181046875 0.474614015625 0.0926598078125 0.4848830765625 0.09140206875 0.4906199078125 0.0875819859375 0.487796696875 0.080393946875
1 0.439191678125 0.1253150625 0.4359744140625 0.13350271875 0.4410135484375 0.1422378640625 0.4533002578125 0.148007040625 0.4728345421875 0.15081024999999998 0.484408590625 0.1426382171875 0.480478665625 0.1368846625 0.439191678125 0.1253150625
1 0.43248592500000005 0.19627885625 0.43148208906249996 0.20159754218749998 0.4408501921875 0.209542696875 0.45303651875 0.21584374374999998 0.4619980984375 0.21708422500000002 0.4703473984375 0.20385162812500002 0.44396208281250005 0.19305476562499999 0.43248592500000005 0.19627885625
1 0.4210347078125 0.24366367812499998 0.41036411250000004 0.24704889375 0.4191299125 0.258185259375 0.442895275 0.26514641875 0.4544743109375 0.2658065328125 0.458800784375 0.260600465625 0.450539396875 0.2512208296875 0.4210347078125 0.24366367812499998
1 0.404955865625 0.2978501734375 0.4052620046875 0.3050867109375 0.409593465625 0.30871279218750003 0.43376285625 0.31796255156250003 0.444435946875 0.3189934109375 0.4492643375 0.3111280015625 0.4453344125 0.3053744453125 0.404955865625 0.2978501734375
1 0.4208008953125 0.364493259375 0.3868668546875 0.3582579703125 0.3789141015625 0.360530946875 0.386472803125 0.3736336640625 0.4178897703125 0.3799174546875 0.423124684375 0.37875671718750004 0.42483120625000004 0.369714946875 0.4208008953125 0.364493259375
1 0.42264770625 0.425576790625 0.4053268484375 0.41990461406249996 0.39244033125 0.421742721875 0.3868063765625 0.429447009375 0.3973840703125 0.43984188281250003 0.4085615734375 0.44262947031250005 0.4198369640625 0.440469115625 0.42446209375 0.42925137343750003 0.42264770625 0.425576790625
1 0.3796941015625 0.49370613125 0.37395726875 0.4975262140625 0.376880865625 0.504182384375 0.4076955296875 0.5136573859375 0.41191663125 0.5001510437500001 0.40829034999999997 0.49721795625 0.3796941015625 0.49370613125
1 0.3978504515625 0.552532309375 0.36462158906250003 0.5469900109375 0.345293059375 0.551955209375 0.34982778125 0.5589336265625 0.356676315625 0.5625112078125001 0.38718484375 0.5647496703125 0.3973535203125 0.5640237984375001 0.40087442968750003 0.5586566093750001 0.3978504515625 0.552532309375
1 0.3509569421875 0.5972438015625 0.341593828125 0.59813079375 0.3424068734375 0.6115401375 0.36103770625 0.619130165625 0.3717107953125 0.6201610234375 0.3748301703125 0.6169213109375 0.3729104125 0.604946453125 0.3509569421875 0.5972438015625
1 0.32823282656249997 0.65120505 0.32753512812499996 0.663760278125 0.3627791453125 0.67191341875 0.3677079203125 0.663516140625 0.362872046875 0.6581333328125 0.32823282656249997 0.65120505
1 0.36422442187500004 0.7351244265625 0.33451896406250003 0.7286310140625 0.31136088906250003 0.7273107875 0.2981757171875 0.735160575 0.306939021875 0.74188086875 0.34600759375 0.7474872890625 0.3619155984375 0.7473574078125 0.36744916875 0.740184990625 0.36422442187500004 0.7351244265625
1 0.2936858875 0.807671475 0.2953998890625 0.8118779234375 0.308996575 0.81956495625 0.3398087453125 0.824623884375 0.34221545937500003 0.8074429593750001 0.3182468375 0.7971294640625 0.2936858875 0.807671475
1 0.27217884375 0.877330665625 0.256270840625 0.87746054375 0.2523459015625 0.8805391328125 0.2548654703125 0.88490670625 0.28467629687499996 0.899700396875 0.299073559375 0.898716403125 0.3044063625 0.8926077234375001 0.3054077046875 0.8828729609374999 0.27217884375 0.877330665625
1 0.2883459140625 0.9793627562499999 0.288342484375 0.9732906578125 0.26316426718749997 0.9605274406250001 0.231546534375 0.9553073890625001 0.22067766406249997 0.9641724125 0.22714324531250002 0.9671214499999999 0.2883459140625 0.9793627562499999
1 0.15165049531250002 0.8603987828124999 0.108152571875 0.856114225 0.10513607656249999 0.8632381406249999 0.11339995781250001 0.8770338515624999 0.13947913125 0.880594175 0.1468295875 0.8815124109375001 0.154779846875 0.8748233624999999 0.15165049531250002 0.8603987828124999
1 0.089981259375 0.77079160625 0.1294588484375 0.7875187718750001 0.15271480937499998 0.7838910546875 0.155523059375 0.76458265625 0.12370705156249999 0.764842415625 0.089981259375 0.77079160625
1 0.172199215625 0.6983728015625 0.1493397984375 0.6910408968749999 0.12175486875 0.69545860625 0.1073601015625 0.7008586734375 0.13867917968750001 0.7120904046875001 0.16999326875 0.7144899890625 0.1828797859375 0.7126518796875 0.1798558078125 0.70652758125 0.172199215625 0.6983728015625
1 0.19420817343750002 0.62605426875 0.18011206562499998 0.6254426578125 0.163099840625 0.6314230937499999 0.157869915625 0.6414159765624999 0.19956093125000002 0.6552741734375 0.21465588906250002 0.6417349531250001 0.206695653125 0.6307597109375 0.19420817343750002 0.62605426875
1 0.225482359375 0.5577966859375 0.20413618125 0.5557349671875 0.177959115625 0.5571225859375 0.1860247234375 0.57639810625 0.22116336875 0.5762509703124999 0.22559272031250002 0.574929109375 0.22790403750000002 0.5671121984374999 0.225482359375 0.5577966859375
1 0.23441650468750003 0.5104603625 0.2029995375 0.5041765734375 0.18729479531249998 0.5076587890625001 0.185786546875 0.5112207468750001 0.20351143125 0.5191815203125 0.2355331953125 0.526690171875 0.240263696875 0.5237727046875 0.242070603125 0.5141990671875 0.23441650468750003 0.5104603625
1 0.24385007343749998 0.4560486234375 0.2192816421875 0.4533424140625 0.20790586718749998 0.4560346375 0.21647090000000002 0.468234740625 0.241945278125 0.47057020312500003 0.24657539687500002 0.4681846046875 0.24828191875 0.459142834375 0.24385007343749998 0.4560486234375
1 0.252977503125 0.39440034375 0.2213597703125 0.38918029062500004 0.20686461718750002 0.395112228125 0.20838284375 0.40921456093749997 0.25308786250000004 0.41153276875 0.26094023437499997 0.40979166093749997 0.2582149125 0.39765567968750004 0.252977503125 0.39440034375
1 0.269252125 0.3303179671875 0.2504205265625 0.323791675 0.22857242812499998 0.3243893 0.2257566984375 0.33044948125 0.2328084921875 0.33737939687499996 0.2575801875 0.343437940625 0.2684540453125 0.34340506249999997 0.2732824359375 0.335539653125 0.269252125 0.3303179671875
1 0.2559241671875 0.263626378125 0.2459562578125 0.2632885125 0.2349845109375 0.268269334375 0.2357925671875 0.2728465265625 0.24042517968750002 0.27487700312499996 0.2773807078125 0.282820521875 0.2819079484375 0.27655071875 0.27938838125 0.2721831453125 0.2559241671875 0.263626378125
1 0.2997912015625 0.2083745109375 0.29193384375 0.20128347500000002 0.27803849999999997 0.1996081234375 0.2581051734375 0.2033484625 0.257003446875 0.21361509218750002 0.2755338953125 0.2217369890625 0.2885232921875 0.223783084375 0.2949653046875 0.22065599531250002 0.2998940796875 0.21225871875000002 0.2997912015625 0.2083745109375
1 0.2928123546875 0.1523359234375 0.2701562015625 0.148356353125 0.2544514578125 0.1518385671875 0.250426134375 0.15544902656249998 0.2530460875 0.15928473125 0.2609009515625 0.1619596984375 0.2898008453125 0.1682919859375 0.3010762375 0.1661316328125 0.306107890625 0.161618559375 0.2928123546875 0.1523359234375
1 0.3161437609375 0.10401560781250001 0.31180980625 0.095973453125 0.30960136562499996 0.10767456718749999 0.3161437609375 0.10401560781250001
1 0.275858115625 0.082711246875 0.26770459375 0.0860479609375 0.2660959625 0.0901417890625 0.27385293593750004 0.09776469531250001 0.2883555703125 0.1050809796875 0.2997338390625 0.10680483125 0.3053653 0.0946844703125 0.30193978593750004 0.0906876453125 0.275858115625 0.082711246875
1 0.32325603593749996 0.039756484375 0.295565734375 0.0358739140625 0.28590146875 0.038356515625 0.29033830312500003 0.0502828734375 0.3111825625 0.055003934374999994 0.32165239218749997 0.05268245781250001 0.3262800171875 0.0458807875 0.32325603593749996 0.039756484375
1 0.1971841390625 0.0123327265625 0.1972630046875 0.004591346875 0.14529694843750002 0.0033818234374999997 0.15499619375 0.0099660203125 0.1813790125 0.0163468125 0.190541359375 0.016523556249999998 0.1971841390625 0.0123327265625
1 0.16942587656250002 0.066390978125 0.163784440625 0.060847043749999996 0.1381067984375 0.055159246875 0.1235087703125 0.0572069765625 0.12361165 0.06109118125 0.1355997015625 0.0728720390625 0.1525165296875 0.0762556171875 0.16067254687500002 0.0773349765625 0.167114559375 0.0742078875 0.16942587656250002 0.066390978125
1 0.141760515625 0.10666914062499999 0.11739783749999999 0.11173134062500001 0.1225373578125 0.11993461406249999 0.13069586718749998 0.1254300484375 0.149223821875 0.1291358734375 0.1568729328125 0.12404243125 0.15616525781249999 0.11893336406249999 0.141760515625 0.10666914062499999
1 0.1760331171875 0.17754991874999998 0.146832071875 0.1728132359375 0.13636224531250002 0.17513471249999998 0.136166465625 0.1850305953125 0.153487321875 0.190702775 0.1738271703125 0.19366710625 0.179865153125 0.18825141875 0.1805653453125 0.1801122640625 0.1760331171875 0.17754991874999998
1 0.1658968625 0.235684740625 0.14938156875 0.2301736859375 0.13206320625 0.2289175828125 0.11484771875 0.2315456828125 0.1130408140625 0.2411193203125 0.11656671249999999 0.24458427968750002 0.1603682796875 0.2516893046875 0.16972890000000002 0.24638623750000002 0.170429090625 0.2382470828125 0.1658968625 0.235684740625
1 0.137739559375 0.2962865390625 0.0975617796875 0.2876985296875 0.10290455937500001 0.2992541421875 0.116601628125 0.30640930312500003 0.126368771875 0.3078109078125 0.134625171875 0.3083583984375 0.1415691015625 0.30257196406250003 0.137739559375 0.2962865390625
1 0.0953807734375 0.3479764453125 0.0882335828125 0.35041054531250004 0.089044134375 0.359403815625 0.12560062031250002 0.37389088125000003 0.132642440625 0.3631565046875 0.12599217812500002 0.35409911250000004 0.0953807734375 0.3479764453125
1 0.0776932984375 0.40625676874999994 0.05967474375 0.41313981875000005 0.0621943125 0.4175073921875 0.0975387125 0.42512866406249994 0.104685903125 0.42269456562499996 0.10266576093749999 0.4112515765625 0.0776932984375 0.40625676874999994
1 0.0952498390625 0.4726902328125 0.0697754609375 0.47035476875000004 0.063032296875 0.475077465625 0.058510046875 0.49017941406250004 0.066565678125 0.4917906421875 0.10079588125000001 0.4875981796875 0.10602830156250001 0.48202136875 0.0952498390625 0.4726902328125
1 0.0615963765625 0.6067055453125 0.0422628578125 0.6028385968750001 0.018198837500000002 0.6018891171874999 0.0094405203125 0.6040009703125 0.0189090046875 0.61141425625 0.0589864015625 0.6205341343749999 0.0633153703125 0.6197441421875001 0.066532634375 0.6115564874999999 0.0615963765625 0.6067055453125
1 0 0.67652535 0.02579495 0.6812329328125 0.0354567234375 0.6743342609375 0.035454228125 0.6699181859375 0.024879028125 0.6639393859375 0.0089685296875 0.6596531921875 0 0.662074175 0 0.67652535
1 0 0.7718400390625 0.007823782812500001 0.772021371875 0.0150713609375 0.7690554046875 0.020803201562500002 0.7564031765625 0.0167728921875 0.7511814890624999 0 0.749086178125 0 0.7718400390625
1 0 0.8482396390625 0.0058485328125 0.8400676984375 0.00020460312500000002 0.8301076937499999 0 0.8300619156250001 0 0.8482396390625
1 0.038491301562500004 0.520948059375 0.0409054953125 0.5170153562500001 0.0361675109375 0.50668460625 0.031035475 0.511729546875 0.038491301562500004 0.520948059375
1 0.07434260625 0.5347421359375 0.035775953124999996 0.5264763734375 0.0063766359375 0.5272195 0.0048683875 0.5307814578125 0.045254415625 0.5515539484375 0.0696220796875 0.5553238953124999 0.07777310781249999 0.547571109375 0.0787744515625 0.5378363484375 0.07434260625 0.5347421359375