1 0.03623238125 0.1197474953125 0.027508779687500002 0.11938057500000002 0.0235994015625 0.1249913328125 0.022822371875 0.18550791875 0.0244967484375 0.190857228125 0.0354185578125 0.1841427359375 0.0442525421875 0.17287368125 0.0403138703125 0.1280856453125 0.03623238125 0.1197474953125
1 0.111081125 0.1348521328125 0.10764232343749999 0.12515674999999998 0.1014468953125 0.131246196875 0.0930143359375 0.1332226828125 0.0916402578125 0.13033470625000002 0.09298348749999999 0.1705919453125 0.10454823124999998 0.18168125625 0.1094728375 0.176022959375 0.113173309375 0.160341946875 0.111081125 0.1348521328125
1 0.18629780625 0.111170184375 0.178814553125 0.108419025 0.1706765109375 0.12120626875 0.1697760234375 0.13055307968750002 0.178860065625 0.146410865625 0.184407025 0.1500280765625 0.1881854453125 0.147524996875 0.1913209359375 0.1272181171875 0.18629780625 0.111170184375
1 0.2623825390625 0.102955334375 0.25941044375 0.095340625 0.2550670390625 0.09321783593750001 0.24732187031250003 0.0966820375 0.24493533437499998 0.1022214953125 0.24595492187499998 0.12310920781250001 0.25201385468750004 0.14763790000000002 0.2580316359375 0.15511 0.264871959375 0.1400573578125 0.2623825390625 0.102955334375
1 0.20476581562499999 0.22893969374999998 0.199030528125 0.2237805265625 0.1905894171875 0.22572654218750002 0.1881498703125 0.247551609375 0.20184358906250002 0.2802520765625 0.207165428125 0.2862059875 0.20998163124999997 0.26746483125 0.20653435781249999 0.2350599828125 0.20476581562499999 0.22893969374999998
1 0.2778990296875 0.22163843125 0.26660056249999997 0.225269009375 0.2655529 0.25013045312500004 0.26655191093749997 0.262489871875 0.2741866984375 0.270661646875 0.2832295859375 0.26946284375 0.287233128125 0.2646230625 0.28378585156249997 0.2322182109375 0.2778990296875 0.22163843125
1 0.1392923234375 0.2738762765625 0.1340970828125 0.243879434375 0.1268389546875 0.238791571875 0.1172884515625 0.24001414375 0.1112750296875 0.25347729375 0.11193417812499999 0.258874140625 0.1307040390625 0.2913369265625 0.13476495 0.29114678125000004 0.1388052859375 0.282428340625 0.1392923234375 0.2738762765625
1 0.0421291390625 0.268345728125 0.04501143125 0.296124709375 0.0525520546875 0.3035255046875 0.062196720312499995 0.30307391093749997 0.0647142140625 0.2944267765625 0.0610418171875 0.264358628125 0.051622271875 0.26247352031250004 0.0421291390625 0.268345728125
1 0.0753428921875 0.4148895078125 0.0773527703125 0.406266140625 0.0719692046875 0.374727340625 0.058677075 0.3745743328125 0.057138015625000003 0.38705259375 0.0590418734375 0.41100044999999996 0.0753428921875 0.4148895078125
1 0.14487293750000002 0.34882753125 0.1420891671875 0.342754778125 0.1327637890625 0.34164064843749997 0.1283835890625 0.343396515625 0.12526431875 0.35129644375 0.130590515625 0.3781856046875 0.1367230375 0.3949569796875 0.14153726093750002 0.40093465781250004 0.1501049703125 0.3749457140625 0.14487293750000002 0.34882753125
1 0.23395545 0.37179495937499996 0.2280480515625 0.35268688125000003 0.2240239328125 0.3489983671875 0.2111452515625 0.34805061406250004 0.20866455312499999 0.352819090625 0.20802598125 0.355950540625 0.219030096875 0.38334923125000003 0.2231483796875 0.3878087234375 0.2270209625 0.38607662187499997 0.23395545 0.37179495937499996
1 0.2837134828125 0.33612348281250004 0.28520389062499996 0.3608660859375 0.2931785390625 0.3760004328125 0.3001703953125 0.36636840625 0.3021596984375 0.349216740625 0.3004279515625 0.33921779375 0.29504874375 0.3286142453125 0.2837134828125 0.33612348281250004
1 0.3426908734375 0.3341373609375 0.3390639890625 0.34206105625 0.34446813125000003 0.38212815 0.34969580625 0.3873110859375 0.360936903125 0.3790308703125 0.3562287 0.3404819640625 0.3507553296875 0.3291074375 0.3426908734375 0.3341373609375
1 0.3965509734375 0.31533233125 0.389338353125 0.3482363109375 0.39533991562500004 0.36811536718750004 0.40648685 0.3590641734375 0.41177939218750004 0.31461928906250003 0.4096915671875 0.31006472500000004 0.40382532031249996 0.3080132390625 0.3965509734375 0.31533233125
1 0.3276819984375 0.2154305 0.3260281984375 0.218609484375 0.3282881359375 0.23711295937500002 0.338387403125 0.25292321093750003 0.3425219046875 0.2449757484375 0.3426690796875 0.22946111406249997 0.3367248875 0.214231696875 0.3276819984375 0.2154305
1 0.3099305078125 0.1077074734375 0.3123787734375 0.12775290625 0.3183023875 0.134454028125 0.3236036515625 0.13187964375 0.32599018750000003 0.1263401890625 0.3219248984375 0.09402775937499999 0.3063222046875 0.088431753125 0.3099305078125 0.1077074734375
1 0.3738692984375 0.0961844 0.37680895937500003 0.1286130171875 0.3899376953125 0.1566876140625 0.39290107500000004 0.1224318234375 0.3905469734375 0.10315737031250001 0.386408115625 0.09016958281250001 0.3834000609375 0.1059112890625 0.3738692984375 0.0961844
1 0.4283149578125 0.090533534375 0.43166806874999997 0.12216740625 0.4414274765625 0.131015084375 0.4454883875 0.130824940625 0.44535307187499995 0.112997371875 0.44049769375 0.08996310156250001 0.4363794125 0.085503609375 0.4283149578125 0.090533534375
1 0.48951985000000003 0.1318647984375 0.4942149765625 0.1076079546875 0.48674358125 0.0715145921875 0.48134815625 0.073317996875 0.47507281875 0.09299650625 0.48498811875000003 0.1282000515625 0.48951985000000003 0.1318647984375
1 0.5359746421875 0.123486540625 0.5373989625 0.1017090078125 0.535327353125 0.084747490625 0.5302306359375 0.0764568765625 0.5206433406250001 0.08155810625 0.522170540625 0.10242205 0.5359746421875 0.123486540625
1 0.580316675 0.0810901734375 0.5841200296875 0.108050640625 0.5855119125 0.1110870171875 0.5939162312499999 0.1130196609375 0.5974857453125 0.1004463328125 0.594247375 0.07811173437499999 0.5833991515625 0.0770689078125 0.580316675 0.0810901734375
1 0.651718140625 0.06378996406250001 0.6470922453125 0.0593542390625 0.6392161187500001 0.065926121875 0.6425324359375 0.10143865 0.6456928625 0.1105953171875 0.6515223140625 0.116525459375 0.655018240625 0.11170944687499999 0.658133153125 0.0828742734375 0.651718140625 0.06378996406250001
1 0.709172690625 0.061875148437500006 0.706016625 0.0736537328125 0.7126979125 0.10745792968750001 0.7216422765625 0.084552896875 0.7146622796875 0.060842721875000005 0.709172690625 0.061875148437500006
1 0.75852599375 0.0688689171875 0.7541089999999999 0.0745034453125 0.753847084375 0.08071880625 0.756070228125 0.1031009390625 0.7600943453125 0.1067894515625 0.7637786015625 0.103515396875 0.7661077671875 0.0933263046875 0.764072953125 0.072486125 0.75852599375 0.0688689171875
1 0.8241553765624999 0.0502881984375 0.8127627468749999 0.0531478 0.8118990515625001 0.05861595000000001 0.8137293234375 0.09032112656249999 0.8224367062500001 0.103095 0.8264034562499999 0.10213387812500001 0.8317945234374999 0.0793952234375 0.8288386437499999 0.059373559374999996 0.8241553765624999 0.0502881984375
1 0.8814140984375 0.10110888124999999 0.8846437500000001 0.081572978125 0.8766279499999999 0.04938204375 0.8732159953125 0.061096009375 0.862885578125 0.053902440625000006 0.8692681546875001 0.0978006578125 0.8814140984375 0.10110888124999999
1 0.8527313734374999 0.2257384578125 0.8529932890625 0.2195230984375 0.84939448125 0.1816976328125 0.8440149734375 0.1884674609375 0.8383423062500001 0.19031471093750002 0.8337526078125 0.183205421875 0.837686921875 0.2070582078125 0.84381944375 0.2238295828125 0.8499681796875 0.2281940015625 0.8527313734374999 0.2257384578125
1 0.8936510656250001 0.1804007875 0.8911499484375 0.1852060203125 0.88891658125 0.19532766875000002 0.8830231953125001 0.184004903125 0.87893025625 0.1810900609375 0.8850303437499999 0.22267534531250002 0.8902212234375 0.2317369390625 0.8955592796875 0.22528389375 0.899636409375 0.212686796875 0.8936510656250001 0.1804007875
1 0.9052332421875 0.27523109687499997 0.90612186875 0.29922649218749997 0.9113701203125 0.312937721875 0.9177071874999999 0.31884409687500004 0.9214282359375 0.31169138125 0.91437029375 0.27480327187500003 0.9105712968749999 0.2687780546875 0.9052332421875 0.27523109687499997
1 0.8491543578125 0.29258924375 0.8554384125000001 0.31478123125 0.862000603125 0.3183509046875 0.8654023671875001 0.3127639140625 0.8653612125000001 0.295707325 0.862106625 0.2857796796875 0.852461959375 0.2862312734375 0.8491543578125 0.29258924375
1 0.8007957078124999 0.2770196421875 0.795080996875 0.280388771875 0.79357873125 0.2889883734375 0.7939759640624999 0.3006005796875 0.7973247156250001 0.3112992015625 0.8033057015624999 0.32264995937499996 0.8087585 0.32549619218750003 0.8122706453124999 0.308273225 0.8007957078124999 0.2770196421875
1 0.7774280296875 0.194371975 0.7814197109375 0.222874396875 0.7866473859374999 0.2280573328125 0.7943925546874999 0.22459312968749998 0.7976590015625 0.20117856875 0.7897417234375 0.190693859375 0.7818450203125 0.1887374484375 0.7774280296875 0.194371975
1 0.73098509375 0.1694080265625 0.7226749421875 0.1682463625 0.72111530625 0.1721963234375 0.72444348125 0.1743666484375 0.7325653062499999 0.1739863609375 0.73098509375 0.1694080265625
1 0.736364303125 0.1800115765625 0.7334495750000001 0.1770465046875 0.7245008515625 0.1790162875 0.722658725 0.18065331406250001 0.7258970953125 0.20298791249999998 0.733552459375 0.219687984375 0.73710575625 0.21952160625 0.7399793296875 0.2054300875 0.736364303125 0.1800115765625
1 0.7499856515625 0.31661731406250004 0.7528798015625 0.311054090625 0.753477221875 0.2908660515625 0.7499033484375001 0.28250413281250003 0.7379089390625 0.284616521875 0.7419947859375 0.3138899234375 0.7499856515625 0.31661731406250004
1 0.3909129890625 0.2357314421875 0.40465972031249997 0.25214629375 0.40862646874999997 0.2511851703125 0.4000456828125 0.214368365625 0.38729796250000004 0.2103129296875 0.38402715625 0.2127922421875 0.3909129890625 0.2357314421875
1 0.4474951265625 0.1974142765625 0.441911371875 0.197675725 0.439336509375 0.2016732234375 0.4382476921875 0.20947807968749999 0.445698509375 0.2370431453125 0.45378354062500004 0.240541515625 0.45816373906249996 0.23878564687499998 0.4551872828125 0.2102356875 0.4474951265625 0.1974142765625
1 0.49348345781249997 0.2061163796875 0.4998616765625 0.22907934531250002 0.5108820093750001 0.24407108125 0.5155447 0.2446281484375 0.5185330140625 0.239835903125 0.518831725 0.22974188281250002 0.5102347203125001 0.20533203125 0.49348345781249997 0.2061163796875
1 0.559714621875 0.1882828703125 0.553717415625 0.1893390671875 0.5504098171875 0.1956970359375 0.5524078375 0.220415871875 0.5553063453125 0.2357878984375 0.5576192953125 0.2380057609375 0.5655322140625 0.22755521875 0.56360778125 0.195079065625 0.559714621875 0.1882828703125
1 0.612290075 0.23001819375000002 0.6189994390625 0.21807323125 0.61551536875 0.18954703906249998 0.607393546875 0.18992732968749998 0.60431106875 0.193948596875 0.607230153125 0.21784891874999998 0.612290075 0.23001819375000002
1 0.6717177109375 0.2233586671875 0.68079739375 0.2182812046875 0.681603715625 0.20816341718750003 0.675921440625 0.1867186375 0.6626293109375 0.18656562968749998 0.6688971484375 0.22116457343749998 0.6717177109375 0.2233586671875
1 0.6926371265625 0.285960903125 0.686148525 0.2746339109375 0.6797952406250001 0.281134490625 0.678837384375 0.2858316640625 0.682845284375 0.30192713125 0.6899356625 0.3140013328125 0.6939024109374999 0.3130402109375 0.6961374124999999 0.3020801390625 0.6926371265625 0.285960903125
1 0.6202734421875 0.28702303749999997 0.62413416875 0.318633140625 0.6332712218750001 0.31820531406249997 0.6350927734375 0.308039990625 0.6317028671875 0.280284778125 0.62615590625 0.27666756718749996 0.6214564234375 0.2799891609375 0.6202734421875 0.28702303749999997
1 0.5821743140625 0.33455480312499997 0.5858174171874999 0.31422415312499996 0.5773351531250001 0.29911357656250004 0.5699092718750001 0.301012053125 0.569045578125 0.30648020468750004 0.57102738125 0.343605996875 0.5821743140625 0.33455480312499997
1 0.4630484109375 0.3122187140625 0.4588359640625 0.3069882421875 0.45588444375000003 0.3079018296875 0.45765298281250005 0.3140221171875 0.4630484109375 0.3122187140625
1 0.466254346875 0.3593672203125 0.4701431484375 0.3452281640625 0.46617204062499995 0.32525403750000004 0.4613578171875 0.3192763578125 0.456056553125 0.321850740625 0.459859909375 0.34881120781249997 0.466254346875 0.3593672203125
1 0.5341143734375 0.30889118125000004 0.525108278125 0.306211325 0.5164420468750001 0.3104940421875 0.5157872593749999 0.3260324453125 0.520716221875 0.3413094 0.5266030453125 0.35188918125 0.5348190328125 0.35227986875 0.5388593703125 0.343561428125 0.5341143734375 0.30889118125000004
1 0.07289584375 0.4909920296875 0.0743538171875 0.54054854375 0.084395715625 0.5517091578125 0.09286926250000001 0.5249492359375 0.0920380015625 0.5056034796875 0.08498441718750001 0.4896506171875 0.07454964375 0.48781304687500004 0.07289584375 0.4909920296875
1 0.1519851109375 0.46557798124999994 0.165437490625 0.513022103125 0.167431153125 0.516805690625 0.171492065625 0.516615546875 0.1737270671875 0.505655475 0.1688673296875 0.46168595312500005 0.1558003234375 0.45919624375 0.1519851109375 0.46557798124999994
1 0.2379558484375 0.44216788124999995 0.2331989953125 0.4408398375 0.22614976874999998 0.44582222656250003 0.2252330640625 0.46757599218749996 0.2342067234375 0.49506975468750003 0.2368389578125 0.49572189375000003 0.2426434765625 0.4721884921875 0.24073961875 0.44824063281250004 0.2379558484375 0.44216788124999995
1 0.297273103125 0.4471443328125 0.29916074375 0.48349914531250004 0.3020960453125 0.4949925109375 0.3081506203125 0.4985859546875 0.3139551375 0.475052553125 0.31342258749999996 0.445612775 0.30058070312499996 0.44078636250000003 0.297273103125 0.4471443328125
1 0.3762357703125 0.4457732140625 0.3664925796875 0.424518578125 0.3583339625 0.4287775265625 0.35622991875 0.4366299171875 0.3581867875 0.44429216250000003 0.36930564375 0.4809901265625 0.37355488281250004 0.48234193750000004 0.37808225625 0.465071434375 0.3762357703125 0.4457732140625
1 0.42345573437499995 0.41022057656250005 0.41923142812499997 0.43833231250000004 0.4290482046875 0.45182962968749996 0.43310911875 0.4516394828125 0.43791898281249997 0.4366819140625 0.43554430625 0.408879165625 0.42736511093749996 0.40460981875 0.42345573437499995 0.41022057656250005
1 0.489569015625 0.4583005 0.49231162968750003 0.44731665937500004 0.48886435625 0.41491181250000003 0.48004658906250003 0.41377391250000006 0.476644825 0.419360903125 0.48629820781250005 0.4607798109375 0.489569015625 0.4583005
1 0.542909640625 0.47286144218750004 0.5469867703125 0.46026434375 0.5440676875 0.43636402187499995 0.5374481265625 0.42814471093749995 0.5308697203125 0.4369819921875 0.534824609375 0.469363071875 0.542909640625 0.47286144218750004
1 0.5864821421874999 0.43670420312499997 0.5899662125 0.46523039375 0.598783978125 0.4663682921875 0.6020342078125 0.45536068749999997 0.6012397421875 0.43213627031249996 0.598644303125 0.4276054734375 0.59236460625 0.426348734375 0.5864821421874999 0.43670420312499997
1 0.636760865625 0.46381470937499997 0.6447885265625 0.462663440625 0.6479077984375 0.454763515625 0.64451789375 0.42700830312500004 0.635794290625 0.42664138124999995 0.6302679078125 0.4315524671875 0.636760865625 0.46381470937499997
1 0.6841691578125 0.42980402968750003 0.682572728125 0.43763265 0.6866953687499999 0.46302739062500003 0.69542333125 0.48432956406249994 0.7000242921875001 0.45930174218750003 0.6971993703125 0.436172396875 0.6918201625 0.42556885 0.6841691578125 0.42980402968750003
1 0.752263025 0.4188617875 0.7590384765625 0.4534369625 0.7636275796875001 0.46175134531250006 0.76778265625 0.46233217812499994 0.7748113062499999 0.44882149374999997 0.7673972828125 0.4173777671875 0.7615310359375 0.41532628125000004 0.752263025 0.4188617875
1 0.8089686203124999 0.431714396875 0.8097998796875 0.4510601546875 0.819804984375 0.4660994265625 0.8253270109375 0.4402530921875 0.8225594609375 0.42177338437499995 0.8179335625 0.4173376609375 0.8101883953125 0.4208018625 0.8089686203124999 0.431714396875
1 0.8669307843749999 0.42977581249999997 0.8684579859375001 0.450639759375 0.8754174062500001 0.46582164062500003 0.885941984375 0.44749494062500006 0.882965528125 0.41894498281250003 0.8809718671875 0.41516139531249996 0.8752939468750001 0.41465186718749997 0.8669307843749999 0.42977581249999997
1 0.921224909375 0.4187043328125 0.92380413125 0.43564208281249994 0.9281681125000001 0.4462931671875 0.93841455625 0.4465887859375 0.9404244374999999 0.4379654171875 0.935982509375 0.41413639843750005 0.931544940625 0.41124263125000005 0.921224909375 0.4187043328125
1 0.9673584921874999 0.58325245625 0.9603784937500001 0.5595422812499999 0.95381630625 0.55597260625 0.9498127640625 0.5608123875000001 0.9478970468749999 0.5702067328125 0.9504189015625 0.5824948484375 0.9572267875 0.5922561156249999 0.9629988703125001 0.593536621875 0.9661755125000001 0.5902863328125 0.9673584921874999 0.58325245625
1 0.8930541578125 0.564245390625 0.8942988671875 0.5827964015625 0.8988511750000001 0.5949894453125 0.9067110828124999 0.600824515625 0.9146445796875 0.598902271875 0.9067023656250001 0.558954015625 0.9015688562499999 0.5545420609375 0.8930541578125 0.564245390625
1 0.8299216906250001 0.565650678125 0.8304498796875001 0.57415520625 0.835509803125 0.586324478125 0.842317690625 0.596085746875 0.8473938296875 0.595848065625 0.8512458374999999 0.5855876671875 0.8429681203125 0.55961209375 0.8299216906250001 0.565650678125
1 0.783540484375 0.5662716171875 0.783335940625 0.577136615625 0.788191315625 0.6001708875 0.7980448875 0.6097895453125 0.8019910578125 0.6003001265625 0.7969841468750001 0.5718452390625 0.7887475828125 0.56292625625 0.783540484375 0.5662716171875
1 0.7327790828125 0.5686484265625 0.7329879859374999 0.578718678125 0.7399679828125 0.60242885625 0.7430710375 0.606935884375 0.7498583484375 0.6081688546875 0.7456577609374999 0.5695961796875 0.74052425 0.565184225 0.7327790828125 0.5686484265625
1 0.6735603515624999 0.585378203125 0.6772327484375 0.61544635 0.6890226125 0.6241989578125 0.6917284328125 0.6170937765625 0.6882811578125 0.5846889281250001 0.6836552609375001 0.5802532046875 0.675025821875 0.5806572625 0.6735603515624999 0.585378203125
1 0.6276088140625 0.5727974421875001 0.616723796875 0.5756332734375 0.6138870171875 0.585846134375 0.615712928125 0.596616059375 0.6247395984375 0.6078242109375 0.6323906015625 0.6035890296875001 0.63503905625 0.5918342140624999 0.630936990625 0.5749677671875 0.6276088140625 0.5727974421875001
1 0.559765003125 0.6108665265625 0.563768546875 0.60602674375 0.5625032609375 0.5789474375 0.560001984375 0.57518761875 0.5469923484375 0.5773475453125 0.5537104296875001 0.6072730843749999 0.559765003125 0.6108665265625
1 0.504164440625 0.5778021078125 0.49886317968749994 0.5803764921875 0.4974550765625 0.5897470703125001 0.49738584843750006 0.6184396375000001 0.5002637796875 0.6252833671875 0.506506684375 0.630418765625 0.5125568984375 0.6130769578125 0.5097114015625 0.5814193171875 0.504164440625 0.5778021078125
1 0.44421297343750005 0.5968923562499999 0.444421878125 0.6069626078125 0.45023511406249994 0.6252997062500001 0.46279450781250003 0.6278131828125 0.46429677187499996 0.619213584375 0.45861449375 0.5977688062500001 0.44748377812499995 0.59441304375 0.44421297343750005 0.5968923562499999
1 0.40313303281249996 0.5949389125 0.39488024843749997 0.5984268828125 0.40003869375 0.632302384375 0.41190214531249997 0.633297675 0.4078530921875 0.6001456140625 0.40313303281249996 0.5949389125
1 0.3309738921875 0.585136046875 0.323830503125 0.589347459375 0.322573934375 0.6041386515625 0.325063353125 0.6412406749999999 0.3307618484375 0.6502785 0.3390882171875 0.6390332140625 0.3394973078125 0.6173032171874999 0.3355056234375 0.58880079375 0.3309738921875 0.585136046875
1 0.25837758593750004 0.6428123375 0.2622133765625 0.6449588953125 0.273884140625 0.62347698125 0.265888915625 0.5998143406249999 0.249551103125 0.599803940625 0.252114109375 0.6291486453124999 0.25837758593750004 0.6428123375
1 0.192289240625 0.6241959609375 0.18305802499999999 0.623852809375 0.1769298625 0.6280166859375 0.1749773515625 0.6412896890625001 0.186771575 0.670977546875 0.1907015296875 0.67389508125 0.19387817031250001 0.67064479375 0.1951347390625 0.6558536015625 0.192289240625 0.6241959609375
1 0.094790553125 0.6326380921875 0.0943240921875 0.6497184515625001 0.1097495578125 0.692417865625 0.1188660359375 0.6834617453125 0.1162088640625 0.6533460609375 0.1059948546875 0.6282365359375001 0.09768470312500001 0.6270748703125 0.094790553125 0.6326380921875
1 0.09981925781249999 0.7657692265625 0.091247190625 0.770822921875 0.09712215468749999 0.8147449078125 0.1085515796875 0.8080066484374999 0.1152565828125 0.7751264375 0.09981925781249999 0.7657692265625
1 0.1826014984375 0.7789516203125 0.18409190625 0.8036942249999999 0.1964835453125 0.8131940421875001 0.20340181406250002 0.8113193328125 0.202472034375 0.7702673484375 0.18912253437499998 0.7654647031249999 0.1822616359375 0.7719890515625 0.1826014984375 0.7789516203125
1 0.29290527499999996 0.7792145609375 0.2745370078125 0.779299234375 0.269465225 0.8004721640625 0.2823894171875 0.839411759375 0.2903921421875 0.808796946875 0.29290527499999996 0.7792145609375
1 0.34926665 0.76416935 0.3437196921875 0.7605521390625001 0.34107123906250003 0.7723069578125 0.3410961734375 0.8017705015625 0.3494312625 0.8323957156249999 0.3555388484375 0.8197035421875001 0.3616626515625 0.7946044171875 0.356393825 0.7723648921875 0.34926665 0.76416935
1 0.3988980859375 0.7525408046875001 0.40896491875 0.7931649625 0.41874054374999997 0.7896056875 0.4255808671875 0.774553046875 0.4260105328125 0.761351346875 0.422473453125 0.7491107687499999 0.41271404531250006 0.7402630875 0.3988980859375 0.7525408046875001
1 0.474794490625 0.742783996875 0.47215039843750006 0.7754740640625 0.4897123453125 0.785507178125 0.492884628125 0.7613216390625 0.49246681875 0.7411811359375 0.48387417343749994 0.737706534375 0.476354128125 0.7388340343750001 0.474794490625 0.742783996875
1 0.5346723703125 0.73145106875 0.5255353171875 0.7318788953124999 0.522452840625 0.7359001593750001 0.527234628125 0.76669175 0.5334613140625 0.7842341 0.53692045 0.783296746875 0.5413168640625 0.7691339234375 0.5376444671875 0.7390657765624999 0.5346723703125 0.73145106875
1 0.57571551875 0.7372831703125 0.576096534375 0.76130233125 0.5869653328125 0.7708734546875 0.590309728125 0.760636825 0.5895152609375 0.737412409375 0.586919821875 0.7328816125000001 0.5782903828125 0.7332856703124999 0.57571551875 0.7372831703125
1 0.6320606765625 0.7346449125000001 0.6310541656249999 0.7765629484375001 0.6442153375 0.7798236375 0.6508305375 0.7671076968749999 0.64817336875 0.736992015625 0.6454837640625 0.731690240625 0.6342588859375 0.7275635015625 0.6320606765625 0.7346449125000001
1 0.7050055625 0.72580169375 0.6972603953125 0.7292658953125 0.6964540703125001 0.7393836828125 0.700388384375 0.7632364703125 0.7064061640625 0.77070856875 0.7123092046874999 0.7688813953125 0.714429465625 0.748622053125 0.7096314593749999 0.7302374171875 0.7050055625 0.72580169375
1 0.7650555515625 0.7284176734375001 0.761125596875 0.7255001390625 0.7549032718750001 0.7288930359375 0.7597424312500001 0.7643342625 0.76132264375 0.7689125953125 0.765571884375 0.77026440625 0.7710408984375 0.7607036828125 0.7714337718750001 0.751380640625 0.7650555515625 0.7284176734375001
1 0.8326623828124999 0.7260274953125 0.8265504375000001 0.71778441875 0.8229029750000001 0.717179815625 0.8146501921875 0.7206677859374999 0.8112484296875 0.7262547781250001 0.8122474390625 0.738614196875 0.8185682890624999 0.7569275265625001 0.82830711875 0.7572469109375 0.8332479421875 0.7391816609374999 0.8326623828124999 0.7260274953125
1 0.88091065 0.753233071875 0.8787816703125 0.7316219187499999 0.8709953484374999 0.718029528125 0.8663900312499999 0.7221221015625 0.86355325 0.7323349609375 0.8674507703125001 0.76006640625 0.8694076374999999 0.76772865 0.872829978125 0.7706699546875 0.876514234375 0.767395896875 0.88091065 0.753233071875
1 0.933169959375 0.7213214156250001 0.9259118296875 0.716233553125 0.9220024515624999 0.7218443140625 0.933169959375 0.7213214156250001
1 0.9374397765625 0.7312015234375 0.9339232734375 0.7274892421875 0.922117190625 0.7311435859375 0.9229278734375 0.74196105 0.9287779015625001 0.7564194890625 0.9353974624999999 0.7646387984375 0.939364209375 0.7636776765625 0.9430852578125 0.7565249609375 0.9374397765625 0.7312015234375
1 0.9716750375000001 0.727272359375 0.9746309171875 0.7472940218749999 0.985536509375 0.752986484375 0.9885616171875 0.7443155828125 0.9868828828125 0.7180310203125 0.981335921875 0.714413809375 0.9746059828125 0.7178304765625 0.9716750375000001 0.727272359375
1 0.955666446875 0.8637146890625 0.9508522203125 0.8577370078125 0.9433321749999999 0.8588645078124999 0.9399304125000001 0.8644514984375 0.9403644375000001 0.8721850484375 0.9423418828125 0.8883755890625 0.952572109375 0.901078159375 0.9562195718750001 0.9016827609375 0.959187309375 0.8883622203125 0.955666446875 0.8637146890625
1 0.8903725640625 0.8683227265625 0.8925383374999999 0.8860552234375 0.8971274390625 0.8943696078125001 0.9044797359375 0.900228446875 0.9109801953125001 0.878213234375 0.9004674734375 0.8631977281250001 0.8957106203125 0.8618696859374999 0.8903725640625 0.8683227265625
1 0.844641790625 0.8324700140625 0.8369334171875 0.8320555562499999 0.83140703125 0.8369666421874999 0.8327459046874999 0.85628863125 0.8368479703125 0.873155078125 0.8461733499999999 0.874269209375 0.8491042953125 0.8648273265625 0.8467296171875001 0.8370245765625001 0.844641790625 0.8324700140625
1 0.7953134234375 0.854939790625 0.7913055250000001 0.8388443203125 0.789217696875 0.8342897578124999 0.781509321875 0.8338753000000001 0.77585198125 0.8418940671874999 0.779413996875 0.8835981890625 0.7824228875 0.8873342390625 0.7915599390625 0.8869064140624999 0.7952604140624999 0.871225403125 0.7953134234375 0.854939790625
1 0.720620575 0.866191015625 0.721242928125 0.8754665218750001 0.7269987953125 0.8891539828124999 0.7374909374999999 0.8956411937500001 0.732275121875 0.85711605625 0.726633996875 0.8527278671875 0.7206941625 0.8584337 0.720620575 0.866191015625
1 0.6778176031250001 0.8961091250000001 0.6806175890625 0.8897749234375001 0.67703935625 0.8604777546875001 0.66899111875 0.8531007265625 0.6583885953124999 0.8582494921875 0.6694132875000001 0.89417648125 0.6778176031250001 0.8961091250000001
1 0.61675674375 0.9144759296875 0.6245181296875 0.8986047734374999 0.621599046875 0.8747044515625 0.6109759453125 0.8713249234375 0.608175959375 0.8776591249999999 0.612826790625 0.91155839375 0.61675674375 0.9144759296875
1 0.5432425140625 0.8977580296875001 0.5441841562499999 0.9054678125000001 0.5587166359375 0.9032365812500001 0.563641240625 0.8975782859375 0.5632602265625 0.8735591218750001 0.5552487828125 0.8623034359374999 0.549628234375 0.86644354375 0.5432425140625 0.8977580296875001
1 0.4305478421875 0.882099296875 0.422614346875 0.8840215406249999 0.4215623234375 0.8879477359375001 0.42728575468749996 0.9264491078124999 0.43358602656249995 0.9362341421875 0.436197684375 0.9283579828124999 0.43702022500000004 0.9058332421875 0.43476028906249997 0.8873297656249999 0.4305478421875 0.882099296875
1 0.3734169375 0.9033836390625 0.36926186250000004 0.902802803125 0.362081678125 0.9108928734375 0.3652464625 0.9409847890625 0.36812439375 0.9478285203124999 0.3777484828125 0.9388486296874999 0.3811870421875 0.9293829812500001 0.37828853281249997 0.9140109546874999 0.3734169375 0.9033836390625
1 0.2956210359375 0.910127834375 0.2909951359375 0.9056921109375 0.27868144375 0.909370225 0.27537384375 0.9157281953125 0.274755846875 0.9273879390624999 0.27613151406249997 0.9428312703125 0.2851213921875 0.9579180796875001 0.2884863609375 0.956209746875 0.296980484375 0.9379781203125 0.2956210359375 0.910127834375
1 0.21852979062500003 0.9602607203125 0.22341324375 0.9375458343749999 0.22017487187499998 0.9152112375 0.21120557031249998 0.908652721875 0.200189596875 0.914596234375 0.2045785125 0.954710865625 0.21852979062500003 0.9602607203125
1 0.5219476625 0.928219834375 0.527060596875 0.9241034953125 0.5176778453125 0.9183397281250001 0.5138052609375 0.920071828125 0.5219476625 0.928219834375
1 0.5007869078125 0.88036125625 0.4915556890625 0.8800181031250001 0.48367956406249996 0.8865899859375 0.48548925625 0.9097668656250001 0.5021550734375 0.950082040625 0.505614209375 0.9491446859374999 0.508409834375 0.921875234375 0.5033823468749999 0.884892053125 0.5007869078125 0.88036125625
1 0.129431059375 0.9497002468750001 0.1202647125 0.8997292765625 0.10935911875 0.8940368140625001 0.102948465625 0.8958877546874999 0.10167132187500001 0.9021506531249999 0.1018640078125 0.9246278578125 0.1083731859375 0.9444831468749999 0.1129622875 0.9527975265625 0.12783463125 0.9575288687500001 0.129431059375 0.9497002468750001