      0/99    0.296G    0.1026   0.06426   0.01598    0.1828       488       640         0         0         0         0   0.09287     0.208   0.02041
      1/99     3.07G    0.1018   0.06253   0.01566      0.18       439       640         0         0         0         0   0.09314    0.1999   0.02001
      2/99     3.07G    0.1034   0.06747   0.01594    0.1868       670       640         0         0         0         0   0.09318    0.1968    0.0197
      3/99     3.07G    0.1002   0.08311   0.01507    0.1983       822       640   0.01064  0.008772 0.0001515 3.029e-05   0.09283    0.1961   0.01949
      4/99     3.07G   0.09707   0.07548   0.01567    0.1882       528       640   0.04295  0.008772 0.0003389 6.778e-05   0.09159    0.1955   0.01937
      5/99     3.07G   0.09632   0.07326   0.01535    0.1849       336       640   0.02923  0.008772 0.0002633 2.633e-05   0.09082    0.1887     0.019
      6/99     3.07G    0.0938    0.0688   0.01562    0.1782       387       640   0.02386   0.01754 0.0005523 7.138e-05   0.08908    0.1934   0.01797
      7/99     3.07G   0.09296   0.07175   0.01446    0.1792       685       640   0.01862  0.008772 0.0001846 1.846e-05   0.08709    0.1976    0.0164
      8/99     3.07G   0.09149   0.07914   0.01291    0.1835       326       640   0.02093   0.01754 0.0004563 4.563e-05   0.08561    0.1922   0.01609
      9/99     3.07G   0.08574   0.07576   0.01236    0.1739       619       640   0.02814   0.01754 0.0005785 5.785e-05   0.08396    0.1903   0.01579
     10/99     3.07G     0.088   0.08012   0.01275    0.1809       440       640   0.06805   0.05263  0.005115 0.0008792    0.0827    0.1977   0.01587
     11/99     3.07G   0.08671     0.084   0.01339    0.1841       315       640   0.08161   0.03509  0.003506 0.0005856   0.08174    0.2031   0.01616
     12/99     3.07G   0.08432   0.08657   0.01233    0.1832       617       640    0.1077   0.04386  0.005313  0.001137   0.08137     0.199   0.01647
     13/99     3.07G   0.08263   0.07441   0.01227    0.1693       733       640   0.07812   0.04386  0.004557 0.0005689   0.08211    0.1951   0.01679
     14/99     3.07G   0.08251   0.09573   0.01273     0.191      1453       640     0.111   0.03509  0.004606 0.0006201   0.08062    0.2093   0.01754
     15/99     3.07G   0.08234   0.08492   0.01128    0.1785       269       640      0.05  0.008772 0.0006886 0.0002066   0.07938    0.2113    0.0189
     16/99     3.07G   0.07807   0.08179    0.0111     0.171       702       640         0         0         0         0   0.07913    0.2058   0.01888
     17/99     3.07G    0.0763   0.08776   0.01218    0.1762       533       640   0.09091   0.01754  0.002049 0.0006148   0.07855    0.2095   0.01899
     18/99     3.07G   0.07987   0.08405   0.01207     0.176       550       640   0.07795  0.008772 0.0008154 8.154e-05   0.07828    0.2014   0.01947
     19/99     3.19G   0.08268   0.08979   0.01008    0.1826       899       640         0         0         0         0   0.07659    0.2161   0.01995
     20/99     3.19G     0.078   0.08562   0.01185    0.1755       707       640     0.375   0.05263   0.03287  0.005569   0.07535    0.2158    0.0193
     21/99     3.19G    0.0733   0.09033   0.01126    0.1749       795       640    0.6516   0.01754   0.01168  0.002864   0.07411    0.2362   0.01889
     22/99     3.19G    0.0749   0.09188     0.012    0.1788       524       640    0.3557   0.04386   0.01807  0.002554   0.07553    0.2328    0.0185
     23/99     3.19G   0.07524   0.08164  0.009881    0.1668       745       640    0.3278   0.03509   0.02302  0.004187   0.07483    0.2292   0.01919
     24/99      3.2G   0.07959    0.1003   0.01149    0.1914       747       640       0.3   0.05263    0.0211  0.003349   0.07504    0.2183   0.01878
     25/99      3.2G   0.06463   0.09865  0.009748     0.173       941       640    0.2847   0.01754  0.006172 0.0009793   0.07621    0.2274   0.01921
     26/99      3.2G   0.08197   0.09716  0.009571    0.1887       627       640    0.5655   0.07018   0.05724  0.009259   0.07591    0.2111    0.0199
     27/99      3.2G   0.06775   0.09197  0.009878    0.1696       783       640    0.5551   0.04386    0.0314  0.008036   0.07429    0.2216   0.02019
     28/99      3.2G   0.07944   0.08755   0.01159    0.1786       375       640    0.4241   0.02632   0.01492  0.001655   0.07746    0.2047   0.01956
     29/99      3.2G   0.09051   0.09868   0.01436    0.2036       332       640       0.5   0.02632   0.01566  0.003757    0.0782     0.205      0.02
     30/99      3.2G   0.07419   0.08933    0.0129    0.1764       568       640    0.3999   0.01754  0.008515  0.002479   0.07305    0.2368   0.01977
     31/99      3.2G    0.0929    0.1022   0.01215    0.2073       419       640    0.9911  0.008772  0.009386 0.0009386   0.07307    0.2452   0.01995
     32/99      3.2G   0.07026   0.09633   0.01196    0.1786       134       640       0.4   0.01754  0.009518  0.005083   0.07216    0.2524   0.02023
     33/99      3.2G   0.08649   0.09489   0.01135    0.1927       273       640         0         0         0         0   0.07312     0.256   0.02085
     34/99      3.2G   0.08855   0.09419   0.01389    0.1966       130       640         0         0         0         0   0.07606    0.2696    0.0237
     35/99      3.2G   0.08268   0.09946   0.01247    0.1946       476       640         0         0         0         0   0.07318    0.2709   0.02565
     36/99      3.2G   0.07544   0.09075   0.01073    0.1769       157       640    0.2821   0.09649   0.04522  0.006932   0.07637    0.2428   0.02154
     37/99      3.2G   0.08592   0.09751   0.01043    0.1939       995       640    0.4591   0.07895   0.04923   0.01276   0.07308    0.2468   0.02012
     38/99      3.2G   0.08833   0.09344   0.01145    0.1932       396       640    0.7928   0.03509   0.03085  0.004002   0.07204    0.2677   0.01825
     39/99      3.2G   0.09762    0.1056   0.01334    0.2166       708       640    0.4518   0.07018   0.04006  0.009328    0.0713    0.2687   0.01877
     40/99      3.2G   0.07478    0.0869   0.01067    0.1724       874       640       0.5   0.07018   0.03759  0.008709   0.07077    0.2599   0.01933
     41/99      3.2G   0.08353    0.1022   0.01161    0.1973       350       640       0.5  0.008772  0.006886  0.001377   0.07114     0.262   0.01971
     42/99      3.2G   0.07179    0.1075    0.0104    0.1897       469       640    0.9549   0.03509   0.03791    0.0114   0.06913    0.2588   0.01891
     43/99      3.2G   0.06259    0.1057  0.008992    0.1773       931       640    0.7424   0.02632   0.02566    0.0112   0.07113    0.2525   0.01894
     44/99      3.2G   0.06876   0.09461   0.01062     0.174       471       640         1   0.03509   0.04009   0.01998   0.06884    0.2642   0.01914
     45/99      3.2G   0.06386    0.1107   0.00824    0.1828       830       640         1   0.03509   0.04009    0.0131   0.06921    0.2695    0.0187
     46/99      3.2G    0.0773   0.09987   0.01044    0.1876       518       640    0.7692   0.08772   0.08816   0.02652   0.06813    0.2599   0.01815
     47/99      3.2G   0.05441   0.09254  0.008838    0.1558       410       640     0.979   0.02632   0.02771  0.005952   0.06927     0.263   0.01798
     48/99      3.2G   0.07398    0.1004  0.009369    0.1837       578       640    0.6137   0.07018   0.04817   0.01068   0.06919     0.265   0.01781
     49/99      3.2G   0.07415    0.1023    0.0122    0.1887       196       640         0         0         0         0   0.07229    0.2725   0.01871
     50/99      3.2G   0.07212    0.1103  0.007514    0.1899       637       640         1   0.02632   0.03132  0.006386   0.06653    0.2822   0.01977
     51/99      3.2G   0.07231    0.1035   0.01007    0.1859       470       640    0.9891  0.008772  0.009386 0.0009386    0.0691    0.2767   0.02008
     52/99      3.2G   0.07463     0.107  0.009302    0.1909       327       640   0.08333  0.008772  0.001148 0.0002295   0.06963    0.2816   0.02029
     53/99      3.2G   0.06942    0.1098  0.008872    0.1881       455       640      0.75   0.02632   0.02474  0.004737     0.067    0.2805   0.01982
     54/99      3.2G   0.07878    0.1024   0.01057    0.1917       876       640         0         0         0         0   0.07378    0.2693   0.01942
     55/99      3.2G   0.06136    0.1045  0.008258    0.1741       147       640    0.8889   0.07018   0.07404   0.01839   0.06715    0.2864   0.01954
     56/99      3.2G   0.09501    0.1046   0.01445    0.2141       741       640    0.5714   0.03509   0.02562  0.007336   0.06736     0.285   0.02042
     57/99      3.2G   0.08321    0.1028   0.01143    0.1975       564       640       0.5   0.03509   0.02004  0.005708   0.06788    0.2956   0.02027
     58/99      3.2G   0.08796    0.1044  0.009715    0.2021       657       640    0.8673    0.0614   0.06098   0.01781     0.067    0.2969   0.01937
     59/99      3.2G   0.09332    0.1105   0.01265    0.2165       431       640    0.4667    0.0614   0.03847   0.01147   0.06565     0.303   0.01925
     60/99      3.2G   0.08983    0.1237   0.01109    0.2246       712       640     0.381    0.1404   0.07332   0.01797   0.06633    0.3037   0.01915
     61/99      3.2G   0.07939    0.1097   0.01176    0.2009       198       640    0.5863    0.1741    0.1125   0.03073   0.06456    0.2975   0.01834
     62/99      3.2G   0.07341    0.1064   0.01374    0.1935       621       640    0.5152    0.1491   0.08566   0.01679   0.06555    0.3032   0.01784
     63/99      3.2G   0.06927    0.1122   0.01073    0.1922       671       640    0.3324    0.1228   0.05585   0.01644   0.06705    0.3053   0.01702
     64/99      3.2G   0.07993    0.1198   0.01004    0.2098       607       640    0.5039    0.2719     0.172    0.0388   0.06538    0.3048   0.01652
     65/99      3.2G   0.07869     0.106    0.0115    0.1962       303       640    0.2429    0.1491   0.04007  0.007047   0.06796    0.2992   0.01681
     66/99      3.2G   0.06683    0.1101  0.009854    0.1867      1196       640     0.646    0.2632    0.2137   0.05358   0.06353    0.2976   0.01722
     67/99      3.2G   0.08604   0.09742   0.01173    0.1952       498       640    0.5938    0.3333    0.2467   0.05396   0.06408    0.2939   0.01747
     68/99      3.2G     0.082    0.1089   0.01021    0.2012       801       640    0.6615    0.3772    0.2676   0.06176   0.06271    0.2994   0.01737
     69/99      3.2G   0.06508    0.1242  0.009745     0.199       969       640    0.3474    0.2456   0.09207    0.0186   0.06655    0.2985    0.0174
     70/99      3.2G   0.06677    0.1039  0.008898    0.1796      1007       640    0.6598     0.386    0.2784   0.06701   0.06293    0.3108   0.01762
     71/99      3.2G   0.08775    0.1111   0.01132    0.2102       652       640     0.482    0.3333    0.1887   0.03364   0.06518    0.3081   0.01765
     72/99      3.2G   0.09239    0.1042   0.01264    0.2092       832       640    0.4632    0.3333    0.1703   0.03095   0.06491    0.3182    0.0179
     73/99      3.2G   0.08495    0.1042   0.01076    0.1999       540       640     0.786    0.2281    0.2022   0.04283   0.06261    0.3177   0.01771
     74/99      3.2G   0.09126    0.1186   0.01149    0.2213       184       640    0.4137    0.1667    0.1021   0.02236   0.06646    0.3148   0.01763
     75/99      3.2G   0.08143    0.1064   0.01214       0.2       394       640    0.4286    0.2105   0.09966   0.02019   0.06444    0.3232   0.01783
     76/99      3.2G   0.08237    0.1071   0.01084    0.2003      1001       640    0.3929     0.193   0.08317   0.01628   0.06428    0.3308   0.01795
     77/99      3.2G   0.08185    0.1223   0.01071    0.2148       654       640    0.5224     0.307    0.1825   0.04634   0.06252    0.3316   0.01798
     78/99      3.2G   0.09546     0.102   0.01282    0.2103       945       640    0.5735    0.3421    0.2157   0.05757   0.06174    0.3286    0.0182
     79/99      3.2G   0.08868    0.1081   0.01251    0.2093       535       640    0.5495    0.4386     0.264     0.064   0.06217    0.3269   0.01822
     80/99      3.2G   0.08684    0.1218   0.01146    0.2201       580       640    0.5791    0.4211    0.2693   0.06995    0.0612    0.3284   0.01815
     81/99      3.2G   0.08107    0.1073   0.01058    0.1989       961       640       0.5    0.4035    0.2279   0.04725   0.06252    0.3325   0.01785
     82/99      3.2G   0.07162    0.1221  0.009565    0.2033      1152       640    0.5426    0.4474     0.267   0.06049   0.06178    0.3362   0.01768
     83/99      3.2G   0.09406    0.1131    0.0124    0.2195       787       640    0.5506    0.4298    0.2715   0.05775   0.06197     0.336   0.01751
     84/99      3.2G   0.08779    0.1221   0.01121    0.2211       651       640    0.4388    0.3158     0.149    0.0275   0.06275    0.3403   0.01763
     85/99      3.2G   0.08628    0.1149   0.01349    0.2146       762       640    0.3967    0.2895     0.125   0.02478    0.0629    0.3388   0.01782
     86/99      3.2G   0.07807    0.1088   0.01055    0.1974       648       640    0.4884    0.3684    0.2051   0.04614   0.06168    0.3367    0.0181
     87/99      3.2G   0.07815    0.1115   0.01131    0.2009       434       640    0.5478    0.3509    0.2243   0.06201    0.0602    0.3358   0.01845
     88/99      3.2G   0.08069    0.1021  0.009461    0.1923       524       640    0.6094    0.3333    0.2275   0.06132   0.05988    0.3375   0.01852
     89/99      3.2G   0.08295     0.119    0.0111     0.213      1221       640    0.5462    0.3333    0.2043    0.0546   0.06018    0.3389   0.01853
     90/99      3.2G   0.08806    0.1153   0.01043    0.2138       578       640    0.4822    0.2533    0.1308   0.03398   0.06119    0.3428   0.01853
     91/99      3.2G   0.08917     0.128   0.01084     0.228      1128       640    0.4249    0.2544    0.1122   0.02608   0.06223    0.3431   0.01861
     92/99      3.2G   0.09317    0.1097   0.01253    0.2154       461       640    0.4923    0.2807    0.1517   0.03511   0.06149    0.3421   0.01862
     93/99      3.2G   0.07368    0.1127  0.009288    0.1956       402       640    0.5556    0.3509    0.2088   0.04878   0.06124    0.3384    0.0187
     94/99      3.2G    0.0815    0.1212   0.01104    0.2137       563       640     0.557     0.386    0.2363   0.06013   0.06092    0.3378   0.01871
     95/99      3.2G   0.08964    0.1225   0.01263    0.2247       635       640    0.4138    0.3158    0.1479   0.03164   0.06248    0.3393   0.01877
     96/99      3.2G   0.08764    0.1038   0.01165     0.203       182       640    0.4367    0.3128    0.1519   0.02855   0.06234    0.3402     0.019
     97/99      3.2G   0.07483    0.1118  0.009871    0.1965      1066       640    0.5513    0.3684     0.214    0.0601   0.06087    0.3328   0.01905
     98/99      3.2G   0.08692    0.1021   0.01122    0.2002       630       640    0.5309    0.3772    0.2082   0.04453   0.06206     0.329   0.01916
     99/99      3.2G   0.08687    0.1159   0.01121     0.214       916       640     0.507    0.3158    0.1834   0.04173    0.0619    0.3284   0.01937
